3350
8 15 14 4
3590
10 14 11 9
1330
10 19 14 19
3080
19 8 12 9
910
5 12 20 11
3680
11 15 15 5
1190
14 0 15 14
2550
13 14 7 20
3740
14 5 16 13
3070
6 10 4 11
1710
15 19 16 5
4050
1 6 13 17
1380
4 17 19 11
4320
1 14 2 11
3300
4 5 16 3
2310
6 13 14 17
780
17 18 14 1
3900
15 7 12 17
1870
12 12 4 20
3910
10 4 15 8
2280
16 15 1 14
2310
0 18 9 13
1970
6 14 8 2
4320
19 15 19 4
660
13 17 5 16
3010
17 10 3 6
4660
7 7 8 13
1060
19 6 6 20
3190
13 1 1 19
4590
15 10 6 20
2750
17 5 17 6
4510
20 11 19 13
2850
1 11 0 15
3970
1 0 11 7
3530
15 2 2 12
120
3 10 7 9
3790
17 2 20 5
3690
18 14 2 20
940
15 5 8 8
1680
0 1 10 20
1510
1 1 20 8
3070
16 12 8 13
2300
6 0 3 6
500
15 7 0 20
1630
4 14 20 13
3290
13 12 19 18
4490
10 9 4 14
360
10 18 7 6
3450
4 5 9 18
2160
10 17 10 9
2210
0 0 19 18
940
0 13 13 3
3570
6 9 8 12
4470
11 12 8 13
1650
10 10 7 12
2020
1 20 18 14
4650
10 19 17 12
3610
18 14 11 11
4750
5 17 9 13
450
19 9 6 11
4020
20 3 14 19
710
9 2 1 18
3400
0 5 8 17
3760
2 12 20 17
860
12 2 9 1
20
2 9 6 20
580
12 18 20 15
4260
13 1 20 17
4290
9 6 4 17
210
7 16 20 20
1910
8 9 20 12
3710
17 5 5 12
3910
7 11 4 16
5000
9 12 18 10
1730
17 8 13 12
2530
0 17 12 1
1230
20 7 10 1
4430
15 0 16 18
920
2 4 3 3
1570
15 17 11 13
2960
6 8 18 14
3570
16 17 13 20
3600
0 17 5 17
2530
14 20 9 2
4740
10 6 13 14
2080
12 12 17 9
4740
9 0 13 7
2900
7 8 13 16
2040
4 5 20 10
3790
13 16 12 15
3820
3 20 7 10
1090
13 2 15 6
3860
2 2 20 17
1460
6 10 1 8
3700
15 19 15 15
3890
20 8 12 15
3320
13 8 15 20
4590
20 7 7 17
3870
4 15 12 12
2230
20 5 0 14
2300
3 6 7 14
4910
10 3 0 13
2040
19 2 6 8
3140
4 8 3 15
3710
7 20 5 20
2540
19 17 19 15
710
18 8 15 6
4500
7 8 20 17
540
8 4 13 17
3470
10 12 12 11
1470
16 3 20 0
1100
20 10 5 18
2220
5 17 5 5
3410
8 6 11 6
2080
12 11 12 18
3050
5 12 16 3
3760
20 18 11 14
2020
14 7 6 9
2720
7 4 8 4
3740
11 19 16 16
4540
11 12 13 17
3480
6 14 6 12
260
10 20 15 14
2230
5 8 10 8
4040
19 12 6 14
910
5 12 20 11
3990
8 17 1 14
1000
5 1 20 2
3910
11 18 11 6
4400
6 7 6 7
940
8 1 14 20
4650
8 20 19 4
660
1 2 17 5
4470
20 2 19 11
1200
9 4 9 11
3600
19 10 20 7
2050
6 14 9 13
2730
4 14 10 17
4340
7 8 7 12
810
9 20 9 13
2720
7 4 8 4
3150
0 8 0 7
4490
20 0 9 14
1930
2 2 5 17
4940
20 12 11 9
3170
14 19 19 10
2480
17 14 14 15
4100
3 11 7 17
3170
15 9 2 8
2970
14 20 14 8
3970
7 4 10 8
3140
11 1 12 13
1280
1 16 12 5
420
10 10 2 14
1760
6 9 16 16
3480
18 19 11 8
3330
11 13 2 20
4840
0 16 10 10
1490
0 17 0 10
3070
4 17 13 9
4120
20 10 17 10
4210
15 15 2 13
4490
8 16 13 16
4150
0 10 3 9
4370
0 12 8 15
4340
13 16 12 20
3410
14 12 8 14
4700
7 10 4 12
3610
11 20 16 8
220
8 14 5 16
1630
11 18 14 9
4320
4 19 7 19
4400
19 13 6 20
3730
9 3 7 7
1420
8 8 3 7
2300
3 6 7 14
3190
6 0 5 8
1920
0 6 5 19
3940
16 7 8 10
3470
18 16 19 19
4720
8 17 0 9
2460
4 3 3 4
3870
9 11 8 8
3170
13 14 11 15
3210
5 17 15 14
2050
7 16 0 15
1110
3 17 11 7
3240
7 9 8 16
730
2 16 20 2
30
7 9 19 0
160
16 17 2 10
4120
13 9 2 9
2130
5 3 0 5
3160
16 6 18 14
4670
2 10 9 10
4160
18 13 20 6
2050
1 11 16 10
4540
9 11 10 12
4070
6 9 10 12
3880
18 5 9 17
2250
6 0 17 11
4690
16 8 12 12
4400
11 3 8 15
50
10 11 15 8
4330
13 0 14 19
1580
1 15 17 5
3160
14 10 15 5
2130
4 17 3 11
3280
13 11 17 7
3920
14 2 16 10
2020
5 2 17 20
590
6 19 19 15
1000
5 1 20 2
1380
7 8 12 2
4690
12 14 13 10
2770
1 1 2 20
3940
2 1 19 16
3960
11 5 2 10
3030
9 11 5 20
3300
4 5 16 3
2860
18 1 6 8
2470
13 18 8 6
4090
10 7 11 14
3080
1 8 16 12
3150
13 6 17 11
3420
5 0 19 6
1300
7 12 15 16
1420
17 1 20 4
3790
1 10 12 6
940
18 10 9 0
3230
17 10 16 2
2980
18 15 0 18
3970
8 5 17 10
3170
15 18 20 14
4020
20 3 14 19
3450
18 3 19 19
140
15 3 8 19
2460
10 10 19 10
3870
6 4 16 10
4310
11 4 11 10
4790
16 9 6 8
2850
3 1 20 17
1090
5 13 20 18
4680
9 1 20 6
4460
13 20 18 5
3760
17 11 18 5
2760
13 8 6 11
4230
2 2 5 17
1100
10 7 3 13
3980
19 18 17 5
3690
18 11 5 6
430
19 12 10 20
4500
7 10 3 9
1240
0 15 20 11
3710
20 6 11 10
860
18 2 11 17
1020
0 10 15 19
3940
2 18 3 16
750
4 2 6 11
4880
9 16 20 19
1510
16 2 6 15
3170
9 12 15 18
4020
20 3 14 11
3650
14 3 16 6
1290
2 11 5 4
1090
1 16 18 4
4320
2 16 10 19
4920
8 4 1 18
1650
14 3 12 14
4290
1 9 9 14
4090
1 13 6 13
480
16 10 14 12
3100
17 8 5 15
4890
11 18 1 15
2020
1 20 18 14
150
2 8 10 0
860
13 9 20 16
780
14 7 18 15
1010
2 3 9 16
4520
12 9 1 17
1320
2 19 7 4
460
18 13 9 7
1170
4 9 18 18
3870
7 8 11 13
4760
5 13 18 6
3710
0 5 0 16
500
15 7 0 20
670
7 5 6 11
820
8 10 15 3
1280
1 16 12 5
2950
9 17 19 7
1510
0 18 8 2
4490
20 0 9 14
930
8 19 11 5
2980
18 15 0 18
2910
17 13 14 15
250
2 13 19 10
4940
19 18 17 13
250
4 20 14 20
3070
8 17 17 14
40
14 17 3 7
4420
18 5 11 10
3130
18 1 11 4
4380
15 2 13 9
1380
4 17 19 11
2120
8 8 20 20
2430
20 6 8 17
4090
13 6 18 12
4890
9 2 4 12
4090
13 6 18 12
260
16 15 15 19
4560
17 5 18 7
770
14 11 17 15
2720
7 4 8 4
3620
13 9 18 11
1460
12 7 6 17
3180
6 11 20 3
300
18 17 16 17
3630
12 8 10 13
2390
2 1 9 7
3150
0 8 0 7
3170
15 18 20 14
3310
3 13 20 4
1100
10 7 3 13
4660
16 17 12 12
1540
15 19 16 18
4440
17 19 8 14
700
1 13 17 9
4160
18 13 20 6
4840
15 1 12 14
70
6 5 1 9
710
9 2 1 18
200
18 14 16 0
860
12 2 9 1
2040
19 16 8 13
3240
16 18 17 4
4240
16 9 3 20
3880
18 5 9 17
3240
2 11 8 16
420
3 9 9 19
4300
6 8 5 18
3420
9 4 14 18
3010
17 19 18 13
4410
15 5 3 9
2750
17 5 17 6
930
2 8 2 4
2100
5 9 5 11
170
17 8 5 4
3050
18 15 20 1
4340
7 15 1 16
3030
20 8 8 19
3250
10 4 11 18
540
8 0 3 13
3970
18 15 20 6
3950
1 17 19 10
3130
2 0 0 17
1170
4 9 18 18
3240
0 16 0 18
1150
5 6 5 4
10
0 1 0 2
700
1 13 17 9
2190
11 14 14 7
3720
16 12 11 4
1250
7 18 20 8
4480
13 4 5 16
3080
1 8 16 12
890
0 16 7 6
830
16 16 8 16
750
9 4 9 1
4530
13 17 6 7
3430
3 9 11 16
570
12 17 2 8
110
9 20 20 3
970
0 12 14 13
100
13 3 9 11
3130
18 0 20 15
1410
20 5 12 3
3250
12 12 5 18
780
20 3 7 9
4810
0 5 12 8
4430
14 3 20 16
4410
16 6 3 12
2470
13 18 8 6
3710
11 20 20 5
2490
9 10 7 6
4270
19 7 20 12
250
0 13 18 14
3390
0 20 3 13
1010
14 20 18 2
2580
4 4 18 7
3470
7 5 10 7
2930
0 6 6 14
4130
16 7 18 11
3380
0 3 19 18
2440
10 1 8 17
3410
6 11 9 13
4750
16 6 2 17
4760
11 10 3 18
1930
13 7 5 7
850
1 11 11 11
880
8 1 11 15
4790
0 5 14 14
4820
1 14 7 13
130
15 2 13 6
1730
14 13 13 2
4660
7 7 8 13
3060
10 13 6 5
4310
10 20 19 12
3150
10 15 11 19
2960
6 8 18 14
3690
11 13 12 5
4280
2 15 6 17
4160
10 18 5 8
2870
17 8 0 10
3410
18 8 1 20
4280
0 9 0 19
3240
7 9 8 16
2980
18 15 0 18
1630
19 19 13 0
740
13 13 17 6
30
7 9 19 0
2000
19 0 18 10
640
18 16 14 15
2670
20 13 17 3
640
18 16 14 15
570
12 17 2 8
3660
2 10 18 3
1090
13 2 15 6
3900
15 7 12 17
4780
20 11 2 10
3170
10 5 15 18
3950
0 1 15 9
3150
14 20 4 10
4710
8 15 20 5
4940
2 20 15 13
1010
11 13 14 18
4230
10 9 9 13
660
8 11 12 8
2280
1 5 17 16
3060
14 5 18 17
4780
20 11 2 10
720
3 6 20 19
4280
19 12 2 9
780
9 6 14 16
3600
16 16 15 18
670
7 11 14 9
3340
1 8 6 13
1630
19 19 13 0
3860
13 17 15 17
3080
14 10 2 7
1430
4 18 20 6
3840
1 18 14 18
4240
6 1 17 7
1360
9 11 17 5
1680
19 16 6 15
3860
5 13 2 10
4760
5 7 13 18
1290
2 11 5 4
3980
19 18 17 5
3910
14 8 3 7
4520
4 0 16 17
2000
1 16 2 2
2230
20 5 0 14
4280
19 12 2 9
4380
11 8 10 10
1330
18 2 6 9
4240
7 10 19 16
4140
10 19 20 10
4890
4 1 0 10
3910
13 18 20 7
2000
1 16 2 2
4360
11 18 0 19
1960
14 20 16 15
3760
17 11 18 5
3420
5 0 19 6
120
7 14 9 10
2050
14 13 9 4
4610
10 3 15 8
3790
10 1 15 6
3290
15 2 1 13
3580
0 10 3 19
3180
18 19 19 11
1710
12 0 2 14
4760
11 10 3 18
4590
18 2 15 19
2670
7 8 1 19
670
7 11 14 9
4660
16 17 12 12
2130
4 17 3 11
2420
15 4 6 8
4100
8 18 4 18
3840
12 9 9 14
3960
10 9 2 20
3300
0 20 13 12
2930
5 2 11 19
200
11 1 15 14
420
10 10 2 14
4520
2 11 11 12
4100
10 7 18 16
3990
14 3 15 5
2130
4 17 3 11
1770
19 15 17 0
1310
12 15 3 19
3090
4 11 17 12
3610
5 16 8 5
3090
4 11 17 12
4460
15 13 13 9
3400
0 10 3 20
4870
9 13 16 18
3040
18 16 7 14
4610
10 3 15 8
4920
8 4 12 10
4490
8 16 13 16
4800
20 3 4 19
4740
2 0 17 11
4730
5 16 3 10
3040
12 0 15 16
4050
10 5 20 9
980
0 12 14 15
1190
2 1 14 3
1550
8 13 16 16
3900
15 7 12 17
2090
13 2 12 19
380
15 6 10 1
210
15 4 16 12
4460
12 17 3 18
770
14 14 19 14
2490
9 10 7 6
2470
0 1 15 16
4840
15 1 12 14
260
14 19 16 0
3600
0 17 5 17
2340
3 8 8 3
3160
15 8 20 2
3300
19 12 1 16
580
15 1 19 15
4360
1 10 18 14
190
8 19 8 17
3570
0 12 7 12
1280
20 11 19 4
1980
9 7 2 15
570
12 17 2 8
3060
14 11 13 7
160
16 17 2 10
3690
20 18 13 14
3460
0 15 4 6
4980
17 13 1 17
2170
8 14 12 12
4330
9 2 17 11
1470
16 3 20 0
3120
7 6 16 18
1840
19 20 11 4
4850
7 15 8 20
3430
5 0 6 15
4250
8 6 1 10
930
8 19 11 5
750
9 4 9 1
3130
4 10 6 13
3830
10 20 15 12
4340
7 8 7 12
3860
11 13 11 6
240
1 18 20 20
4040
2 14 10 6
1040
4 14 14 9
3960
16 17 12 5
1730
17 19 18 2
230
12 10 17 20
1510
16 9 20 13
1520
20 3 14 17
3240
16 18 17 4
1010
10 1 7 14
3990
14 18 19 19
460
18 13 9 7
1160
18 4 14 5
4300
11 1 19 6
3340
7 14 17 18
2900
7 8 13 16
1670
19 14 3 9
1070
11 9 15 7
330
18 0 2 9
3050
8 0 18 8
2030
10 11 5 19
4890
11 8 5 15
3670
0 13 8 20
4860
4 12 10 18
3300
13 2 15 8
860
8 5 8 5
4150
0 10 3 9
4840
0 16 10 10
2660
12 7 5 8
3170
9 12 15 18
2390
1 12 20 15
720
3 6 20 19
2510
14 20 15 9
220
8 14 5 16
3760
11 4 10 18
2930
5 2 11 19
3960
19 11 3 11
860
18 2 11 17
4600
14 20 10 7
880
14 11 20 2
600
10 3 2 10
4290
3 4 7 12
4610
20 19 0 7
1960
20 7 15 19
3040
14 14 19 20
4960
9 10 5 8
1150
7 4 11 3
750
4 2 6 11
4200
12 5 11 15
1720
17 2 15 6
2020
19 3 6 13
640
1 0 9 17
3360
10 3 20 14
4240
16 9 3 20
4940
6 1 14 10
3960
1 18 14 6
3240
13 12 11 10
320
1 17 14 11
780
14 7 18 15
220
16 4 3 5
4460
17 20 4 16
3200
8 15 6 10
4710
18 19 6 12
4130
11 8 12 15
3710
16 3 10 20
130
15 2 13 6
3170
0 7 16 15
390
0 9 7 8
3860
2 2 20 17
410
9 4 6 1
1970
2 0 16 12
4470
19 2 13 10
4000
4 12 7 14
70
9 20 16 4
1050
15 20 17 11
120
7 14 9 10
4100
9 20 20 15
1630
4 14 20 13
3860
10 7 7 9
3920
9 13 12 7
1160
8 15 12 18
2770
1 1 2 20
1510
16 9 20 13
1580
1 15 17 5
3680
9 3 4 13
2910
17 13 14 15
730
9 11 0 6
260
3 15 2 15
3870
7 8 11 13
3970
8 5 17 10
2340
10 6 4 14
3140
2 19 16 20
3050
8 0 18 8
4340
16 16 4 9
1730
16 20 16 16
4440
17 19 8 14
3900
12 14 17 10
730
9 11 0 6
3240
13 3 2 17
1680
0 1 10 20
2560
5 11 1 11
4650
8 1 8 15
3440
11 4 15 13
1210
20 8 17 17
1270
16 15 15 0
1880
17 4 11 13
260
3 15 2 15
260
9 1 5 6
4080
18 16 5 10
870
15 11 6 3
4840
18 17 11 19
4280
19 3 6 14
3140
6 18 17 12
1730
16 20 16 16
1930
2 2 5 17
3820
6 4 15 7
3930
2 13 9 17
3860
5 15 15 8
2810
1 10 5 8
410
8 7 1 0
2890
20 11 5 16
4610
8 5 10 14
3530
8 18 1 17
4830
18 2 7 11
3370
17 9 8 4
3760
9 4 12 14
3980
16 18 19 20
4440
14 9 11 20
1540
16 4 9 12
320
3 5 8 1
1040
11 7 13 5
3790
19 2 3 18
3710
20 1 14 19
4160
8 7 8 20
3410
16 10 3 17
680
11 17 14 3
4130
16 7 18 11
1760
5 3 6 11
360
10 18 7 6
4720
3 17 18 13
950
19 10 2 13
2900
7 8 13 16
4820
1 14 7 13
5000
20 20 20 20
4270
5 2 1 13
3220
4 9 12 20
660
6 1 4 11
3270
4 1 19 16
290
14 18 4 9
4260
13 1 20 17
4920
5 17 6 13
330
5 4 12 15
2390
18 15 7 14
3580
0 10 3 19
3920
20 3 9 6
3990
16 0 1 14
3330
11 7 16 4
3700
16 3 20 18
250
4 20 14 20
2730
4 14 10 17
1540
16 4 9 12
2340
10 6 4 14
4520
4 0 16 17
2460
8 12 9 7
820
8 10 15 3
4320
5 12 17 16
490
14 2 8 16
1720
12 14 10 19
3720
3 9 9 11
1650
10 10 7 12
4670
10 19 6 14
3290
5 12 6 14
4150
3 17 8 16
3390
7 0 19 19
3120
7 6 16 18
3310
3 14 18 3
260
14 19 16 0
3350
6 6 0 15
2850
1 11 0 15
3610
5 9 15 19
2510
15 7 6 10
4870
10 18 2 10
3470
10 20 11 14
3210
5 17 15 14
1350
4 18 15 16
3140
18 12 13 9
4840
3 6 9 10
4740
19 11 15 10
720
6 2 16 8
2890
20 11 5 16
670
4 14 3 6
580
12 18 20 15
2640
14 0 15 13
2470
13 18 8 6
4820
13 17 9 17
930
8 19 11 5
4080
10 14 20 11
550
20 16 2 10
420
17 15 4 11
1650
14 3 12 14
3340
11 10 13 16
3600
11 15 4 13
1880
8 7 6 2
2960
0 18 0 7
4980
8 18 6 10
1610
6 11 16 13
3990
8 17 14 7
3700
10 5 12 20
1820
19 1 17 9
3120
20 0 15 9
1660
10 16 8 6
370
8 16 4 3
4920
10 2 19 10
1470
16 3 20 0
4870
0 9 8 10
3240
0 16 0 18
3060
5 19 4 19
320
11 5 18 9
2800
20 17 15 12
2380
17 10 17 9
4660
15 14 10 14
3450
2 19 2 17
4210
15 15 2 13
430
19 12 10 20
890
6 7 2 11
450
19 9 6 11
3820
2 13 17 7
550
20 16 2 10
1380
7 8 12 2
3070
18 6 12 18
3670
18 16 13 19
3670
0 13 8 20
1510
0 18 8 2
3020
7 20 3 7
3300
11 0 15 7
690
4 4 19 15
950
19 10 2 13
4210
14 20 10 10
4920
3 5 18 10
4780
11 0 7 13
3940
2 1 19 16
3520
12 4 12 6
3180
6 11 20 3
1010
4 0 11 16
780
18 10 15 9
10
1 0 0 0
3520
0 1 3 7
4780
1 17 10 7
4520
19 19 8 17
2440
10 1 8 17
4130
19 9 10 10
920
2 4 3 3
2930
5 2 11 19
3790
3 5 19 9
1090
5 17 12 1
1540
7 12 5 6
3690
12 13 19 19
1190
5 15 20 11
3020
2 1 17 9
1880
8 7 6 2
340
5 1 14 6
460
7 15 8 20
4170
3 10 7 16
3940
2 1 19 16
4820
9 9 18 9
590
6 19 19 15
3910
13 18 20 7
3190
18 17 16 20
2850
1 11 0 15
4550
17 1 1 9
2340
10 6 4 14
1900
17 10 8 8
3840
20 15 3 16
4160
19 0 11 15
4140
6 5 3 9
3650
14 3 16 6
4750
10 13 5 13
3670
10 20 5 8
4100
2 0 6 13
2210
11 7 7 16
1560
3 19 17 16
4780
17 1 0 18
2640
14 0 15 13
2870
0 8 3 6
1010
11 13 14 18
510
3 16 8 17
4340
20 12 7 14
2750
3 5 7 6
3890
4 5 12 8
2460
8 12 9 7
2840
14 6 12 13
4970
10 8 4 16
3640
1 12 16 3
1510
11 12 9 20
4460
12 17 3 18
1310
12 15 3 19
1540
14 7 1 2
3860
20 0 13 20
1560
3 19 17 16
4240
13 12 4 13
3170
15 18 20 14
3180
6 11 20 3
4730
14 8 7 18
250
2 13 19 10
1010
10 1 7 14
2760
16 13 6 7
3870
9 11 8 8
3020
2 1 17 9
1510
0 18 8 2
3940
17 16 9 15
730
9 11 0 6
4180
6 19 5 11
1600
6 9 14 8
4790
16 9 6 8
4040
4 7 9 6
1580
1 15 17 5
1380
7 8 12 2
2190
11 14 14 7
2100
10 6 2 20
420
17 15 4 11
3350
18 1 17 11
4770
19 9 18 18
220
8 14 5 16
1210
20 8 17 17
3860
13 17 15 17
3870
15 5 11 7
770
14 11 17 15
3300
4 5 16 3
1670
19 14 3 9
1110
7 10 16 12
1770
19 15 17 0
1420
4 12 18 5
3790
4 1 4 20
2730
4 14 10 17
960
18 10 7 17
220
4 15 2 6
3860
5 15 15 8
660
6 1 4 11
1210
9 17 12 2
1540
16 4 9 12
1010
18 15 15 15
2520
12 18 14 8
4520
12 9 1 17
320
15 2 12 3
3100
19 11 8 12
4070
11 15 8 11
2560
16 7 7 11
4150
11 14 18 8
1010
13 20 10 17
4290
9 6 4 17
3580
9 4 20 10
4420
19 12 18 5
3720
3 9 9 11
2210
8 15 16 1
3920
2 13 6 13
4110
6 3 7 12
3590
6 14 14 7
890
0 16 7 6
4840
18 5 5 9
3280
3 2 10 6
4670
1 16 10 7
1010
2 3 9 16
3150
20 3 12 14
4230
13 20 20 12
3120
20 0 15 9
380
16 8 5 5
4320
2 16 10 19
4160
19 0 11 15
3690
12 15 12 13
280
15 10 0 16
3290
6 15 19 7
2910
17 13 14 15
2450
9 15 11 16
3090
9 5 8 8
3310
14 8 12 7
2860
18 1 6 8
1740
5 19 16 3
3760
13 11 18 11
3870
16 9 16 10
2880
2 20 11 14
4300
10 20 18 4
1540
16 4 9 12
2800
20 17 15 12
3990
17 9 4 19
30
5 5 16 14
260
9 1 5 6
4230
20 3 19 7
1090
14 17 4 4
4250
6 11 8 13
1420
17 1 20 4
580
15 1 19 15
2510
15 7 6 10
4260
13 1 20 17
3230
17 10 16 2
950
10 7 8 8
1470
17 9 17 8
860
13 9 20 16
4040
16 12 13 8
3570
0 12 7 12
3080
16 4 20 8
3580
0 1 18 12
950
16 17 11 2
3770
19 13 8 5
3430
3 9 11 16
1350
4 18 15 16
260
3 10 5 20
4150
12 9 1 13
1740
12 0 1 12
2940
5 13 11 13
380
15 6 10 1
4760
5 13 18 6
4280
18 14 2 12
4390
8 4 1 18
940
8 1 14 20
220
7 20 6 17
3350
1 9 4 20
4510
14 14 4 9
4140
18 9 4 9
3390
1 5 10 12
1230
9 9 15 5
4800
16 11 9 14
3280
13 11 17 7
4050
1 2 19 12
3450
16 4 6 5
3060
5 7 12 4
2020
5 2 17 20
3830
6 6 2 8
4310
5 9 18 5
2990
3 15 19 8
3820
12 11 19 4
3100
17 17 16 12
4980
8 18 6 10
4100
8 9 7 20
3140
2 19 16 20
4680
9 1 20 6
3110
9 13 14 5
3640
10 15 12 16
4180
11 3 3 12
2570
10 15 14 6
4790
0 5 14 14
3260
18 19 9 19
3130
4 10 6 13
3290
3 14 4 7
3140
2 6 1 12
380
16 8 5 5
3460
0 15 4 6
3920
8 20 6 8
3170
16 8 5 8
570
12 17 2 8
4400
11 3 8 15
2020
19 3 6 13
3240
11 7 18 12
4350
7 3 0 18
1410
20 5 12 3
3080
14 10 2 7
4790
10 16 2 11
4870
10 18 2 10
4130
19 9 10 10
4830
4 8 14 19
3020
18 4 13 9
3210
14 5 5 13
4850
20 8 13 16
4400
19 13 6 20
4200
12 20 18 19
3640
10 15 12 16
160
11 18 17 16
4430
7 4 18 9
110
9 20 20 3
4300
14 18 8 8
3190
18 17 16 20
3960
1 18 14 6
3720
3 9 9 11
1730
16 20 16 16
3990
8 17 14 7
3820
2 13 17 7
4250
6 11 8 13
3060
5 19 4 19
3890
4 5 12 8
4600
2 17 6 20
3600
1 11 5 7
3940
17 16 10 15
4480
12 16 3 19
3090
12 0 14 5
3370
10 7 13 12
3060
14 5 18 17
4000
2 12 7 12
1730
5 5 15 6
3140
4 8 3 15
3810
6 8 1 15
2490
9 10 7 6
3410
14 12 8 14
4150
16 19 1 18
1730
7 12 9 3
3240
8 7 2 9
4150
4 15 10 9
4390
2 15 6 14
2100
10 6 2 20
3590
16 13 16 14
3200
14 8 5 6
3130
18 1 11 4
4830
4 8 14 19
3640
16 12 11 20
2210
0 0 19 18
3840
8 18 11 10
4070
6 9 10 12
3830
11 15 0 7
3840
20 15 3 16
2210
11 7 7 16
3910
7 6 4 9
3520
11 5 17 4
3130
18 1 11 4
2470
13 18 8 6
20
2 9 6 20
3150
20 3 12 14
3900
0 13 13 16
880
8 1 11 15
4800
13 19 1 13
2720
7 4 8 4
4940
2 20 15 13
340
5 1 14 6
3540
5 3 13 20
4260
1 15 6 9
3300
19 12 1 16
4640
18 11 2 8
4670
13 5 20 10
1190
14 0 15 14
3700
10 5 12 20
3890
4 5 12 8
4590
20 7 7 17
3890
14 5 6 18
3790
12 20 2 19
4000
20 4 13 14
4290
9 6 4 17
2130
13 19 0 14
3990
8 17 14 7
3030
20 8 8 19
4000
2 12 7 12
4770
10 14 18 18
3140
6 18 17 12
1010
11 13 14 18
3660
13 17 20 14
3140
0 2 18 6
4540
16 0 10 18
4140
5 13 17 16
3370
17 9 8 4
750
4 2 6 11
2410
7 7 3 7
1730
17 19 18 2
4560
11 20 12 14
3780
5 1 18 12
3190
12 11 20 3
4500
7 10 3 9
2020
19 3 6 13
4450
12 0 7 13
1340
1 14 14 3
2020
19 3 6 13
1230
9 9 15 5
4610
20 19 0 7
4010
17 16 4 18
4100
8 18 4 18
4040
4 7 9 6
3460
20 10 20 13
3720
3 9 9 11
4980
13 12 11 17
4800
3 16 20 14
4420
18 5 11 10
2160
10 17 10 9
3700
14 19 4 6
4350
11 1 15 10
4450
19 9 18 12
4800
16 11 9 14
4710
8 15 20 5
1530
2 0 1 4
3260
0 2 2 19
3050
6 17 16 11
4410
11 3 19 16
3900
16 1 17 14
3340
11 10 13 16
3470
18 16 19 19
2680
9 16 4 7
3410
8 6 11 6
4530
7 8 17 20
3280
13 11 17 7
3960
0 16 19 13
3010
5 7 13 6
3700
14 19 4 6
4430
6 17 6 13
370
8 16 4 3
3610
11 20 16 8
4560
17 13 12 11
3260
20 13 3 8
3860
2 2 20 17
4350
7 3 0 18
3920
7 19 19 18
3970
8 5 17 10
3900
16 1 17 14
4820
11 13 7 7
3340
7 14 17 18
3560
7 16 7 15
3590
16 13 16 14
4770
11 3 0 18
4680
6 15 11 7
2750
3 5 7 6
3870
10 11 15 14
3930
1 10 2 13
4250
14 11 8 14
2040
19 2 6 8
4160
19 0 11 15
4200
14 18 20 19
3730
15 1 7 19
4400
6 7 6 7
1110
16 11 8 9
4720
8 17 0 9
4660
15 14 10 14
3500
7 7 16 17
3740
7 16 18 10
3290
3 14 4 7
4290
1 9 9 14
3980
16 18 19 20
2430
20 6 8 17
4610
12 1 4 13
4920
8 4 12 10
250
2 13 19 10
3960
5 9 0 10
2590
17 8 12 5
2870
0 8 3 6
4350
11 1 15 10
4110
6 3 7 12
4920
8 4 1 18
4240
6 1 17 7
1900
17 10 8 8
5000
1 0 0 10
2040
19 16 8 13
1520
20 3 14 17
4420
19 12 18 5
4060
19 6 9 10
3110
9 13 14 5
2240
15 11 18 0
2000
1 16 2 2
3940
17 16 10 15
4170
17 19 12 9
4680
13 0 15 17
2050
6 19 7 9
3190
2 9 7 13
3610
5 9 15 19
3200
8 15 6 10
4930
10 6 11 14
1770
19 15 17 0
3200
6 13 5 6
3220
10 16 14 10
4370
13 5 6 16
4750
11 19 12 16
4830
1 9 19 15
4470
4 10 14 11
1230
20 7 10 1
4280
2 15 6 17
570
12 17 2 8
4350
11 1 15 10
3640
16 12 11 20
2430
9 8 10 17
2480
17 14 14 15
3070
6 10 4 11
2460
20 6 2 10
3170
7 3 7 9
4230
8 11 15 12
4710
8 15 20 5
3560
6 14 16 10
440
15 4 6 5
3920
20 3 9 6
1380
7 8 12 2
3970
0 1 4 19
3240
7 9 8 16
1310
12 15 3 19
3870
4 15 12 12
4710
15 4 9 18
3710
7 20 5 20
2560
16 7 7 11
4330
9 2 17 11
3240
11 7 18 12
3590
10 14 11 9
1770
19 15 17 0
4890
5 16 6 13
3220
8 9 16 19
3040
0 3 20 20
3120
1 5 19 16
4800
3 16 20 14
130
15 2 13 6
1360
9 11 17 5
3960
10 9 2 20
1200
1 16 19 9
4300
6 8 5 18
3870
16 9 16 10
4530
13 17 6 7
4800
10 10 8 12
4100
10 7 18 16
3740
7 16 18 10
4860
8 10 9 18
4340
20 12 7 14
1660
10 16 8 6
3410
18 8 1 20
4470
10 0 15 11
4890
4 1 0 10
920
2 4 3 3
4160
8 7 8 20
3860
20 0 13 20
490
14 2 8 16
4470
4 10 14 11
980
0 12 14 15
3050
6 17 16 11
3040
14 14 19 20
4370
17 15 1 20
4400
11 3 8 15
3760
9 4 12 14
1670
19 14 3 9
3140
17 13 17 17
3870
15 5 11 7
1010
14 20 18 2
4660
7 7 8 13
1710
15 19 16 5
4870
0 9 8 10
4470
20 2 19 11
4890
11 18 1 15
3890
4 5 12 8
3570
16 17 13 20
3980
3 1 13 15
3200
8 15 6 10
1910
5 14 11 19
3150
6 6 12 12
3090
16 16 20 6
3070
4 17 13 9
3560
4 6 10 9
4680
6 15 11 7
4250
6 11 8 13
2470
0 1 15 16
3010
17 10 3 6
3900
16 1 17 14
320
1 17 14 11
3240
2 11 8 16
4140
5 13 17 16
4720
18 7 17 17
4720
20 4 17 16
5000
11 6 10 11
260
9 1 5 6
2980
18 15 0 18
4770
14 1 8 10
3600
0 17 5 17
3290
6 15 19 7
4190
7 14 14 20
4140
6 5 3 9
3920
11 11 12 12
4840
18 10 18 5
3980
13 5 13 7
3040
0 3 20 20
3940
17 16 10 15
4210
14 20 10 10
1090
5 13 20 18
4010
17 16 4 18
640
1 0 9 17
4200
12 20 18 19
2520
12 18 14 8
4790
10 16 2 11
3660
2 10 18 3
1070
11 9 15 7
2210
9 20 5 17
1730
17 11 0 11
3350
8 15 14 4
1540
14 7 1 2
5000
11 6 10 11
3760
2 12 20 17
2130
4 17 3 11
2580
4 4 18 7
4630
1 19 17 8
4710
15 4 9 18
3470
10 12 12 11
4950
9 19 1 19
3120
1 5 19 16
4940
19 18 17 13
2080
5 6 20 16
3890
20 8 12 15
4370
12 1 17 10
380
12 19 17 0
3100
17 17 16 12
4860
16 3 15 18
4170
3 10 7 16
1910
5 14 11 19
3240
16 18 17 4
320
3 5 8 1
2260
16 19 15 1
3960
0 16 19 13
4230
20 3 19 7
4230
13 20 20 12
3470
10 20 11 14
3660
14 14 10 20
3450
16 4 6 5
2210
8 15 16 1
1510
16 9 20 13
3830
11 15 0 7
4090
10 7 11 14
3640
2 10 20 4
3980
13 5 13 7
4360
1 10 18 14
4480
13 16 1 8
3920
2 13 6 13
4830
4 8 14 19
4200
12 20 18 19
3170
0 7 16 15
4550
11 18 17 13
510
3 16 8 17
3130
4 10 6 13
3370
15 11 20 13
1430
4 18 20 6
4820
7 3 10 17
3800
3 7 15 4
3600
11 15 4 13
4980
8 18 6 10
3730
15 1 7 19
3660
14 14 10 20
4870
6 14 1 11
4920
3 5 18 10
3560
6 14 16 10
4170
15 16 12 7
3900
12 14 17 10
3360
20 6 13 20
4300
8 7 15 17
2730
4 14 10 17
3820
8 3 13 10
3930
1 10 2 13
3300
13 2 15 8
580
7 17 5 17
1010
18 15 15 15
3820
12 11 19 4
1560
8 20 16 20
4750
11 19 12 16
2210
8 15 16 1
3760
1 14 15 14
4760
5 13 18 6
4200
12 5 11 15
1400
12 13 12 0
4370
10 4 3 8
1720
13 11 16 13
4110
18 1 12 19
4370
0 12 8 15
4970
10 8 4 16
3500
9 3 16 17
4410
11 3 19 16
3350
10 10 4 12
3640
5 10 15 9
3660
13 17 20 14
4650
8 1 8 15
4540
9 11 10 12
2160
10 17 10 9
3350
14 4 16 4
3410
18 8 1 20
4420
14 14 20 14
3300
0 20 13 12
3050
8 17 17 20
3090
16 16 20 6
4430
6 13 20 4
3690
20 18 13 14
4140
18 9 4 9
4920
2 3 14 12
4540
1 12 17 11
3270
4 1 19 16
3170
10 5 15 18
3240
9 4 20 19
450
19 9 6 11
3990
17 9 4 19
3900
19 11 7 5
1880
8 7 6 2
3190
2 9 7 13
1400
1 6 2 13
3860
5 13 2 10
4070
11 15 8 11
4340
0 15 11 12
3870
8 20 12 19
4590
15 10 6 20
2750
3 5 7 6
1290
2 11 5 4
4430
7 4 18 9
4560
17 13 12 11
3790
19 2 3 18
3220
8 9 16 19
4090
1 13 6 13
3970
1 0 11 7
3100
17 17 16 12
3910
10 4 15 8
4300
11 18 8 13
3990
17 9 4 19
4840
3 6 9 10
3790
13 16 12 15
3970
18 15 20 6
3960
0 16 19 13
5000
3 5 1 10
3840
8 18 11 10
4670
13 5 20 10
3820
3 20 7 10
3610
0 16 19 19
3140
2 6 1 12
160
11 18 17 16
3290
13 12 19 18
4390
16 6 5 12
3970
7 4 10 8
3890
14 5 6 18
3060
18 15 7 7
2660
16 20 18 1
4650
8 20 19 4
3040
14 14 19 20
220
8 14 5 16
3670
10 20 5 8
3070
18 6 12 18
3650
18 11 4 20
4790
0 5 14 14
3240
13 3 2 17
3480
18 19 11 8
210
15 4 16 12
330
18 0 2 9
3160
15 8 20 2
3410
14 12 8 14
3970
1 0 11 7
4400
11 3 8 15
4620
17 16 7 10
3270
16 12 1 12
3600
2 16 17 8
3830
1 5 12 8
10
2 0 0 0
4030
8 9 15 19
2160
10 17 10 9
4370
10 4 3 8
1270
16 15 15 0
4540
1 12 17 11
4770
19 9 18 18
200
18 14 16 0
4760
3 0 5 9
3440
11 4 15 13
1910
8 9 20 12
3040
12 0 15 16
4890
4 1 0 10
4490
20 17 0 17
4560
18 3 14 15
4690
16 8 12 12
3420
10 18 10 11
3010
5 7 13 6
3240
2 11 8 16
770
14 14 19 14
3700
15 19 15 15
3190
6 0 5 8
4590
20 7 7 17
3060
14 11 13 7
4420
19 12 18 5
4100
12 13 11 18
1020
16 8 10 18
1010
18 15 15 15
3980
19 18 17 5
4330
13 0 14 19
3420
10 18 10 11
4490
8 16 13 16
3210
11 0 11 11
550
20 16 2 10
3650
6 16 6 15
3870
8 20 12 19
4170
15 16 12 7
280
15 10 0 16
4890
5 16 6 13
3520
0 10 5 17
2260
16 19 15 1
930
8 19 11 5
4970
5 19 9 19
3150
10 15 11 19
4650
10 19 17 12
3050
8 0 18 8
4040
19 12 6 14
4770
14 1 8 10
3770
11 18 15 8
320
11 5 18 9
3040
0 3 20 20
1540
7 12 5 6
4730
14 8 7 18
3430
5 0 6 15
4290
7 16 13 6
3770
19 13 8 5
3140
11 1 12 13
3710
17 5 5 12
4720
8 17 0 9
4470
11 12 8 13
3170
10 5 15 18
3220
4 9 12 20
4810
13 4 10 8
4100
12 13 11 18
3790
4 1 4 20
3580
0 1 18 12
2840
14 6 12 13
4640
18 11 2 8
2050
6 19 7 9
3700
16 3 20 18
3260
18 19 9 19
3350
6 6 0 15
4700
3 14 14 16
3370
15 11 20 13
3570
6 9 8 12
2890
11 1 2 12
4150
0 10 3 9
1210
20 8 17 17
5000
12 13 10 12
4160
18 13 20 6
3200
14 8 5 6
3410
11 1 7 11
670
4 14 3 6
4300
6 16 17 11
4930
0 17 13 13
3040
18 16 7 14
2490
9 10 7 6
3110
9 13 14 5
4320
19 15 19 4
950
19 10 2 13
2020
19 3 6 13
4380
15 2 13 9
3640
5 10 15 9
4930
10 6 11 14
1090
1 16 18 4
3140
6 18 17 12
4370
13 5 6 16
1110
16 11 8 9
3740
7 16 18 10
2210
9 20 5 17
670
4 14 3 6
4920
10 2 19 10
4280
0 9 0 19
4170
15 16 12 7
160
16 17 2 10
3340
11 10 13 16
3390
0 20 3 13
2870
17 8 0 10
4300
6 8 5 18
3490
3 3 5 19
450
19 9 6 11
3960
0 16 19 13
4460
17 20 4 16
4570
14 17 10 18
4870
0 9 8 10
3010
6 15 1 8
4060
9 9 5 9
4980
17 13 1 17
2530
0 17 12 1
4630
17 14 3 10
780
9 6 14 16
4980
13 12 11 17
3830
10 20 15 12
1200
1 16 19 9
2390
2 1 9 7
3020
7 20 3 7
730
9 11 0 6
3890
1 7 18 17
240
1 18 20 20
4330
13 0 14 19
4080
10 14 20 11
3250
10 4 11 18
1090
1 16 18 4
4860
8 10 9 18
3970
6 10 13 5
3810
6 8 1 15
3590
8 6 14 7
4050
1 2 19 12
4850
5 10 17 14
4000
20 4 13 14
2210
9 20 5 17
3280
10 6 1 10
3530
8 18 1 17
3570
6 9 8 12
4290
7 16 13 6
3180
16 0 15 10
3500
7 7 16 17
3340
1 8 6 13
3450
18 3 19 19
4840
0 16 10 10
3390
1 5 10 12
4480
13 4 5 16
3830
6 6 2 8
3150
20 3 12 14
4920
8 4 1 18
4120
20 10 17 10
3450
16 4 6 5
3320
13 8 15 20
3420
9 4 14 18
3410
11 1 7 11
5000
14 19 17 5
860
13 9 20 16
30
5 5 16 14
4820
7 3 10 17
3350
3 19 10 20
3960
5 9 0 10
4190
7 14 14 20
4560
0 10 7 13
3870
4 15 12 12
3170
14 19 19 10
340
5 1 14 6
740
13 13 17 6
3600
1 11 5 7
4920
2 3 14 12
2080
5 6 20 16
3450
2 19 2 17
1570
15 17 11 13
4590
15 10 6 20
4080
10 14 20 11
2160
10 17 10 9
3020
18 4 13 9
4040
2 14 10 6
640
1 0 9 17
660
6 1 4 11
4390
2 5 1 19
1400
12 13 12 0
3170
0 7 16 15
3090
9 5 8 8
4970
10 8 4 16
3930
13 13 10 8
4370
17 15 1 20
4630
11 14 17 6
2340
10 5 0 6
3190
6 0 5 8
4490
20 17 0 17
3380
0 3 19 18
3050
18 15 20 1
4300
11 18 8 13
4370
12 1 17 10
3130
9 7 5 5
860
12 2 9 1
30
5 5 16 14
320
1 17 14 11
1110
16 11 8 9
4600
14 20 10 7
4700
7 10 4 12
1010
18 15 15 15
4830
1 9 19 15
1960
20 7 15 19
2640
14 0 15 13
1540
16 4 9 12
4150
12 9 1 13
1610
6 11 16 13
1710
15 19 16 5
4440
14 9 11 20
3170
7 3 7 9
4470
10 1 6 15
1910
5 14 11 19
3290
15 2 1 13
3810
5 14 17 6
3690
18 11 5 6
1070
11 9 15 7
3030
0 2 6 7
3960
10 9 2 20
1250
15 0 6 20
4050
10 5 20 9
4680
6 15 11 7
1780
18 5 13 15
4270
5 2 1 13
4840
15 1 12 14
3150
1 9 6 13
3340
7 14 17 18
3280
10 6 1 10
3910
11 18 11 6
1630
11 20 1 15
3400
4 6 9 17
3880
18 5 9 17
4420
13 9 20 16
3860
11 13 11 6
3610
11 20 16 8
4300
14 18 8 8
4390
8 4 1 18
3580
9 4 20 10
4520
4 0 16 17
120
3 10 7 9
4560
13 6 11 14
4820
16 0 1 11
3060
18 15 7 7
3130
9 7 5 5
4240
7 10 19 16
3870
8 20 12 19
3230
17 10 16 2
1190
2 1 14 3
1510
0 18 8 2
960
18 10 7 17
720
3 6 20 19
3330
11 13 2 20
4190
8 14 10 19
1540
7 12 5 6
4660
16 17 12 12
4150
3 17 8 16
4060
9 9 5 9
4430
15 0 16 18
4180
15 19 19 11
220
7 20 6 17
4520
2 11 11 12
490
14 2 8 16
3150
10 15 11 19
4100
3 11 7 17
3950
0 1 15 9
3910
7 6 4 9
4290
9 6 4 17
3520
17 3 18 9
4180
11 3 3 12
3310
14 8 12 7
3650
14 3 16 6
3070
16 12 8 13
1330
18 2 6 9
4420
14 14 20 14
3140
0 2 18 6
3010
5 7 13 6
3990
14 18 19 19
1400
12 13 12 0
4140
6 5 3 9
3150
6 6 12 12
1110
7 10 16 12
4860
8 10 9 18
3480
18 19 11 8
3320
18 16 19 18
3890
1 7 18 17
4870
6 14 1 11
3220
4 9 12 20
4840
18 5 5 9
490
14 2 8 16
3960
0 16 19 13
3710
20 6 11 10
1010
18 15 15 15
3280
3 2 10 6
3060
10 13 6 5
1110
3 17 11 7
210
15 4 16 12
3040
14 14 19 20
4780
11 0 7 13
2510
14 20 15 9
1410
20 5 12 3
2890
11 1 2 12
1730
17 11 0 11
3070
6 10 4 11
4430
6 13 20 4
2520
12 18 14 8
3710
20 1 14 19
3870
6 4 16 10
410
8 7 1 0
3860
10 7 7 9
3050
7 20 20 14
3140
17 13 17 17
4250
6 11 8 13
3470
7 5 10 7
3180
18 19 19 11
1070
2 3 0 4
4840
15 1 12 14
3400
11 15 10 8
3780
5 1 18 12
4750
11 19 12 16
3260
18 19 9 19
3050
7 20 20 14
2900
7 8 13 16
3160
15 8 20 2
3960
19 11 3 11
2130
4 17 3 11
1660
10 16 8 6
1670
19 14 3 9
4770
10 6 12 8
3760
13 11 18 11
4820
13 17 9 17
1230
20 7 10 1
2760
16 13 6 7
4860
16 3 15 18
3320
18 16 19 18
3600
9 6 9 13
3670
18 16 13 19
4420
19 12 18 5
4190
8 14 10 19
4250
8 6 1 10
3140
18 12 13 9
4630
17 14 3 10
4930
0 17 13 13
3520
0 1 3 7
3170
9 12 15 18
3790
3 5 19 9
4040
16 12 13 8
3790
1 10 12 6
1070
11 9 15 7
3170
15 18 20 14
3900
0 13 13 16
3150
14 20 4 10
3400
11 15 10 8
440
15 4 6 5
3690
12 13 19 19
5000
3 5 1 10
3130
2 0 0 17
3400
4 6 9 17
3690
12 13 19 19
3610
0 16 19 19
5000
3 5 1 10
3690
11 13 12 5
3310
3 14 18 3
4210
14 20 10 10
4140
15 18 17 17
1340
1 14 14 3
4150
11 14 18 8
1010
14 20 18 2
3930
1 10 2 13
3670
10 20 5 8
4560
13 6 11 14
3860
20 0 13 20
380
4 15 8 5
3520
12 4 12 6
4540
1 12 17 11
3260
20 13 3 8
3210
14 5 5 13
4560
13 6 11 14
3890
4 5 12 8
2560
16 7 7 11
4630
11 14 17 6
4800
10 10 8 12
3470
7 5 10 7
2760
16 13 6 7
3950
0 1 15 9
3930
2 13 9 17
4810
0 5 12 8
860
18 2 11 17
3810
6 8 1 15
1000
5 1 20 2
1400
1 6 2 13
1400
12 13 12 0
4760
11 10 3 18
2340
10 5 0 6
3370
15 11 20 13
4390
2 5 1 19
3130
18 1 11 4
3030
0 2 6 7
660
6 1 4 11
3010
6 15 1 8
4770
10 6 12 8
4180
15 19 19 11
3810
5 14 17 6
4430
6 17 6 13
3740
11 19 16 16
2750
17 5 17 6
1610
6 11 16 13
1570
15 17 11 13
320
3 5 8 1
2220
5 17 5 5
1880
17 4 11 13
1560
8 20 16 20
780
9 6 14 16
3610
5 16 8 5
3080
19 8 12 9
2240
15 11 18 0
3130
2 0 0 17
3310
3 13 20 4
30
7 9 19 0
4390
16 6 5 12
3640
1 12 16 3
3920
20 3 9 6
4230
8 11 15 12
3670
0 13 8 20
1630
11 20 1 15
3710
11 20 20 5
3610
18 14 11 11
3350
18 1 17 11
860
13 9 20 16
2040
19 2 6 8
1780
18 5 13 15
3830
1 5 12 8
4080
17 2 16 9
2210
9 20 5 17
3990
14 18 19 19
3430
5 0 6 15
3190
18 17 16 20
4250
4 6 3 9
3860
13 17 15 17
1880
17 4 11 13
4310
5 9 18 5
380
4 15 8 5
4560
17 5 18 7
3440
11 4 15 13
4000
4 12 7 14
2510
14 20 15 9
4280
19 3 6 14
4750
10 13 5 13
2580
4 4 18 7
3350
14 4 16 4
4650
10 19 17 12
2510
14 20 15 9
4540
1 12 17 11
5000
14 19 17 5
3970
7 4 10 8
1170
4 9 18 18
920
2 4 3 3
4630
1 19 17 8
1190
14 0 15 14
3150
13 6 17 11
1730
5 5 15 6
3580
9 4 20 10
3350
6 6 0 15
4240
6 1 17 7
3170
0 7 16 15
3010
17 19 18 13
4270
5 2 1 13
3050
8 17 17 20
4300
11 18 8 13
4450
19 9 18 12
4300
8 7 15 17
4420
14 14 20 14
4470
10 1 6 15
3150
0 8 0 7
3920
7 19 19 18
4720
18 7 17 17
3180
16 0 15 10
4560
18 3 14 15
30
5 5 16 14
4700
3 14 14 16
3500
9 3 16 17
3920
14 2 16 10
4570
14 17 10 18
4790
16 9 6 8
3170
15 9 2 8
3700
14 19 4 6
4410
16 6 3 12
4640
18 11 2 8
4460
15 13 13 9
4490
20 0 9 14
3270
16 12 1 12
1730
5 5 15 6
4140
15 18 17 17
3420
10 18 10 11
4420
13 9 20 16
780
14 7 18 15
4300
10 20 18 4
2340
10 6 4 14
750
4 2 6 11
2590
17 8 12 5
3840
20 15 3 16
3890
4 5 12 8
4780
17 1 0 18
3870
15 5 11 7
3210
11 0 11 11
1880
17 4 11 13
4300
11 18 8 13
4370
10 4 3 8
3270
4 1 19 16
3040
0 3 20 20
4680
13 0 15 17
5000
20 20 20 20
4040
16 12 13 8
3470
10 12 12 11
5000
1 0 0 10
3840
1 18 14 18
3160
15 8 20 2
4810
13 4 10 8
1540
15 19 16 18
3870
16 9 16 10
2460
4 3 3 4
1420
8 8 3 7
4560
11 20 12 14
2770
1 1 2 20
4410
16 6 3 12
10
1 0 0 0
10
2 0 0 0
3710
16 3 10 20
1070
2 3 0 4
1530
2 0 1 4
2870
17 8 0 10
0
