29
30 1
28

29
30 2
28

29
30 3
28

29
30 4
28

29
30 5
28

29
30 6
28

29
30 7
28

29
30 8
28

29
30 9
28

29
30 10
28

29
30 11
28

29
30 12
28

29
30 13
28

29
30 14
28

29
30 15
28

29
30 16
28

29
30 17
28

29
30 18
28

29
30 19
28

29
30 20
28

29
30 21
28

29
30 22
28

29
30 23
28

29
30 24
28

29
30 25
28

29
30 26
28

29
30 27
28

29
30 28
28

29
30 29
28

29
30 30
28

28
29 2
27

28
29 3
27

28
29 4
27

28
29 5
27

28
29 6
27

28
29 7
27

28
29 8
27

28
29 9
27

28
29 10
27

28
29 11
27

28
29 12
27

28
29 13
27

28
29 14
27

28
29 15
27

28
29 16
27

28
29 17
27

28
29 18
27

28
29 19
27

28
29 20
27

28
29 21
27

28
29 22
27

28
29 23
27

28
29 24
27

28
29 25
27

28
29 26
27

28
29 27
27

28
29 28
27

28
29 29
27

28
29 30
27

28
30 30
27

27
28 3
26

27
28 4
26

27
28 5
26

27
28 6
26

27
28 7
26

27
28 8
26

27
28 9
26

27
28 10
26

27
28 11
26

27
28 12
26

27
28 13
26

27
28 14
26

27
28 15
26

27
28 16
26

27
28 17
26

27
28 18
26

27
28 19
26

27
28 20
26

27
28 21
26

27
28 22
26

27
28 23
26

27
28 24
26

27
28 25
26

27
28 26
26

27
28 27
26

27
28 28
26

27
28 29
26

27
28 30
26

27
29 30
26

27
30 30
26

26
27 4
25

26
27 5
25

26
27 6
25

26
27 7
25

26
27 8
25

26
27 9
25

26
27 10
25

26
27 11
25

26
27 12
25

26
27 13
25

26
27 14
25

26
27 15
25

26
27 16
25

26
27 17
25

26
27 18
25

26
27 19
25

26
27 20
25

26
27 21
25

26
27 22
25

26
27 23
25

26
27 24
25

26
27 25
25

26
27 26
25

26
27 27
25

26
27 28
25

26
27 29
25

26
27 30
25

26
28 30
25

26
29 30
25

26
30 30
25

25
26 5
24

25
26 6
24

25
26 7
24

25
26 8
24

25
26 9
24

25
26 10
24

25
26 11
24

25
26 12
24

25
26 13
24

25
26 14
24

25
26 15
24

25
26 16
24

25
26 17
24

25
26 18
24

25
26 19
24

25
26 20
24

25
26 21
24

25
26 22
24

25
26 23
24

25
26 24
24

25
26 25
24

25
26 26
24

25
26 27
24

25
26 28
24

25
26 29
24

25
26 30
24

25
27 30
24

25
28 30
24

25
29 30
24

25
30 30
24

24
25 6
23

24
25 7
23

24
25 8
23

24
25 9
23

24
25 10
23

24
25 11
23

24
25 12
23

24
25 13
23

24
25 14
23

24
25 15
23

24
25 16
23

24
25 17
23

24
25 18
23

24
25 19
23

24
25 20
23

24
25 21
23

24
25 22
23

24
25 23
23

24
25 24
23

24
25 25
23

24
25 26
23

24
25 27
23

24
25 28
23

24
25 29
23

24
25 30
23

24
26 30
23

24
27 30
23

24
28 30
23

24
29 30
23

24
30 30
23

23
24 7
22

23
24 8
22

23
24 9
22

23
24 10
22

23
24 11
22

23
24 12
22

23
24 13
22

23
24 14
22

23
24 15
22

23
24 16
22

23
24 17
22

23
24 18
22

23
24 19
22

23
24 20
22

23
24 21
22

23
24 22
22

23
24 23
22

23
24 24
22

23
24 25
22

23
24 26
22

23
24 27
22

23
24 28
22

23
24 29
22

23
24 30
22

23
25 30
22

23
26 30
22

23
27 30
22

23
28 30
22

23
29 30
22

23
30 30
22

22
23 8
21

22
23 9
21

22
23 10
21

22
23 11
21

22
23 12
21

22
23 13
21

22
23 14
21

22
23 15
21

22
23 16
21

22
23 17
21

22
23 18
21

22
23 19
21

22
23 20
21

22
23 21
21

22
23 22
21

22
23 23
21

22
23 24
21

22
23 25
21

22
23 26
21

22
23 27
21

22
23 28
21

22
23 29
21

22
23 30
21

22
24 30
21

22
25 30
21

22
26 30
21

22
27 30
21

22
28 30
21

22
29 30
21

22
30 30
21

21
22 9
20

21
22 10
20

21
22 11
20

21
22 12
20

21
22 13
20

21
22 14
20

21
22 15
20

21
22 16
20

21
22 17
20

21
22 18
20

21
22 19
20

21
22 20
20

21
22 21
20

21
22 22
20

21
22 23
20

21
22 24
20

21
22 25
20

21
22 26
20

21
22 27
20

21
22 28
20

21
22 29
20

21
22 30
20

21
23 30
20

21
24 30
20

21
25 30
20

21
26 30
20

21
27 30
20

21
28 30
20

21
29 30
20

21
30 30
20

20
21 10
19

20
21 11
19

20
21 12
19

20
21 13
19

20
21 14
19

20
21 15
19

20
21 16
19

20
21 17
19

20
21 18
19

20
21 19
19

20
21 20
19

20
21 21
19

20
21 22
19

20
21 23
19

20
21 24
19

20
21 25
19

20
21 26
19

20
21 27
19

20
21 28
19

20
21 29
19

20
21 30
19

20
22 30
19

20
23 30
19

20
24 30
19

20
25 30
19

20
26 30
19

20
27 30
19

20
28 30
19

20
29 30
19

20
30 30
19

19
20 11
18

19
20 12
18

19
20 13
18

19
20 14
18

19
20 15
18

19
20 16
18

19
20 17
18

19
20 18
18

19
20 19
18

19
20 20
18

19
20 21
18

19
20 22
18

19
20 23
18

19
20 24
18

19
20 25
18

19
20 26
18

19
20 27
18

19
20 28
18

19
20 29
18

19
20 30
18

19
21 30
18

19
22 30
18

19
23 30
18

19
24 30
18

19
25 30
18

19
26 30
18

19
27 30
18

19
28 30
18

19
29 30
18

19
30 30
18

18
19 12
17

18
19 13
17

18
19 14
17

18
19 15
17

18
19 16
17

18
19 17
17

18
19 18
17

18
19 19
17

18
19 20
17

18
19 21
17

18
19 22
17

18
19 23
17

18
19 24
17

18
19 25
17

18
19 26
17

18
19 27
17

18
19 28
17

18
19 29
17

18
19 30
17

18
20 30
17

18
21 30
17

18
22 30
17

18
23 30
17

18
24 30
17

18
25 30
17

18
26 30
17

18
27 30
17

18
28 30
17

18
29 30
17

18
30 30
17

17
18 13
16

17
18 14
16

17
18 15
16

17
18 16
16

17
18 17
16

17
18 18
16

17
18 19
16

17
18 20
16

17
18 21
16

17
18 22
16

17
18 23
16

17
18 24
16

17
18 25
16

17
18 26
16

17
18 27
16

17
18 28
16

17
18 29
16

17
18 30
16

17
19 30
16

17
20 30
16

17
21 30
16

17
22 30
16

17
23 30
16

17
24 30
16

17
25 30
16

17
26 30
16

17
27 30
16

17
28 30
16

17
29 30
16

17
30 30
16

16
17 14
15

16
17 15
15

16
17 16
15

16
17 17
15

16
17 18
15

16
17 19
15

16
17 20
15

16
17 21
15

16
17 22
15

16
17 23
15

16
17 24
15

16
17 25
15

16
17 26
15

16
17 27
15

16
17 28
15

16
17 29
15

16
17 30
15

16
18 30
15

16
19 30
15

16
20 30
15

16
21 30
15

16
22 30
15

16
23 30
15

16
24 30
15

16
25 30
15

16
26 30
15

16
27 30
15

16
28 30
15

16
29 30
15

16
30 30
15

15
16 15
14

15
16 16
14

15
16 17
14

15
16 18
14

15
16 19
14

15
16 20
14

15
16 21
14

15
16 22
14

15
16 23
14

15
16 24
14

15
16 25
14

15
16 26
14

15
16 27
14

15
16 28
14

15
16 29
14

15
16 30
14

15
17 30
14

15
18 30
14

15
19 30
14

15
20 30
14

15
21 30
14

15
22 30
14

15
23 30
14

15
24 30
14

15
25 30
14

15
26 30
14

15
27 30
14

15
28 30
14

15
29 30
14

15
30 30
14

14
15 16
13

14
15 17
13

14
15 18
13

14
15 19
13

14
15 20
13

14
15 21
13

14
15 22
13

14
15 23
13

14
15 24
13

14
15 25
13

14
15 26
13

14
15 27
13

14
15 28
13

14
15 29
13

14
15 30
13

14
16 30
13

14
17 30
13

14
18 30
13

14
19 30
13

14
20 30
13

14
21 30
13

14
22 30
13

14
23 30
13

14
24 30
13

14
25 30
13

14
26 30
13

14
27 30
13

14
28 30
13

14
29 30
13

14
30 30
13

13
14 17
12

13
14 18
12

13
14 19
12

13
14 20
12

13
14 21
12

13
14 22
12

13
14 23
12

13
14 24
12

13
14 25
12

13
14 26
12

13
14 27
12

13
14 28
12

13
14 29
12

13
14 30
12

13
15 30
12

13
16 30
12

13
17 30
12

13
18 30
12

13
19 30
12

13
20 30
12

13
21 30
12

13
22 30
12

13
23 30
12

13
24 30
12

13
25 30
12

13
26 30
12

13
27 30
12

13
28 30
12

13
29 30
12

13
30 30
12

12
13 18
11

12
13 19
11

12
13 20
11

12
13 21
11

12
13 22
11

12
13 23
11

12
13 24
11

12
13 25
11

12
13 26
11

12
13 27
11

12
13 28
11

12
13 29
11

12
13 30
11

12
14 30
11

12
15 30
11

12
16 30
11

12
17 30
11

12
18 30
11

12
19 30
11

12
20 30
11

12
21 30
11

12
22 30
11

12
23 30
11

12
24 30
11

12
25 30
11

12
26 30
11

12
27 30
11

12
28 30
11

12
29 30
11

12
30 30
11

11
12 19
10

11
12 20
10

11
12 21
10

11
12 22
10

11
12 23
10

11
12 24
10

11
12 25
10

11
12 26
10

11
12 27
10

11
12 28
10

11
12 29
10

11
12 30
10

11
13 30
10

11
14 30
10

11
15 30
10

11
16 30
10

11
17 30
10

11
18 30
10

11
19 30
10

11
20 30
10

11
21 30
10

11
22 30
10

11
23 30
10

11
24 30
10

11
25 30
10

11
26 30
10

11
27 30
10

11
28 30
10

11
29 30
10

11
30 30
10

10
11 20
9

10
11 21
9

10
11 22
9

10
11 23
9

10
11 24
9

10
11 25
9

10
11 26
9

10
11 27
9

10
11 28
9

10
11 29
9

10
11 30
9

10
12 30
9

10
13 30
9

10
14 30
9

10
15 30
9

10
16 30
9

10
17 30
9

10
18 30
9

10
19 30
9

10
20 30
9

10
21 30
9

10
22 30
9

10
23 30
9

10
24 30
9

10
25 30
9

10
26 30
9

10
27 30
9

10
28 30
9

10
29 30
9

10
30 30
9

9
10 21
8

9
10 22
8

9
10 23
8

9
10 24
8

9
10 25
8

9
10 26
8

9
10 27
8

9
10 28
8

9
10 29
8

9
10 30
8

9
11 30
8

9
12 30
8

9
13 30
8

9
14 30
8

9
15 30
8

9
16 30
8

9
17 30
8

9
18 30
8

9
19 30
8

9
20 30
8

9
21 30
8

9
22 30
8

9
23 30
8

9
24 30
8

9
25 30
8

9
26 30
8

9
27 30
8

9
28 30
8

9
29 30
8

9
30 30
8

8
9 22
7

8
9 23
7

8
9 24
7

8
9 25
7

8
9 26
7

8
9 27
7

8
9 28
7

8
9 29
7

8
9 30
7

8
10 30
7

8
11 30
7

8
12 30
7

8
13 30
7

8
14 30
7

8
15 30
7

8
16 30
7

8
17 30
7

8
18 30
7

8
19 30
7

8
20 30
7

8
21 30
7

8
22 30
7

8
23 30
7

8
24 30
7

8
25 30
7

8
26 30
7

8
27 30
7

8
28 30
7

8
29 30
7

8
30 30
7

7
8 23
6

7
8 24
6

7
8 25
6

7
8 26
6

7
8 27
6

7
8 28
6

7
8 29
6

7
8 30
6

7
9 30
6

7
10 30
6

7
11 30
6

7
12 30
6

7
13 30
6

7
14 30
6

7
15 30
6

7
16 30
6

7
17 30
6

7
18 30
6

7
19 30
6

7
20 30
6

7
21 30
6

7
22 30
6

7
23 30
6

7
24 30
6

7
25 30
6

7
26 30
6

7
27 30
6

7
28 30
6

7
29 30
6

7
30 30
6

6
7 24
5

6
7 25
5

6
7 26
5

6
7 27
5

6
7 28
5

6
7 29
5

6
7 30
5

6
8 30
5

6
9 30
5

6
10 30
5

6
11 30
5

6
12 30
5

6
13 30
5

6
14 30
5

6
15 30
5

6
16 30
5

6
17 30
5

6
18 30
5

6
19 30
5

6
20 30
5

6
21 30
5

6
22 30
5

6
23 30
5

6
24 30
5

6
25 30
5

6
26 30
5

6
27 30
5

6
28 30
5

6
29 30
5

6
30 30
5

5
6 25
4

5
6 26
4

5
6 27
4

5
6 28
4

5
6 29
4

5
6 30
4

5
7 30
4

5
8 30
4

5
9 30
4

5
10 30
4

5
11 30
4

5
12 30
4

5
13 30
4

5
14 30
4

5
15 30
4

5
16 30
4

5
17 30
4

5
18 30
4

5
19 30
4

5
20 30
4

5
21 30
4

5
22 30
4

5
23 30
4

5
24 30
4

5
25 30
4

5
26 30
4

5
27 30
4

5
28 30
4

5
29 30
4

5
30 30
4

4
5 26
3

4
5 27
3

4
5 28
3

4
5 29
3

4
5 30
3

4
6 30
3

4
7 30
3

4
8 30
3

4
9 30
3

4
10 30
3

4
11 30
3

4
12 30
3

4
13 30
3

4
14 30
3

4
15 30
3

4
16 30
3

4
17 30
3

4
18 30
3

4
19 30
3

4
20 30
3

4
21 30
3

4
22 30
3

4
23 30
3

4
24 30
3

4
25 30
3

4
26 30
3

4
27 30
3

4
28 30
3

4
29 30
3

4
30 30
3

3
4 27
2

3
4 28
2

3
4 29
2

3
4 30
2

3
5 30
2

3
6 30
2

3
7 30
2

3
8 30
2

3
9 30
2

3
10 30
2

3
11 30
2

3
12 30
2

3
13 30
2

3
14 30
2

3
15 30
2

3
16 30
2

3
17 30
2

3
18 30
2

3
19 30
2

3
20 30
2

3
21 30
2

3
22 30
2

3
23 30
2

3
24 30
2

3
25 30
2

3
26 30
2

3
27 30
2

3
28 30
2

3
29 30
2

3
30 30
2

2
3 28
1

2
3 29
1

2
3 30
1

2
4 30
1

2
5 30
1

2
6 30
1

2
7 30
1

2
8 30
1

2
9 30
1

2
10 30
1

2
11 30
1

2
12 30
1

2
13 30
1

2
14 30
1

2
15 30
1

2
16 30
1

2
17 30
1

2
18 30
1

2
19 30
1

2
20 30
1

2
21 30
1

2
22 30
1

2
23 30
1

2
24 30
1

2
25 30
1

2
26 30
1

2
27 30
1

2
28 30
1

2
29 30
1

2
30 30
1

1
2 29
0

1
2 30
0

1
3 30
0

1
4 30
0

1
5 30
0

1
6 30
0

1
7 30
0

1
8 30
0

1
9 30
0

1
10 30
0

1
11 30
0

1
12 30
0

1
13 30
0

1
14 30
0

1
15 30
0

1
16 30
0

1
17 30
0

1
18 30
0

1
19 30
0

1
20 30
0

1
21 30
0

1
22 30
0

1
23 30
0

1
24 30
0

1
25 30
0

1
26 30
0

1
27 30
0

1
28 30
0

1
29 30
0

1
30 30
0

