3 6
0 2
2 3
4 5
1000 1000
32 301
198 747
858 940
135 710
792 829
944 974
764 859
992 997
426 954
999 999
881 974
959 997
837 970
598 795
190 318
708 737
716 750
582 731
805 929
552 764
524 889
713 763
369 484
134 804
994 996
656 826
370 403
400 599
162 412
593 648
101 875
866 921
72 316
924 936
358 658
372 941
34 766
718 814
410 712
31 202
651 832
986 990
258 288
854 952
582 594
553 623
152 239
22 67
888 990
329 630
871 999
725 830
400 832
706 746
434 951
928 940
560 727
922 926
469 963
411 651
290 340
723 887
938 978
308 700
468 662
374 965
576 622
644 688
377 688
72 481
343 985
669 678
110 639
247 522
418 552
764 856
751 791
965 978
405 649
128 379
373 680
526 933
492 950
405 407
323 803
300 579
535 768
353 527
339 372
775 934
238 720
793 859
737 826
847 889
295 417
197 278
746 821
917 977
964 967
904 927
249 334
381 816
549 985
346 357
383 437
74 645
155 260
194 668
525 836
711 756
203 295
413 588
111 760
981 994
139 390
255 719
898 902
720 975
105 484
47 357
210 575
299 490
986 986
847 975
583 608
904 912
441 901
326 464
579 897
150 216
963 998
255 777
889 992
287 403
116 874
492 594
518 573
998 999
218 855
174 625
348 801
343 985
145 722
39 406
613 647
978 999
341 670
910 971
828 840
645 813
629 632
163 998
620 814
354 473
53 769
884 986
232 523
473 987
136 571
213 892
989 992
118 986
103 379
769 913
799 833
181 511
535 640
196 478
192 968
69 250
123 444
442 669
587 625
172 264
468 688
274 324
832 859
839 910
724 978
735 991
658 723
913 923
595 676
685 894
291 552
655 854
35 831
403 502
150 223
23 901
686 689
325 407
213 414
998 1000
378 761
763 921
0 935
477 521
55 526
276 721
642 857
404 500
288 756
75 261
149 546
865 885
637 658
324 376
678 710
677 878
336 537
599 864
258 883
949 975
521 916
374 795
966 973
664 741
215 374
630 832
150 271
979 985
853 858
55 794
910 996
211 996
885 916
405 750
312 629
208 967
632 942
772 982
631 870
21 744
863 974
668 992
465 935
593 866
239 527
243 377
316 951
863 892
895 948
591 890
16 509
61 725
388 846
112 809
39 246
251 526
88 499
951 998
490 979
719 945
144 567
850 913
289 493
190 878
933 944
823 863
847 1000
896 962
844 979
545 741
255 613
852 890
725 789
792 846
316 760
944 985
648 727
699 871
122 135
648 709
780 890
791 995
525 576
848 913
340 537
515 840
781 800
154 747
945 955
385 975
17 877
425 652
568 611
288 423
2 448
545 880
823 939
816 978
13 776
273 831
727 996
31 743
917 998
312 925
727 766
378 418
167 305
487 922
604 770
951 954
147 543
417 972
569 800
588 625
652 714
723 838
978 995
930 983
521 528
810 844
976 994
735 904
787 916
682 745
552 886
545 703
917 936
347 364
972 987
936 976
330 552
715 814
221 961
103 328
835 849
216 228
551 952
627 996
678 806
644 957
166 188
75 864
929 937
418 978
299 780
820 905
955 971
695 834
893 910
94 627
450 466
430 758
191 402
986 993
577 630
648 985
97 757
977 991
577 801
726 743
826 943
36 574
27 766
179 323
433 882
935 975
827 996
216 402
795 939
938 950
450 850
443 898
0 430
519 586
882 907
645 667
459 882
360 603
185 359
797 860
498 547
736 998
719 933
466 880
263 735
240 581
803 897
595 626
277 656
87 206
567 705
455 945
171 522
367 940
224 712
35 875
21 393
595 959
336 570
827 840
659 865
437 723
486 775
454 921
269 404
480 699
337 705
257 315
97 965
349 998
794 830
844 994
256 303
601 854
111 932
695 797
949 980
479 703
301 850
678 965
167 473
437 800
71 529
641 643
148 749
652 869
623 976
671 803
421 555
84 361
345 875
394 694
215 565
297 670
785 911
228 961
800 953
566 733
724 747
306 896
563 874
612 862
603 865
477 546
684 749
874 949
129 953
199 338
429 893
934 946
929 942
245 632
42 752
468 608
736 818
280 617
89 211
617 751
562 744
747 870
702 818
703 761
368 672
228 452
546 581
897 989
223 935
347 372
773 928
700 875
19 618
968 977
667 726
153 566
452 516
915 930
359 905
347 361
739 901
356 875
216 660
793 928
255 868
91 906
232 796
692 857
792 810
900 969
497 945
407 800
669 781
95 451
669 699
107 722
563 801
948 962
36 374
625 782
476 716
212 265
425 798
725 852
812 924
557 578
101 916
160 995
141 892
301 391
420 843
309 760
848 897
175 482
524 623
407 914
8 327
823 954
40 743
774 928
691 943
526 656
835 921
646 814
135 470
533 841
51 688
191 239
184 788
52 342
990 999
599 805
75 597
180 466
751 907
796 912
906 947
903 945
423 860
16 99
697 916
383 835
366 702
354 734
237 761
956 977
831 846
221 770
38 383
341 581
286 645
902 984
131 678
194 879
532 908
45 83
742 813
602 742
323 696
701 942
31 356
210 837
136 592
473 654
361 692
6 572
251 373
662 957
837 968
915 953
952 955
861 981
790 850
546 614
252 897
869 959
269 328
490 998
780 939
623 938
386 485
55 851
740 936
303 834
746 918
826 945
633 714
181 866
251 864
311 787
114 718
890 912
862 939
494 687
13 933
87 628
73 210
317 387
824 874
0 655
204 291
516 661
340 667
564 998
288 795
339 869
157 616
377 403
503 992
104 630
443 640
92 726
677 979
87 309
674 825
55 645
931 946
948 949
867 910
185 713
444 877
206 848
373 534
134 300
244 442
109 672
508 599
205 791
454 689
452 524
306 486
685 819
364 689
104 361
415 564
678 805
279 623
27 842
48 167
843 895
831 997
867 948
636 937
53 680
795 865
205 509
690 751
824 964
803 955
681 867
378 833
307 747
358 485
510 931
164 635
423 447
108 453
950 985
195 880
166 663
1 73
854 925
157 520
388 949
64 502
353 555
721 809
20 328
893 973
305 702
50 395
547 560
670 743
231 862
442 907
475 732
720 910
548 932
883 988
182 596
170 283
711 837
241 682
561 814
406 940
40 332
225 435
926 988
376 899
743 923
31 913
300 324
823 896
460 639
300 528
158 760
624 732
400 515
339 690
81 851
461 653
189 241
194 433
308 946
390 845
29 542
825 839
644 767
851 931
75 298
858 902
107 127
608 833
480 507
208 500
838 926
34 428
112 617
503 603
918 949
750 895
328 551
662 863
334 918
23 824
231 873
510 978
220 757
92 650
72 575
112 894
47 885
370 907
201 414
563 992
399 957
409 936
339 537
402 618
888 893
588 877
697 762
454 991
462 558
936 972
254 395
635 955
360 888
868 921
526 957
217 824
820 958
195 392
543 860
270 596
544 764
146 442
400 661
767 970
486 669
86 962
275 644
765 919
717 965
346 853
510 567
157 162
518 645
867 941
535 813
763 789
779 934
990 995
557 677
335 597
661 959
534 778
673 895
422 462
942 956
865 999
961 986
416 451
399 805
738 847
306 665
970 975
213 264
735 847
998 1000
50 285
495 537
396 976
99 952
366 978
557 965
615 991
416 947
668 950
382 964
682 957
677 720
473 580
251 468
124 648
554 731
102 496
940 1000
752 847
352 516
800 874
74 737
732 970
154 847
617 891
46 883
250 659
460 701
120 790
796 884
910 965
766 950
61 679
515 998
983 990
720 872
370 675
81 911
136 513
551 766
264 827
684 948
625 655
854 914
483 942
227 822
230 488
641 987
20 331
444 867
81 174
994 1000
197 413
677 698
783 988
583 882
650 731
273 669
335 798
459 787
29 577
744 855
979 1000
843 1000
253 964
249 345
741 947
208 741
549 869
467 971
283 541
111 507
592 701
501 577
297 650
21 341
789 955
943 963
20 296
175 202
176 486
732 768
314 745
580 792
148 974
709 921
816 972
160 687
839 980
847 936
54 806
578 975
621 907
371 781
257 709
569 812
23 253
924 934
411 711
803 859
432 921
813 923
349 683
45 53
776 820
980 985
668 847
310 764
811 899
379 727
157 239
357 561
432 541
3 405
744 895
896 948
817 917
559 667
245 365
405 671
358 871
288 971
694 706
148 902
465 708
912 952
190 937
152 269
365 867
81 619
773 950
341 496
186 840
527 620
97 228
411 491
444 910
89 849
785 988
369 865
897 921
629 701
33 957
592 728
827 888
270 636
656 947
124 717
274 561
181 644
96 425
722 920
969 976
419 460
811 874
703 974
320 733
52 116
434 838
271 770
449 685
248 817
169 728
307 839
439 775
221 532
492 732
529 742
640 888
439 989
688 937
383 419
551 945
468 493
919 935
12 701
348 374
560 919
49 75
603 707
440 786
741 936
780 897
788 992
566 822
694 766
908 941
659 703
772 789
308 838
356 802
961 971
135 289
90 99
506 714
108 117
637 908
665 708
594 920
263 593
547 832
828 865
931 983
626 978
517 764
348 369
499 575
74 127
334 639
243 546
984 995
965 999
494 897
381 638
31 668
450 573
975 983
473 705
0 0
