3 1988 2014
400
100
4
1 1000 1999
1
2 1111 3333
2
2
6 2000 3000
5
7
11
9
3
13
44 2912 3222
1907
3301
435
3698
141
764
3348
3341
2538
3497
2205
3282
1109
1569
2655
2887
3929
199
2686
2922
143
124
706
3091
1877
2206
1163
3044
3281
389
2304
653
2136
2396
3303
2014
2392
2872
3900
1428
2901
2732
161
2760
22 3781 3944
1446
300
3843
2644
3112
2817
3208
3496
2107
3358
208
55
3110
1184
1477
2854
3280
2227
3566
1628
957
3927
38 112 3459
514
2954
996
2632
22
3252
2414
1954
3834
3243
634
177
3139
2468
2832
3824
2370
582
3772
1927
3195
1305
1995
376
2176
188
2929
52
1022
1725
2571
3414
3571
1989
785
2449
3665
3808
5 3277 3297
3011
3358
2400
440
3616
30 2101 3023
1786
497
261
2614
3084
2363
1295
574
2500
3097
2351
240
1476
593
3364
3623
633
1621
3910
358
2022
3586
1350
3421
750
361
3255
1896
3072
905
22 68 1048
3358
2569
368
193
1734
1044
3143
1872
3274
812
2626
2378
218
1426
2665
1708
1003
3517
2712
1778
3944
2317
9 1031 2907
457
461
1903
3237
3057
1752
784
1515
2760
43 1445 2533
3563
2858
1635
2108
2787
210
2090
3493
2412
355
64
1137
2335
2818
721
726
1454
617
1694
649
2298
3598
1870
1921
2789
457
3499
2672
139
1654
2140
1548
2610
292
751
1623
50
2419
341
1345
2832
122
2538
41 447 1145
3645
1960
1486
337
606
1222
2277
2111
3086
3762
3416
2982
138
3776
3511
3544
98
254
1387
3650
3532
2573
1628
3089
422
447
2223
192
1839
2506
1119
1133
1743
1438
3385
1527
237
368
1681
3946
3970
39 175 286
679
3471
730
3340
1133
1790
989
566
1420
780
2498
1640
198
1040
2371
2845
878
2079
2932
1480
208
2687
3130
2518
619
2337
894
1003
2371
3658
2090
3170
1319
3828
1903
1672
1302
2272
452
50 1 4000
744
2912
1622
1907
3301
435
3698
141
764
3348
3341
2538
3497
2205
3282
1109
1569
2655
2887
3929
199
2686
2922
143
124
706
3091
1877
2206
1163
3044
3281
389
2304
653
2136
2396
3303
2014
2392
2872
3900
1428
2901
2732
161
2760
3522
3781
375
50 1 4000
1446
300
3843
2644
3112
2817
3208
3496
2107
3358
208
55
3110
1184
1477
2854
3280
2227
3566
1628
957
3927
2238
112
2419
514
2954
996
2632
22
3252
2414
1954
3834
3243
634
177
3139
2468
2832
3824
2370
582
3772
1927
3195
1305
1995
376
2176
50 1 4000
188
2929
52
1022
1725
2571
3414
3571
1989
785
2449
3665
3808
1705
3277
811
3011
3358
2400
440
3616
1580
2101
1907
1786
497
261
2614
3084
2363
1295
574
2500
3097
2351
240
1476
593
3364
3623
633
1621
3910
358
2022
3586
1350
3421
750
361
50 1 4000
3255
1896
3072
905
1722
68
3428
3358
2569
368
193
1734
1044
3143
1872
3274
812
2626
2378
218
1426
2665
1708
1003
3517
2712
1778
3944
2317
509
1031
3593
457
461
1903
3237
3057
1752
784
1515
2760
3243
1445
2248
3563
2858
1635
2108
2787
210
50 1 4000
2090
3493
2412
355
64
1137
2335
2818
721
726
1454
617
1694
649
2298
3598
1870
1921
2789
457
3499
2672
139
1654
2140
1548
2610
292
751
1623
50
2419
341
1345
2832
122
2538
741
447
64
3645
1960
1486
337
606
1222
2277
2111
3086
3762
44 2912 3222
1907
3289
3585
795
169
1489
2830
2588
2450
2189
295
569
953
2709
227
1972
137
2657
1548
2047
223
2211
1858
982
2317
2481
259
1097
2781
712
3544
2286
2872
2292
2529
1724
2956
3098
614
3705
1821
1957
3461
3174
28 1198 3209
1823
1878
2896
556
74
3331
3748
2381
826
2252
168
384
1021
3542
2995
1792
509
2655
825
1114
1544
3322
3029
2090
547
2999
3986
1532
47 3982 3988
1327
2242
1146
2204
750
1209
1108
2631
2951
2613
1187
317
3680
2698
3676
2222
1955
1972
3288
3508
3417
3323
3505
2173
3185
2558
439
1397
1800
1789
3008
3440
2263
790
1513
3024
3068
3260
2981
107
1784
583
1247
3072
2947
2092
1674
49 1222 1772
3902
3625
924
177
2992
1561
1347
1235
3923
1507
1329
1686
595
1891
2131
1708
3112
1791
1867
184
1643
767
1106
1700
3124
1348
2631
191
1939
1150
3744
2897
3681
3763
1770
3959
552
1882
3588
893
3798
756
3774
2415
3117
3178
2229
3565
822
40 361 506
1251
2501
1090
343
711
3739
300
3826
453
3021
3488
3364
3982
460
3126
1925
2462
1454
2941
1488
3472
3375
2372
2087
2871
3273
1441
2822
2031
1056
71
1641
2189
1592
270
2786
3344
3420
102
1137
44 2912 3222
3705
3585
3544
3461
3289
3174
3098
2956
2872
2830
2781
2709
2657
2588
2529
2481
2450
2317
2292
2286
2211
2189
2047
1972
1957
1907
1858
1821
1724
1548
1489
1097
982
953
795
712
614
569
295
259
227
223
169
137
28 1198 3209
3986
3748
3542
3331
3322
3029
2999
2995
2896
2655
2381
2252
2090
1878
1823
1792
1544
1532
1114
1021
826
825
556
547
509
384
168
74
47 3982 3988
3680
3676
3508
3505
3440
3417
3323
3288
3260
3185
3072
3068
3024
3008
2981
2951
2947
2698
2631
2613
2558
2263
2242
2222
2204
2173
2092
1972
1955
1800
1789
1784
1674
1513
1397
1327
1247
1209
1187
1146
1108
790
750
583
439
317
107
49 1222 1772
3959
3923
3902
3798
3774
3763
3744
3681
3625
3588
3565
3178
3124
3117
3112
2992
2897
2631
2415
2229
2131
1939
1891
1882
1867
1791
1770
1708
1700
1686
1643
1561
1507
1348
1347
1329
1235
1150
1106
924
893
822
767
756
595
552
191
184
177
40 361 506
3982
3826
3739
3488
3472
3420
3375
3364
3344
3273
3126
3021
2941
2871
2822
2786
2501
2462
2372
2189
2087
2031
1925
1641
1592
1488
1454
1441
1251
1137
1090
1056
711
460
453
343
300
270
102
71
44 2912 3222
137
169
223
227
259
295
569
614
712
795
953
982
1097
1489
1548
1724
1821
1858
1907
1957
1972
2047
2189
2211
2286
2292
2317
2450
2481
2529
2588
2657
2709
2781
2830
2872
2956
3098
3174
3289
3461
3544
3585
3705
28 1198 3209
74
168
384
509
547
556
825
826
1021
1114
1532
1544
1792
1823
1878
2090
2252
2381
2655
2896
2995
2999
3029
3322
3331
3542
3748
3986
47 3982 3988
107
317
439
583
750
790
1108
1146
1187
1209
1247
1327
1397
1513
1674
1784
1789
1800
1955
1972
2092
2173
2204
2222
2242
2263
2558
2613
2631
2698
2947
2951
2981
3008
3024
3068
3072
3185
3260
3288
3323
3417
3440
3505
3508
3676
3680
49 1222 1772
177
184
191
552
595
756
767
822
893
924
1106
1150
1235
1329
1347
1348
1507
1561
1643
1686
1700
1708
1770
1791
1867
1882
1891
1939
2131
2229
2415
2631
2897
2992
3112
3117
3124
3178
3565
3588
3625
3681
3744
3763
3774
3798
3902
3923
3959
40 361 506
71
102
270
300
343
453
460
711
1056
1090
1137
1251
1441
1454
1488
1592
1641
1925
2031
2087
2189
2372
2462
2501
2786
2822
2871
2941
3021
3126
3273
3344
3364
3375
3420
3472
3488
3739
3826
3982
50 1 4000
744
952
2996
2624
913
3600
2348
433
1964
938
1601
100
2789
1087
3188
599
2529
1123
2479
3248
2959
1453
394
1873
108
3856
3479
480
930
1156
1414
3186
2949
1788
3099
1816
3288
2742
3538
2173
1832
1795
462
2478
3760
1626
1374
420
949
3641
50 1 4000
3752
2509
1957
1558
2150
997
3959
2208
1906
605
248
1804
3866
2528
1302
233
2010
1662
581
2261
3283
323
539
1178
485
4
3988
1129
1439
165
2997
338
3876
1776
601
1677
3960
1487
1332
2910
3625
3346
158
3322
555
3153
2015
747
991
1334
50 1 4000
3240
1215
1161
2073
565
3019
1253
3994
570
2726
2719
1624
978
1488
1519
1564
1965
2856
1373
428
1011
847
3436
1465
2058
2039
3387
885
3259
3956
1028
2632
3960
1100
2189
3566
886
75
3706
1684
2558
248
1126
1609
3325
1109
1700
1838
830
263
50 1 4000
2771
1714
1550
3349
1682
764
1926
3158
1422
3646
3822
448
2498
3139
3316
1679
2800
160
2523
554
1407
2171
1137
1710
235
2809
669
3834
3748
2746
423
1999
3827
1275
2762
2953
3868
1384
241
779
3259
3547
1176
3605
2689
1282
2880
2815
2176
2998
50 1 4000
2453
1100
1133
290
1655
1447
2321
302
262
3768
706
3948
3300
669
284
1356
356
2919
206
3756
1389
1469
1663
1907
1192
2828
2581
1861
1963
3444
1800
233
3996
1813
3570
2257
3214
2642
3472
624
708
2850
1734
3405
2741
1441
3051
379
3985
3978
1 1 100
111
5 1 100
1
2
3
4
5
6 1 100
111
1
2
3
4
5
2 400 500
765
346
1 252 252
252
2 252 252
525
252
0 0 0
