3 1988 2014
400
100
4
1 1000 1999
1
2 1111 3333
2
2
6 2000 3000
5
7
11
9
3
13
7 447 3322
1563
581
3836
1233
1197
668
3324
27 1441 2972
21
2585
1143
2316
917
3813
2515
85
1039
3201
3199
3499
1418
243
3807
3228
414
3615
3336
3063
3393
1248
2198
1312
1437
2552
2087
42 2409 3974
3098
3029
2366
2664
56
1056
3941
1486
3981
911
232
1701
2285
1992
2687
1612
1670
1003
2579
2408
3230
1783
1480
518
3676
1851
3225
2219
3310
3789
2386
2718
1548
2120
1489
2148
2455
1873
96
990
1044
1316
34 1247 2866
3660
420
796
1142
2333
3924
997
3581
335
1994
1078
2570
343
1771
2299
2617
2710
1001
3865
1913
863
777
256
3331
2647
1974
1483
2787
1429
332
2283
3942
2360
1474
33 1437 2100
3448
87
3206
753
2443
1895
499
3660
1363
3971
3495
1385
832
1229
2980
3953
1332
1235
1281
2710
1183
3322
2167
3176
2606
2252
3699
2962
1032
232
2881
1737
739
22 1884 2810
263
120
3076
451
2140
537
3310
328
400
2092
1430
444
821
1320
1021
3144
2957
1097
1141
1039
3023
2927
13 2852 3402
3848
1230
2288
3805
1970
2718
3009
1932
327
734
2062
3973
3104
26 3168 3982
30
1130
2567
582
85
3280
364
2135
599
193
2040
208
1626
578
1601
881
1130
1927
2364
2777
3232
3714
2771
1436
3593
1314
45 156 2742
3227
1017
3165
1752
2256
1357
3883
2440
1029
1074
1192
2022
32
3732
2995
582
1719
1754
1119
2478
2076
2494
2484
248
1238
2969
3867
1114
1560
2782
2217
1793
91
3313
3151
1392
617
787
3375
2420
1752
3612
3265
765
1519
44 1815 3614
3436
534
3861
453
2141
3238
3402
1333
758
3031
595
3367
3940
3405
3524
3017
1025
1766
1836
3635
1492
3
1613
2166
1345
270
29
3996
3141
1469
820
3707
2489
2704
2022
254
1193
2936
809
878
1211
281
1826
2103
50 1 4000
3207
447
85
1563
581
3836
1233
1197
668
3324
877
1441
1250
21
2585
1143
2316
917
3813
2515
85
1039
3201
3199
3499
1418
243
3807
3228
414
3615
3336
3063
3393
1248
2198
1312
1437
2552
2087
2692
2409
2183
3098
3029
2366
2664
56
1056
3941
50 1 4000
1486
3981
911
232
1701
2285
1992
2687
1612
1670
1003
2579
2408
3230
1783
1480
518
3676
1851
3225
2219
3310
3789
2386
2718
1548
2120
1489
2148
2455
1873
96
990
1044
1316
1334
1247
3876
3660
420
796
1142
2333
3924
997
3581
335
1994
1078
2570
50 1 4000
343
1771
2299
2617
2710
1001
3865
1913
863
777
256
3331
2647
1974
1483
2787
1429
332
2283
3942
2360
1474
1083
1437
3018
3448
87
3206
753
2443
1895
499
3660
1363
3971
3495
1385
832
1229
2980
3953
1332
1235
1281
2710
1183
3322
2167
3176
2606
50 1 4000
2252
3699
2962
1032
232
2881
1737
739
2122
1884
2426
263
120
3076
451
2140
537
3310
328
400
2092
1430
444
821
1320
1021
3144
2957
1097
1141
1039
3023
2927
2163
2852
2758
3848
1230
2288
3805
1970
2718
3009
1932
327
734
2062
3973
3104
3976
50 1 4000
3168
750
30
1130
2567
582
85
3280
364
2135
599
193
2040
208
1626
578
1601
881
1130
1927
2364
2777
3232
3714
2771
1436
3593
1314
1895
156
426
3227
1017
3165
1752
2256
1357
3883
2440
1029
1074
1192
2022
32
3732
2995
582
1719
1754
1119
7 447 3322
1563
586
1866
2378
517
878
1222
14 1425 2076
204
673
2077
1895
1170
3992
113
844
1798
3021
31
1958
1888
615
18 2354 2546
1150
936
3807
1440
3701
1100
3878
2917
2730
1087
1058
3509
214
2027
70
3360
185
3044
25 768 2888
667
392
32
2614
2986
3564
3476
511
1067
3485
2857
1511
1479
3019
2535
3187
190
1519
3792
2679
837
1235
728
1152
1750
9 1281 1792
2029
1991
661
2738
3119
1506
2489
2618
399
7 447 3322
2378
1866
1563
1222
878
586
517
14 1425 2076
3992
3021
2077
1958
1895
1888
1798
1170
844
673
615
204
113
31
18 2354 2546
3878
3807
3701
3509
3360
3044
2917
2730
2027
1440
1150
1100
1087
1058
936
214
185
70
25 768 2888
3792
3564
3485
3476
3187
3019
2986
2857
2679
2614
2535
1750
1519
1511
1479
1235
1152
1067
837
728
667
511
392
190
32
9 1281 1792
3119
2738
2618
2489
2029
1991
1506
661
399
7 447 3322
517
586
878
1222
1563
1866
2378
14 1425 2076
31
113
204
615
673
844
1170
1798
1888
1895
1958
2077
3021
3992
18 2354 2546
70
185
214
936
1058
1087
1100
1150
1440
2027
2730
2917
3044
3360
3509
3701
3807
3878
25 768 2888
32
190
392
511
667
728
837
1067
1152
1235
1479
1511
1519
1750
2535
2614
2679
2857
2986
3019
3187
3476
3485
3564
3792
9 1281 1792
399
661
1506
1991
2029
2489
2618
2738
3119
50 1 4000
3207
2503
1427
2624
2257
2326
3979
661
1028
763
3297
3739
2970
598
2021
1368
2972
1162
3973
1424
2965
1856
2539
2788
1627
2843
2807
3599
3472
35
3005
2353
3319
2204
1332
1488
2912
3083
1450
3495
2492
1591
1173
3954
1197
2481
3752
1160
2144
1749
50 1 4000
3180
12
3035
436
1725
1731
1222
2689
2285
2180
2034
3742
3281
1393
1762
1274
709
2941
3224
2658
2302
2366
3234
1371
837
1721
569
980
2678
2975
207
341
133
137
692
2534
2696
2799
2461
3167
1043
2005
229
2189
639
2958
3539
2059
948
3927
50 1 4000
165
3832
3163
989
3538
3160
1148
3395
592
3297
3396
2713
3386
3602
2829
3890
3472
2734
430
449
1907
1870
425
953
2250
3140
1803
3825
263
5
230
2988
2851
470
2965
137
1549
3948
3390
1458
1020
568
569
603
3193
2928
144
2782
921
3370
50 1 4000
3398
3315
1343
1781
2254
100
3809
2869
3441
2830
2338
1557
2191
518
2566
1573
898
848
3116
514
1447
1606
601
911
191
961
1619
2778
1126
2906
1244
3354
905
2587
2774
1063
3246
1372
2807
2425
87
591
1776
1522
3458
2365
2189
3108
979
2639
50 1 4000
846
1393
96
3083
2809
2676
3912
3368
804
3834
422
3056
3143
2380
2696
674
3473
3878
2387
3032
531
293
2324
3291
1759
2562
2992
398
3671
2512
1502
1285
3725
3582
3061
1222
2205
13
2487
1139
1652
2354
448
1736
1761
3844
2283
3132
3640
2774
1 1 100
111
5 1 100
1
2
3
4
5
6 1 100
111
1
2
3
4
5
2 400 500
765
346
1 252 252
252
2 252 252
525
252
0 0 0
