3 1988 2014
400
100
4
1 1000 1999
1
2 1111 3333
2
2
6 2000 3000
5
7
11
9
3
13
20 1982 2540
2275
741
481
628
845
764
356
269
3068
187
3885
3972
1681
1815
1099
2179
2733
3491
284
220
15 3961 3991
3987
674
3802
462
3506
3871
1634
3681
940
3516
1556
1532
2537
3893
1334
14 2098 3189
55
3588
5
2455
2332
2946
2813
1879
354
1303
3906
3209
1804
3013
27 1967 2445
3553
642
680
812
1588
1257
664
565
2755
2688
1339
3816
2853
792
425
2937
1077
2620
2351
334
449
2718
2009
106
2461
707
2512
46 2534 3599
970
3930
1989
3771
1804
3694
3013
3333
2042
3548
3369
3927
461
2960
1178
948
1079
873
842
2595
2504
3151
3627
2036
485
3517
2666
1507
3594
1233
2749
2
2018
1798
2353
2370
225
3687
2525
1110
2120
1007
2420
3744
289
222
3 1414 2618
221
2072
1638
34 3474 3623
2565
3325
3669
3619
2001
3019
476
832
3062
3306
732
259
3468
2567
1516
3854
692
3832
1779
1566
770
1478
1071
1219
324
1353
1535
1422
3470
3636
1995
657
1392
2690
5 3117 3687
1725
1577
3917
2607
2044
17 2646 2905
1732
3760
1040
798
2644
337
1251
2371
1342
1311
1425
3894
3123
1889
67
1810
3525
30 3854 3965
3297
3878
2410
3327
1846
1699
2328
2283
717
430
76
1904
481
812
3551
2141
1944
2466
3409
2486
45
3188
2268
548
3938
98
1289
1120
309
1486
50 1 4000
1670
1982
696
2275
741
481
628
845
764
356
269
3068
187
3885
3972
1681
1815
1099
2179
2733
3491
284
220
1615
3961
1906
3987
674
3802
462
3506
3871
1634
3681
940
3516
1556
1532
2537
3893
1334
1214
2098
1005
55
3588
5
2455
2332
2946
50 1 4000
2813
1879
354
1303
3906
3209
1804
3013
677
1967
2106
3553
642
680
812
1588
1257
664
565
2755
2688
1339
3816
2853
792
425
2937
1077
2620
2351
334
449
2718
2009
106
2461
707
2512
296
2534
243
970
3930
1989
3771
1804
3694
3013
3333
2042
50 1 4000
3548
3369
3927
461
2960
1178
948
1079
873
842
2595
2504
3151
3627
2036
485
3517
2666
1507
3594
1233
2749
2
2018
1798
2353
2370
225
3687
2525
1110
2120
1007
2420
3744
289
222
1403
1414
3682
221
2072
1638
734
3474
441
2565
3325
3669
3619
50 1 4000
2001
3019
476
832
3062
3306
732
259
3468
2567
1516
3854
692
3832
1779
1566
770
1478
1071
1219
324
1353
1535
1422
3470
3636
1995
657
1392
2690
3905
3117
2857
1725
1577
3917
2607
2044
367
2646
1381
1732
3760
1040
798
2644
337
1251
2371
1342
50 1 4000
1311
1425
3894
3123
1889
67
1810
3525
530
3854
1913
3297
3878
2410
3327
1846
1699
2328
2283
717
430
76
1904
481
812
3551
2141
1944
2466
3409
2486
45
3188
2268
548
3938
98
1289
1120
309
1486
3221
1316
3116
2738
2987
454
3732
642
1291
20 1982 2540
2275
697
825
1626
2757
469
2150
3285
396
1255
1675
5
2677
464
3125
989
509
2726
3888
1491
49 3307 3917
2318
1536
183
3707
2597
1269
3984
1713
309
2208
2358
2421
430
3942
583
473
3749
2625
3827
1754
2874
1772
1893
617
3271
2073
1193
2973
2910
1636
3903
1946
2771
1579
3784
403
3202
889
3562
2377
2972
656
3171
2214
878
1774
1592
584
1899
49 479 1014
100
3660
1799
2955
2883
3723
726
2632
530
2861
1753
543
2080
513
221
3099
2331
1452
3956
279
2093
2946
1984
1571
3421
2452
2055
3067
1742
3488
2092
3111
1153
3798
2249
2042
2087
1387
618
356
3275
803
827
3035
3188
3021
3201
467
1861
35 826 3938
1059
2398
44
1142
3535
2018
1924
3043
3310
1200
439
594
523
2330
3342
3263
146
3365
975
2932
1055
491
978
664
3969
3621
3502
1379
3281
362
3427
1284
3473
2977
1118
42 1408 3921
1682
2443
3809
3771
3020
3126
2403
154
594
1579
2819
3852
1859
3210
1833
673
2411
713
1331
222
2852
3652
1735
1642
2061
3759
3290
3947
4
876
3791
3137
3153
1213
2011
153
2427
333
3334
2823
226
1618
20 1982 2540
3888
3285
3125
2757
2726
2677
2275
2150
1675
1626
1491
1255
989
825
697
509
469
464
396
5
49 3307 3917
3984
3942
3903
3827
3784
3749
3707
3562
3271
3202
3171
2973
2972
2910
2874
2771
2625
2597
2421
2377
2358
2318
2214
2208
2073
1946
1899
1893
1774
1772
1754
1713
1636
1592
1579
1536
1269
1193
889
878
656
617
584
583
473
430
403
309
183
49 479 1014
3956
3798
3723
3660
3488
3421
3275
3201
3188
3111
3099
3067
3035
3021
2955
2946
2883
2861
2632
2452
2331
2249
2093
2092
2087
2080
2055
2042
1984
1861
1799
1753
1742
1571
1452
1387
1153
827
803
726
618
543
530
513
467
356
279
221
100
35 826 3938
3969
3621
3535
3502
3473
3427
3365
3342
3310
3281
3263
3043
2977
2932
2398
2330
2018
1924
1379
1284
1200
1142
1118
1059
1055
978
975
664
594
523
491
439
362
146
44
42 1408 3921
3947
3852
3809
3791
3771
3759
3652
3334
3290
3210
3153
3137
3126
3020
2852
2823
2819
2443
2427
2411
2403
2061
2011
1859
1833
1735
1682
1642
1618
1579
1331
1213
876
713
673
594
333
226
222
154
153
4
20 1982 2540
5
396
464
469
509
697
825
989
1255
1491
1626
1675
2150
2275
2677
2726
2757
3125
3285
3888
49 3307 3917
183
309
403
430
473
583
584
617
656
878
889
1193
1269
1536
1579
1592
1636
1713
1754
1772
1774
1893
1899
1946
2073
2208
2214
2318
2358
2377
2421
2597
2625
2771
2874
2910
2972
2973
3171
3202
3271
3562
3707
3749
3784
3827
3903
3942
3984
49 479 1014
100
221
279
356
467
513
530
543
618
726
803
827
1153
1387
1452
1571
1742
1753
1799
1861
1984
2042
2055
2080
2087
2092
2093
2249
2331
2452
2632
2861
2883
2946
2955
3021
3035
3067
3099
3111
3188
3201
3275
3421
3488
3660
3723
3798
3956
35 826 3938
44
146
362
439
491
523
594
664
975
978
1055
1059
1118
1142
1200
1284
1379
1924
2018
2330
2398
2932
2977
3043
3263
3281
3310
3342
3365
3427
3473
3502
3535
3621
3969
42 1408 3921
4
153
154
222
226
333
594
673
713
876
1213
1331
1579
1618
1642
1682
1735
1833
1859
2011
2061
2403
2411
2427
2443
2819
2823
2852
3020
3126
3137
3153
3210
3290
3334
3652
3759
3771
3791
3809
3852
3947
50 1 4000
1670
55
2136
726
2221
2376
3080
963
300
2955
2199
588
2647
862
2014
826
3671
3633
535
3200
2031
1229
486
1804
3225
1606
1405
2627
1038
2292
3966
246
1666
195
2322
2646
2812
1940
965
2537
3894
1017
2088
3600
791
2768
805
433
3468
3801
50 1 4000
18
1519
3439
2826
963
3559
1138
1905
227
2974
3665
3607
3472
1194
1979
774
2928
1735
262
3216
2063
3087
881
2318
3175
83
760
3933
2739
1802
1439
3879
2071
420
186
1478
1475
2414
3499
3513
2098
179
94
3847
3310
3961
620
1948
3937
2616
50 1 4000
1943
2910
2370
2319
532
2390
3269
314
859
2588
249
2921
104
3801
2270
2034
667
3034
2561
1051
3255
455
1044
2418
2254
2208
1335
3121
1554
2839
2301
157
2093
3506
3397
2398
660
1598
880
1237
150
1379
1346
875
1789
3886
3679
11
1593
1034
50 1 4000
3369
2346
792
3924
2348
2153
1618
239
2083
2628
2426
2029
3395
1645
3106
1648
655
2502
1820
3415
3222
1356
1951
3308
3235
3704
2854
37
2510
703
101
3187
3219
811
1008
1184
2009
558
2748
862
257
1830
181
3633
3977
3363
2768
2331
1540
1628
50 1 4000
3819
1898
654
1730
2809
3581
302
1266
1778
1785
1347
1142
2956
2898
1827
927
3427
380
3866
1799
831
3431
1486
3386
27
404
1904
2026
567
1577
2553
65
2582
3243
3255
3177
3693
1981
3272
479
84
787
3114
576
2485
3481
1682
153
440
2167
1 1 100
111
5 1 100
1
2
3
4
5
6 1 100
111
1
2
3
4
5
2 400 500
765
346
1 252 252
252
2 252 252
525
252
0 0 0
