3 1988 2014
400
100
4
1 1000 1999
1
2 1111 3333
2
2
6 2000 3000
5
7
11
9
3
13
33 3517 3535
1931
2021
3882
2163
1901
668
332
1805
1971
1940
1701
3275
3667
606
2465
3105
3143
1201
2953
499
863
1098
1658
1139
1804
3840
1819
3021
1546
1076
4000
1913
1626
20 2050 3251
1510
994
1775
1573
3074
1322
3967
2469
1537
1793
2420
629
2450
206
2403
451
37
3852
126
2550
1 829 1483
3652
18 218 3678
1123
1567
2180
3746
3850
3874
1303
3323
2521
803
311
1416
2816
3822
1007
2067
98
2547
19 977 2042
1167
560
3818
839
2846
577
205
2105
1742
796
2472
3495
3056
1015
3859
2976
1642
3015
3388
7 221 759
1714
3854
2806
1960
3896
1046
3213
43 3008 3160
1020
3385
87
400
2896
1718
1976
3924
3441
3198
365
2590
2985
1095
602
2612
106
3991
950
747
1637
213
177
3763
2297
2178
40
2777
183
3295
1352
2670
3520
2998
1489
1708
3851
2417
1278
1835
2547
3251
1039
20 2963 3336
2096
755
842
3649
2357
3578
2326
431
372
1559
665
2365
732
3916
2602
745
2411
2703
2819
2374
40 1402 3038
1327
3108
755
3253
1228
1380
1906
872
704
3742
576
1836
2345
314
3204
2554
602
152
1820
1387
3435
2959
388
1417
848
815
2495
2010
1904
3048
1672
1763
3677
3837
3739
1109
1315
2319
2054
3862
34 2814 2898
2309
3808
2888
572
2072
1989
7
1863
1392
1089
2677
684
2277
1312
3966
2821
1308
2486
2918
1176
2211
3032
394
629
2789
1042
3148
2875
928
36
2945
3258
296
208
50 1 4000
133
3517
3159
1931
2021
3882
2163
1901
668
332
1805
1971
1940
1701
3275
3667
606
2465
3105
3143
1201
2953
499
863
1098
1658
1139
1804
3840
1819
3021
1546
1076
4000
1913
1626
120
2050
3651
1510
994
1775
1573
3074
1322
3967
2469
1537
1793
2420
50 1 4000
629
2450
206
2403
451
37
3852
126
2550
3351
829
1189
3652
3718
218
498
1123
1567
2180
3746
3850
3874
1303
3323
2521
803
311
1416
2816
3822
1007
2067
98
2547
1569
977
3149
1167
560
3818
839
2846
577
205
2105
1742
796
2472
3495
3056
50 1 4000
1015
3859
2976
1642
3015
3388
607
221
3091
1714
3854
2806
1960
3896
1046
3213
43
3008
3544
1020
3385
87
400
2896
1718
1976
3924
3441
3198
365
2590
2985
1095
602
2612
106
3991
950
747
1637
213
177
3763
2297
2178
40
2777
183
3295
1352
50 1 4000
2670
3520
2998
1489
1708
3851
2417
1278
1835
2547
3251
1039
2520
2963
512
2096
755
842
3649
2357
3578
2326
431
372
1559
665
2365
732
3916
2602
745
2411
2703
2819
2374
590
1402
2210
1327
3108
755
3253
1228
1380
1906
872
704
3742
576
1836
50 1 4000
2345
314
3204
2554
602
152
1820
1387
3435
2959
388
1417
848
815
2495
2010
1904
3048
1672
1763
3677
3837
3739
1109
1315
2319
2054
3862
3434
2814
334
2309
3808
2888
572
2072
1989
7
1863
1392
1089
2677
684
2277
1312
3966
2821
1308
2486
2918
33 3517 3535
1931
1993
3104
3209
3105
3853
542
940
3115
1829
871
3172
3467
1435
1275
2955
2807
3097
1911
2070
1323
3614
1280
2093
1900
3340
1957
1460
2266
3363
1120
1075
2842
1 1592 3532
2457
8 3331 3870
2961
1355
3784
2875
3416
223
524
1596
49 1028 2128
3142
1208
472
3146
381
3846
2517
3806
3190
449
1095
3042
1399
3602
260
164
2556
1173
2994
2196
993
2507
796
1429
3263
1172
1630
3872
3157
520
3991
353
2046
3792
1091
3892
251
1294
2119
1313
1867
1260
559
1300
3844
858
1563
2466
1288
41 856 3939
3840
2425
1560
1529
1740
2754
2494
105
2788
572
808
3050
2326
3343
1083
1699
3184
3957
2168
2608
359
2521
2588
3661
446
1138
2784
711
3586
2732
1580
526
2456
3349
1675
1315
2969
2926
1347
1818
999
33 3517 3535
3853
3614
3467
3363
3340
3209
3172
3115
3105
3104
3097
2955
2842
2807
2266
2093
2070
1993
1957
1931
1911
1900
1829
1460
1435
1323
1280
1275
1120
1075
940
871
542
1 1592 3532
2457
8 3331 3870
3784
3416
2961
2875
1596
1355
524
223
49 1028 2128
3991
3892
3872
3846
3844
3806
3792
3602
3263
3190
3157
3146
3142
3042
2994
2556
2517
2507
2466
2196
2119
2046
1867
1630
1563
1429
1399
1313
1300
1294
1288
1260
1208
1173
1172
1095
1091
993
858
796
559
520
472
449
381
353
260
251
164
41 856 3939
3957
3840
3661
3586
3349
3343
3184
3050
2969
2926
2788
2784
2754
2732
2608
2588
2521
2494
2456
2425
2326
2168
1818
1740
1699
1675
1580
1560
1529
1347
1315
1138
1083
999
808
711
572
526
446
359
105
33 3517 3535
542
871
940
1075
1120
1275
1280
1323
1435
1460
1829
1900
1911
1931
1957
1993
2070
2093
2266
2807
2842
2955
3097
3104
3105
3115
3172
3209
3340
3363
3467
3614
3853
1 1592 3532
2457
8 3331 3870
223
524
1355
1596
2875
2961
3416
3784
49 1028 2128
164
251
260
353
381
449
472
520
559
796
858
993
1091
1095
1172
1173
1208
1260
1288
1294
1300
1313
1399
1429
1563
1630
1867
2046
2119
2196
2466
2507
2517
2556
2994
3042
3142
3146
3157
3190
3263
3602
3792
3806
3844
3846
3872
3892
3991
41 856 3939
105
359
446
526
572
711
808
999
1083
1138
1315
1347
1529
1560
1580
1675
1699
1740
1818
2168
2326
2425
2456
2494
2521
2588
2608
2732
2754
2784
2788
2926
2969
3050
3184
3343
3349
3586
3661
3840
3957
50 1 4000
133
1606
567
726
3565
1102
717
1191
3356
2780
3895
238
2828
373
847
507
1150
2257
2029
1634
1321
1748
2631
2957
362
683
733
1261
976
3051
2921
1513
2036
2837
2629
576
2636
468
769
3428
3554
1529
3379
2339
3710
722
939
3313
2689
947
50 1 4000
1726
3097
2749
3103
396
3756
595
1334
2392
644
2211
2045
1511
156
1345
150
1731
779
3041
3429
582
1297
3882
1885
1743
3277
725
936
3238
1650
1715
3150
434
3910
3567
1779
2651
3215
3646
2167
180
426
2483
1833
1478
1142
638
1205
3534
289
50 1 4000
3094
2725
2748
2498
3059
1067
2202
3619
3781
3990
110
3037
1100
1733
1196
1930
1194
3473
3198
1153
2523
2358
2345
2496
22
2212
3565
520
1362
1679
1357
1895
1786
131
2597
3819
3231
2881
1444
1081
2388
1587
1261
3357
2141
3182
1365
3614
1070
2206
50 1 4000
3360
1933
3947
2636
468
90
1777
2638
656
3833
1698
858
1346
731
3854
3329
2097
1721
2699
3695
3970
1950
915
3373
2271
3596
274
2611
2364
2716
110
3213
745
2648
3526
2854
3535
3224
3996
3561
2053
102
3605
1370
3674
2420
575
1132
543
1087
50 1 4000
2612
958
2399
1331
2431
2875
2661
3391
944
2959
2667
2908
1291
888
421
3650
2866
1644
3229
2799
1949
3541
297
1852
532
358
1189
3487
2815
143
2569
3748
899
826
628
434
2298
623
2921
1832
1468
178
3456
1405
229
405
184
2958
1585
2578
1 1 100
111
5 1 100
1
2
3
4
5
6 1 100
111
1
2
3
4
5
2 400 500
765
346
1 252 252
252
2 252 252
525
252
0 0 0
