1
2
3
390
1124
1546
314159265358979323
367768079633998990
743148880418369048
644495949832296817
595575273105045610
656706359090965846
263859705773810900
921452960620878409
393708074523713925
728639751310014430
820164963332720064
142361330272498461
172968517462100115
858646349362608599
432798311281584997
782404488617005704
845852443004076612
918234202281033839
774991372158799443
643468073656953186
106987628375238202
78
189
596
1025
3722
4635
15398
38554
64356
156993
328288
479801
493837
1332825
4770518
2360049
19469096
36737721
33035943
1
5
9
13
17
21
25
29
33
37
41
45
49
53
57
61
65
69
73
77
1
82
325
892
2107
4618
9721
20008
40663
82054
164917
330724
662419
1325890
2652913
5307040
10615375
21232126
42465709
729583139634015979
3061040371724649
41236084088107073
22799473113559167
167125767418553
448600744129108
716881581306388
18760417145796
81
82
0
