10
12
13
2020
25252
57577
7744444777744474777777774774744777747477444774744744
11010100100110001111010110010010011111111010101010010
111121112211122222211111212111211211112222222211221221
78778878878788787788788787877888788878787878778887877
66667777676667666777666767776677677767766766767766766
83838333838838888383338333888383883883888888338388338
5005055050550000000500500005005055555555050505505055
333337737373337337373777737377333373733373737737777337
14441414441441441411114411444114411111444114114141141
99999949449499999999449449494444944444444944499949494
220002220022222022000002020000202020220002022022022220
606660006006660000000606000606006060000006606606600
911911111199999119919111111919119999119911199999919
229292922229922922999222992229299922299922929299999992
24224422442444422242424422244242422444444442222444244
133133313131113133331131313331313311111131113331311331
223323222322322323222232333323323223333223223323323233
333333223332232232232223232333322322332323222332232332
121112121211212111221111111112211112112112222212221112
77997777799979977997999777797979777779799979779977979
228222882228282888228822222828282828888288228828882
95
499
5455
19991
668868
1010001
59599595
911999191
6262666262
92922222299
999889998899
5055005555005
5550505005505
101101100010111
8338333333833833
800088888808880
882228822822288222
7767667766677776667
6000006660066060660
10
15
19
24
28
32
37
41
46
50
54
59
63
68
72
76
81
85
90
94
10
100
1000
10000
100000
1000000
10000000
100000000
1000000000
10000000000
100000000000
1000000000000
10000000000000
100000000000000
1000000000000000
10000000000000000
100000000000000000
1000000000000000000
10000000000000000000
100000000000000000000000000000000000000000000000000000
1333333333333333333333333333333333333333333333
8555555555555555555555555555555555555555555555555
999999999999999999999999999999999999999999999998
88888888888888888888888888888888888888880
3333333333333333333333333333333333333333337
10111111111111111111111111111111111111111111
72777777777777777777777777777777777777
98
100
