1
2
3
390
1124
1546
314159265358979323
255197386740465158
691667254398837098
986439946075971422
164438848066629355
414648789231424084
228245374964928789
921483876231783448
636546474011255839
185242968663462996
121305051688840639
726982272450561107
229345759158396293
120166452944567584
931306341253773112
257452034583766544
208280714691351190
105078318400121609
276653958759967716
749153706977281883
631888059185125735
64
255
330
1786
2647
5177
1204
31220
48209
161740
190173
506478
1285373
1546383
3802221
7236790
16816249
35530817
72604083
2
6
10
14
18
22
26
30
34
38
42
46
50
54
58
62
66
70
74
78
10
109
388
1027
2386
5185
10864
22303
45262
91261
183340
367579
736138
1473337
2947816
5896855
11795014
23591413
47184292
729583139634015979
3061040371724649
41236084088107073
22799473113559167
167125767418553
448600744129108
716881581306388
18760417145796
81
82
0
