10
12
13
2020
25252
57577
7744444777744474777777774774744777747477444774744744
4454545445445454545555454444454445544444555454455545
91119191191999199191111119119119919911999119119991991
433333433343344443344443343343333444343344333343334443
844448848444844448488484884484484484488888848448844
22222225222225552222225555522525255552552225522525252
3330333000333333030330030000033030030030000330033030
333337773337337377373333333737333373777377373737337333
77773377737777373373737333373377737777777373733377337
1111121222121222222221211111121211221121121122121111
393999939933933993939333399393999999399993999999933
99998998888989888899889989899899899888889898989899999
3333311133113311111131333113133111113333133111113131
373777373737733333373373737737377733333773737377737
333933939393933393999399399999933333333333933339939333
4494949449994944449499949944444944494499499494944999
2222333323322233232233233322323333322232223322233233
222662622222262662262222226662626266266626622666626
5558885888885855888858558558855858888888885585555855
111313311113331313113333113131311133111313311113333113
77700777070707707077770007007700070700770707007700007
80
757
1101
77700
288882
1999111
33330
577777557
2332223322
99595559995
222662666262
5599595995999
98888998998898
225552525255555
4844844884844444
44144114111441114
646446666446464666
7111171777117777117
76777776666666777766
12
16
20
25
29
34
38
42
47
51
56
60
64
69
73
78
82
86
91
95
20
200
2000
20000
200000
2000000
20000000
200000000
2000000000
20000000000
200000000000
2000000000000
20000000000000
200000000000000
2000000000000000
20000000000000000
200000000000000000
2000000000000000000
20000000000000000000
100000000000000000000000000000000000000000000000000000
1333333333333333333333333333333333333333333333
8555555555555555555555555555555555555555555555555
999999999999999999999999999999999999999999999998
88888888888888888888888888888888888888880
3333333333333333333333333333333333333333337
10111111111111111111111111111111111111111111
72777777777777777777777777777777777777
98
100
