1
2
3
390
1124
1546
314159265358979323
775167092997406571
480853347610540086
698859984779788787
918413163908748153
405018299529152207
858076574502930598
641898368835171820
847800321124368533
359026907096578430
227008513813119579
508858596698434565
622653312285553951
845876979737658214
715537420434177990
531087520460051026
316814511122029487
909326870785788942
683452289247827317
316266867966822898
458834939872024522
20
170
328
910
4132
7893
11224
36759
75700
126473
276779
573589
987827
1327045
4196093
8631180
19481320
21450394
71873546
3
7
11
15
19
23
27
31
35
39
43
47
51
55
59
63
67
71
75
79
19
136
451
1162
2665
5752
12007
24598
49861
100468
201763
404434
809857
1620784
3242719
6486670
12974653
25950700
51902875
729583139634015979
3061040371724649
41236084088107073
22799473113559167
167125767418553
448600744129108
716881581306388
18760417145796
81
82
0
