10
12
13
2020
25252
57577
7744444777744474777777774774744777747477444774744744
121112222211211212221211221122212122212212111121112112
37733373737377337337337737737377333733733733733373737
94494994994494999494444494944944494449949449499999999
333333311331333331311111131333331311313331131131311111
19991999191199999999919199991999919999919199991199911
229222922222222229922922922929292929229929922999229929
77877788887887787878778877777787877878877788788878888
224244444444244442244224442424222424224224222442444422
9979977779797779777999799997797799779777979777999779
3311133333331111313113311131331311311113113133311111
44477774747444477447474477447444777474477774477747747
76766666776777776667767777667666666666766677666677667
223323223232223232222332322322333322233223232232223323
99595555995595999999555959555599995959559555599595595
51551551155151511511511555115515151511151115511555151
7773733377373337777373337377333777733373773337377333
331331311311333333311131133313333113333113331311331313
88888800888000088880008808008800080880880088008888000
7771711771771111717117717777177111771717717171177177
33333222332333333223223322223322333222232322232322222
31
434
1011
11115
848444
6686668
22232223
855858885
8866688866
56665665555
711711717711
7770077700777
55455545444544
100010010000011
6444664444666446
66666333633366336
882822822288288222
1110101010010011100
74447477747474474477
13
17
21
26
30
35
39
43
48
52
57
61
65
70
74
79
83
87
92
96
30
300
3000
30000
300000
3000000
30000000
300000000
3000000000
30000000000
300000000000
3000000000000
30000000000000
300000000000000
3000000000000000
30000000000000000
300000000000000000
3000000000000000000
30000000000000000000
100000000000000000000000000000000000000000000000000000
1333333333333333333333333333333333333333333333
8555555555555555555555555555555555555555555555555
999999999999999999999999999999999999999999999998
88888888888888888888888888888888888888880
3333333333333333333333333333333333333333337
10111111111111111111111111111111111111111111
72777777777777777777777777777777777777
98
100
