1
2
3
390
1124
1546
314159265358979323
236688025834146502
285918711201855067
274357337429180751
197105677687460288
299746514664890169
892538213322000904
620649708383198477
318231769431164050
231608998525864316
872221938293181007
760264255139474738
451741436598402628
232575999303520035
743503039758208932
301904765514912653
267888777219046882
186755270946960843
492583264473518362
301559842759080420
325051082612730199
25
178
336
1775
898
6953
11483
31411
71941
87459
214728
535704
1116419
1596019
958661
8648147
16699540
33944396
64641081
4
8
12
16
20
24
28
32
36
40
44
48
52
56
60
64
68
72
76
80
28
163
514
1297
2944
6319
13150
26893
54460
109675
220186
441289
883576
1768231
3537622
7076485
14154292
28309987
56621458
729583139634015979
3061040371724649
41236084088107073
22799473113559167
167125767418553
448600744129108
716881581306388
18760417145796
81
82
0
