1 2
2 1
2 2
20 622664723
15 8825393453
16 2965463178
1 1259279285
3 9772408185
14 3631903759
14 8819506517
3 2152041009
12 5764383128
3 828697240
16 8065330293
17 1710745186
15 9764611020
16 4295156673
8 5420076734
7 8692464448
10 9187569811
8 5724186903
4 259518242
4 3301575798
10 4825528922
6 5104911235
4 4241050978
8 5943691291
19 8816810176
1 6764337118
15 7716620819
13 5292320273
17 4369586507
18 2268431544
20 23
15 53
16 78
1 85
3 85
14 59
14 17
3 9
12 28
3 40
16 93
17 86
15 20
16 73
8 34
7 48
10 11
8 3
4 42
4 98
10 622664723
5 8825393453
6 2965463178
1 1259279285
3 9772408185
4 3631903759
4 8819506517
3 2152041009
2 5764383128
3 828697240
6 8065330293
7 1710745186
5 9764611020
6 4295156673
8 5420076734
7 8692464448
10 9187569811
8 5724186903
4 259518242
4 3301575798
10 23
5 53
6 78
1 85
3 85
4 59
4 17
3 9
2 28
3 40
6 93
7 86
5 20
6 73
8 34
7 48
10 11
8 3
4 42
4 98
1 1
1 10000000000
20 1
20 10000000000
0 0
