4.25
7
7.9722222222
110.963519115581
87.99672231283118
92.5254569717016
6.0
18.0
82.33577278056515
82.79589162630442
18.0
71.91091795732318
18.0
93.07605368607103
97.1639114244276
88.03028294720272
92.76414842217069
48.0
42.0
60.0
48.0
24.0
24.0
60.0
36.0
24.0
48.0
108.1642890440809
6.0
87.94821974654408
77.17140285272048
97.8088679846132
102.2931888328659
82.77413222853608
65.88204886228775
70.84877546395049
5.999999597093369
16.709978154561252
62.187063537406296
58.795252640995685
14.129987904722652
52.388500873391784
15.997609245471436
71.29335271690228
75.06991018288429
63.137388014843296
70.67716435366734
36.85412699076232
33.38553659249993
42.14933442494053
31.05235209359751
20.46571754214873
21.443696800945734
59.99995621261386
30.0
36.0
6.0
18.0
24.0
24.0
18.0
12.0
18.0
36.0
42.0
30.0
36.0
48.0
42.0
60.0
48.0
24.0
24.0
44.01160396860267
25.09674870540636
29.947915868816725
5.999999597093369
16.709978154561252
20.887815264189708
19.20399698004146
14.129987904722652
11.078378682688841
15.997609245471436
30.19373144927882
34.352942195079
23.607901849513773
29.852348924567018
36.85412699076232
33.38553659249993
42.14933442494053
31.05235209359751
20.46571754214873
21.443696800945734
3.5
6.0
70.0
113.1608211807813
