1 2
2 1
2 2
3 1484678427
16 8299637869
16 7938092737
5 621934007
17 3165154867
3 638026399
6 1516529439
6 7579879080
5 5291672310
13 9270498183
5 9043414970
14 6188417304
1 540302541
12 8987485485
3 7634975526
11 985036702
12 8884063708
5 707313838
14 8234220780
13 5866194967
8 7290672788
14 8658994692
4 2817185462
16 4897070397
18 2217124362
3 6500752825
5 1484993657
9 1551075811
10 8919939459
20 4040817414
3 27
16 69
16 37
5 7
17 67
3 99
6 39
6 80
5 10
13 83
5 70
14 4
1 41
12 85
3 26
11 2
12 8
5 38
14 80
13 67
3 1484678427
6 8299637869
6 7938092737
5 621934007
7 3165154867
3 638026399
6 1516529439
6 7579879080
5 5291672310
3 9270498183
5 9043414970
4 6188417304
1 540302541
2 8987485485
3 7634975526
1 985036702
2 8884063708
5 707313838
4 8234220780
3 5866194967
3 27
6 69
6 37
5 7
7 67
3 99
6 39
6 80
5 10
3 83
5 70
4 4
1 41
2 85
3 26
1 2
2 8
5 38
4 80
3 67
1 1
1 10000000000
20 1
20 10000000000
0 0
