4.25
7
7.9722222222
18.0
93.08920591932032
93.06884121210173
30.0
97.58941046969295
18.0
36.0
36.0
30.0
77.38897219239418
30.0
82.61861177944454
6.0
71.9797352081076
18.0
65.91546290929618
71.97874916265256
30.0
82.76379164066068
77.2070223627899
48.0
82.78744315417548
24.0
92.84115955066066
102.27655921565767
18.0
30.0
54.0
60.0
112.48701108362893
15.569606776265113
70.5293187740684
68.82577317765619
21.68652365692375
74.40343448635602
16.834318338272695
28.872495786912545
29.983561924241528
22.37319630350064
58.997260718040934
25.477438811180814
54.061756523769645
5.998772054080149
55.006393094111544
15.524442056666333
40.77364483354573
48.884229994093616
24.622505183041856
62.93148207657575
58.50168087348325
18.0
36.0
36.0
30.0
42.0
18.0
36.0
36.0
30.0
18.0
30.0
24.0
6.0
12.0
18.0
6.0
12.0
30.0
24.0
18.0
15.569606776265113
29.768755931305634
28.785383947019962
21.68652365692375
33.95440812800623
16.834318338272695
28.872495786912545
29.983561924241528
22.37319630350064
16.68940772470652
25.477438811180814
16.7259781678052
5.998772054080149
11.814992857334559
15.524442056666333
4.25
9.839960674873833
24.622505183041856
21.220762447265244
16.49397988159294
3.5
6.0
70.0
113.1608211807813
