1 2
2 1
2 2
6 8896532995
1 5581675437
4 3020730396
1 5035570097
3 6207165421
4 4291931439
6 2117634530
18 852428351
9 3210578460
12 3957538549
2 5127168717
12 8506427639
2 5014618231
11 5962450089
1 6257386063
13 3690029416
4 1864072440
19 1609753691
13 4202175561
13 2993378575
17 1419921241
1 9819305488
14 1543734602
13 2720031724
1 64796314
1 5365820557
2 7251538391
14 4491408328
7 5040927845
2 1059207370
6 95
1 37
4 96
1 97
3 21
4 39
6 30
18 51
9 60
12 49
2 17
12 39
2 31
11 89
1 63
13 16
4 40
19 91
13 61
13 75
6 8896532995
1 5581675437
4 3020730396
1 5035570097
3 6207165421
4 4291931439
6 2117634530
8 852428351
9 3210578460
2 3957538549
2 5127168717
2 8506427639
2 5014618231
1 5962450089
1 6257386063
3 3690029416
4 1864072440
9 1609753691
3 4202175561
3 2993378575
6 95
1 37
4 96
1 97
3 21
4 39
6 30
8 51
9 60
2 49
2 17
2 39
2 31
1 89
1 63
3 16
4 40
9 91
3 61
3 75
1 1
1 10000000000
20 1
20 10000000000
0 0
