4.25
7
7.9722222222
36.0
6.0
24.0
6.0
18.0
24.0
36.0
101.59868145975973
54.0
71.7956956663656
12.0
71.97472337857084
12.0
65.99999990694897
6.0
77.0632518496322
24.0
106.94231801342578
77.09927348072296
77.01192959086144
97.0492923142978
6.0
81.9747489177088
76.99049044163341
6.0
6.0
12.0
82.44664956672867
42.0
12.0
30.223696209218748
5.997453731340598
21.421169818184143
5.99999995481134
15.26352390822597
20.368623218278106
28.425103156919207
77.56502908155058
42.05407594348565
53.763198118678766
10.65854016747123
53.214202748824306
11.153066829995801
51.03164365869141
5.999977757078591
54.76523578806055
20.401877992475843
83.13276288692431
58.278578385368064
58.766145010427216
36.0
6.0
24.0
6.0
18.0
24.0
36.0
48.0
54.0
12.0
12.0
12.0
12.0
6.0
6.0
18.0
24.0
54.0
18.0
18.0
30.223696209218748
5.997453731340598
21.421169818184143
5.99999995481134
15.26352390822597
20.368623218278106
28.425103156919207
37.63477170207877
42.05407594348565
11.489931003339997
10.65854016747123
11.323958291027262
11.153066829995801
5.999999805697034
5.999977757078591
14.929394358162336
20.401877992475843
42.84129853457495
16.404252555948126
16.598986145811427
3.5
6.0
70.0
113.1608211807813
