1 2
2 1
2 2
9 9758546699
2 5055919853
4 7993359955
5 4398478771
5 138485927
13 1298062271
10 7160052652
3 6131703466
20 4210611578
14 6455975910
3 9716016386
3 3191816065
12 5876884338
3 3496263237
2 9868752855
17 2328361414
10 7693023679
10 1337886178
15 5790030723
16 423198062
3 6914874259
5 6218072975
2 5415220894
1 5689464526
12 8071007280
3 6878571242
12 9297777597
14 8563722294
20 63247533
20 1776250748
9 99
2 53
4 55
5 71
5 27
13 71
10 52
3 66
20 78
14 10
3 86
3 65
12 38
3 37
2 55
17 14
10 79
10 78
15 23
16 62
9 9758546699
2 5055919853
4 7993359955
5 4398478771
5 138485927
3 1298062271
10 7160052652
3 6131703466
10 4210611578
4 6455975910
3 9716016386
3 3191816065
2 5876884338
3 3496263237
2 9868752855
7 2328361414
10 7693023679
10 1337886178
5 5790030723
6 423198062
9 99
2 53
4 55
5 71
5 27
3 71
10 52
3 66
10 78
4 10
3 86
3 65
2 38
3 37
2 55
7 14
10 79
10 78
5 23
6 62
1 1
1 10000000000
20 1
20 10000000000
0 0
