4.25
7
7.9722222222
54.0
12.0
24.0
30.0
30.0
76.69979050265026
60.0
18.0
112.52119365728775
82.64098097049224
18.0
18.0
71.91540497738559
18.0
12.0
97.37153036766477
60.0
59.99999999968061
87.81636186225785
91.2740509167878
18.0
30.0
12.0
6.0
71.96912615868816
18.0
71.98242743705106
82.78230438803261
108.85707154974716
111.84920037887073
42.991694278968055
11.544287332275402
20.805393119867023
25.4967087069873
24.093672344673436
58.638367052817756
45.84488831318222
16.479715351056957
86.63060811920633
57.154594386996365
16.719978559106416
16.46518167843539
53.15113395251561
15.920836437491994
11.569253072559698
69.65068181132662
46.69911276500313
46.67367039945289
63.55506699749836
70.24592830418756
54.0
12.0
24.0
30.0
30.0
18.0
60.0
18.0
60.0
24.0
18.0
18.0
12.0
18.0
12.0
42.0
60.0
59.99999999968061
30.0
36.0
42.991694278968055
11.544287332275402
20.805393119867023
25.4967087069873
24.093672344673436
16.548444890882916
45.84488831318222
16.479715351056957
46.67367039945289
18.359971828130234
16.719978559106416
16.46518167843539
11.30464281362804
15.920836437491994
11.569253072559698
31.00716254751936
46.69911276500313
46.67367039945289
23.84102068991777
29.605484380556454
3.5
6.0
70.0
113.1608211807813
