8
1 1 2 2
0 2
0 0
2 0
2 1
3 1
3 3
1 3
1 2
12
-9 5 9 -9
0 0
0 -13
3 -13
3 -10
10 -10
10 10
-1 10
-1 13
-4 13
-4 10
-10 10
-10 0
12
3 57 53 2
0 0
64 0
64 18
47 18
47 39
64 39
64 60
0 60
0 44
33 44
33 30
0 30
50
4740 4768 5972 1955
3278 -822
4033 -822
4033 -6521
5216 -6521
5216 -9289
6186 -9289
6186 -6004
4123 -6004
4123 -4884
6186 -4884
6186 -504
5216 -504
5216 -1643
4123 -1643
4123 1038
6186 1038
6186 5776
4033 5776
4033 -504
3278 -504
3278 5776
2669 5776
2669 -504
-1673 -504
-1673 1038
1623 1038
1623 5776
-7306 5776
-7306 -4884
-1673 -4884
-1673 -822
2669 -822
2669 -1643
-1376 -1643
-1376 -6004
-7306 -6004
-7306 -6521
-1376 -6521
-1376 -8152
-7306 -8152
-7306 -9289
4123 -9289
4123 -8152
1623 -8152
1623 -6521
3278 -6521
3278 -6004
1623 -6004
1623 -4884
3278 -4884
34
-1411 -8107 -5553 8981
533 -3949
1190 -3949
1190 -9843
4572 -9843
4572 1040
533 1040
533 2009
-674 2009
-674 -7247
-5512 -7247
-5512 -3949
-2248 -3949
-2248 8127
1190 8127
1190 1479
4572 1479
4572 9178
-8032 9178
-8032 8127
-2752 8127
-2752 1040
-5711 1040
-5711 -7247
-6108 -7247
-6108 1479
-5512 1479
-5512 2009
-8032 2009
-8032 -8567
-674 -8567
-674 -9565
-8032 -9565
-8032 -9843
533 -9843
46
1508 3256 945 5378
-7944 -2946
-7944 -9872
1032 -9872
1032 -7763
1500 -7763
1500 -9872
4696 -9872
4696 -2946
3732 -2946
3732 -9557
3318 -9557
3318 -2946
1032 -2946
1032 -1472
610 -1472
610 -2946
-3358 -2946
-3358 3174
1500 3174
1500 -2553
4696 -2553
4696 -1472
3318 -1472
3318 3361
1032 3361
1032 6004
3732 6004
3732 3174
4696 3174
4696 7654
-7944 7654
-7944 6004
610 6004
610 3361
-7944 3361
-7944 3174
-3925 3174
-3925 -1472
-7944 -1472
-7944 -2553
-3925 -2553
-3925 -7763
610 -7763
610 -9557
-6413 -9557
-6413 -2946
42
2879 5259 8405 -4905
9539 -7999
9539 -5839
2933 -5839
2933 -4973
9539 -4973
9539 -2428
9513 -2428
9513 -3871
2933 -3871
2933 4824
9513 4824
9513 391
9539 391
9539 8100
-5579 8100
-5579 391
-5018 391
-5018 4824
-4618 4824
-4618 391
63 391
63 890
-215 890
-215 4824
2876 4824
2876 -3871
-215 -3871
-215 -3304
63 -3304
63 -2428
-4618 -2428
-4618 -5839
-5018 -5839
-5018 -2428
-5579 -2428
-5579 -7999
63 -7999
63 -5839
-215 -5839
-215 -4973
2876 -4973
2876 -7999
38
-4310 -3358 -954 -3815
7325 -9379
8875 -9379
8875 7360
7325 7360
7325 2527
2485 2527
2485 7106
6225 7106
6225 7360
-3389 7360
-3389 2527
-3395 2527
-3395 7360
-5162 7360
-5162 -9379
-3395 -9379
-3395 1994
-3389 1994
-3389 -9379
476 -9379
476 7106
763 7106
763 1994
5678 1994
5678 -1115
763 -1115
763 -9379
2485 -9379
2485 -4741
5678 -4741
5678 -9379
6225 -9379
6225 -4158
2485 -4158
2485 -1590
6225 -1590
6225 1994
7325 1994
44
-1952 -346 -2292 -6742
61 -6825
9495 -6825
9495 -6533
930 -6533
930 6575
4008 6575
4008 -3760
9495 -3760
9495 740
9382 740
9382 -1677
8634 -1677
8634 989
9495 989
9495 3639
8634 3639
8634 6575
9495 6575
9495 7159
61 7159
61 3639
-2462 3639
-2462 989
61 989
61 -1677
-1842 -1677
-1842 740
-5856 740
-5856 6575
-1842 6575
-1842 7159
-8484 7159
-8484 -1079
-2462 -1079
-2462 -1677
-8484 -1677
-8484 -6825
-5856 -6825
-5856 -3760
-2462 -3760
-2462 -6825
-1842 -6825
-1842 -3760
61 -3760
34
7836 2012 4340 2402
5553 705
5553 -9871
8671 -9871
8671 9721
7200 9721
7200 -3337
6827 -3337
6827 9721
5553 9721
5553 2433
4288 2433
4288 8204
5425 8204
5425 9721
-5081 9721
-5081 -3080
4288 -3080
4288 -219
-354 -219
-354 705
4288 705
4288 1202
-354 1202
-354 8204
2630 8204
2630 1928
5553 1928
5553 1202
4366 1202
4366 -3337
-5081 -3337
-5081 -9871
5425 -9871
5425 705
42
-2216 -1832 9841 7721
4670 -7743
133 -7743
133 -9428
9950 -9428
9950 -542
9203 -542
9203 -7743
4814 -7743
4814 1280
9950 1280
9950 3554
4814 3554
4814 4898
9950 4898
9950 7808
9203 7808
9203 4994
4814 4994
4814 7808
4670 7808
4670 -542
3332 -542
3332 7808
2224 7808
2224 3554
1379 3554
1379 7808
-5438 7808
-5438 4898
-749 4898
-749 7711
133 7711
133 3554
-5438 3554
-5438 -9428
-749 -9428
-749 1280
2224 1280
2224 -542
133 -542
133 -7678
4670 -7678
42
-3811 4131 -8979 5945
-1463 -6762
4856 -6762
4856 -7290
-1463 -7290
-1463 -9617
7348 -9617
7348 -6342
-619 -6342
-619 -1587
7348 -1587
7348 9139
4856 9139
4856 694
-2045 694
-2045 1086
-619 1086
-619 3388
-2045 3388
-2045 5666
-619 5666
-619 9139
-9041 9139
-9041 5666
-6696 5666
-6696 694
-8863 694
-8863 3388
-9041 3388
-9041 -9617
-2045 -9617
-2045 -6342
-6696 -6342
-6696 -6762
-4265 -6762
-4265 -7290
-8863 -7290
-8863 -1587
-5125 -1587
-5125 5666
-4265 5666
-4265 -1587
-1463 -1587
46
-5146 -8954 8172 -8753
-9496 6349
-9496 -4599
-6372 -4599
-6372 -7992
-9496 -7992
-9496 -9423
-1819 -9423
-1819 -4599
3635 -4599
3635 -9423
4104 -9423
4104 -4599
8064 -4599
8064 -9423
8337 -9423
8337 6349
4104 6349
4104 7483
8337 7483
8337 8241
-3276 8241
-3276 6
-1819 6
-1819 7483
3635 7483
3635 1307
8064 1307
8064 1051
3635 1051
3635 6
8064 6
8064 -2932
-3276 -2932
-3276 -7992
-4760 -7992
-4760 -2932
-6408 -2932
-6408 1307
-6372 1307
-6372 6
-4760 6
-4760 8241
-9496 8241
-9496 7483
-6372 7483
-6372 6349
50
-1545 -6649 -201 3983
8705 -9026
8705 -5190
6958 -5190
6958 -7736
5727 -7736
5727 -2731
8705 -2731
8705 9406
3340 9406
3340 7547
6958 7547
6958 -2690
5727 -2690
5727 6715
-692 6715
-692 9406
-1826 9406
-1826 6715
-4426 6715
-4426 9406
-6713 9406
-6713 7547
-4791 7547
-4791 -2690
-6541 -2690
-6541 6715
-6713 6715
-6713 -2731
-4791 -2731
-4791 -5190
-6713 -5190
-6713 -9026
-6541 -9026
-6541 -7370
-4791 -7370
-4791 -9026
-692 -9026
-692 -7736
-4426 -7736
-4426 -7370
-692 -7370
-692 -5190
-4426 -5190
-4426 -2731
-692 -2731
-692 -2690
-4426 -2690
-4426 -405
3340 -405
3340 -9026
40
-8177 6197 -7730 -8779
9711 6699
9711 9127
-5135 9127
-5135 4308
-5330 4308
-5330 9127
-8260 9127
-8260 6699
-5442 6699
-5442 6507
-8260 6507
-8260 -9803
-5330 -9803
-5330 -7535
-7531 -7535
-7531 6053
-5442 6053
-5442 243
2035 243
2035 4523
2943 4523
2943 243
4327 243
4327 -7535
-5135 -7535
-5135 -9803
9711 -9803
9711 4308
4013 4308
4013 4523
9711 4523
9711 6507
4327 6507
4327 5236
2035 5236
2035 6699
2943 6699
2943 6053
4013 6053
4013 6699
48
7853 5723 4595 -536
-3189 -7265
-3189 -3854
1495 -3854
1495 -2533
-3189 -2533
-3189 2190
553 2190
553 -679
1495 -679
1495 2190
4508 2190
4508 -679
5771 -679
5771 -4921
4609 -4921
4609 -2533
4508 -2533
4508 -4921
553 -4921
553 -7265
9155 -7265
9155 -4921
6306 -4921
6306 -3854
9155 -3854
9155 -184
7411 -184
7411 -2533
6306 -2533
6306 3579
7411 3579
7411 2190
9155 2190
9155 7193
5771 7193
5771 -184
4609 -184
4609 7193
4508 7193
4508 2932
1495 2932
1495 7193
-4559 7193
-4559 3579
553 3579
553 2932
-4559 2932
-4559 -7265
42
2105 -1264 4077 241
2664 -1830
2117 -1830
2117 659
1377 659
1377 -3088
-2076 -3088
-2076 5951
2117 5951
2117 6586
-7903 6586
-7903 -292
-6216 -292
-6216 5951
-5980 5951
-5980 -3088
-6216 -3088
-6216 -1830
-7903 -1830
-7903 -6706
1377 -6706
1377 -7656
-7903 -7656
-7903 -9741
2117 -9741
2117 -2010
2664 -2010
2664 -9741
9639 -9741
9639 -7656
6223 -7656
6223 -2010
6728 -2010
6728 -6706
9639 -6706
9639 6586
2664 6586
2664 5951
6728 5951
6728 -1830
6223 -1830
6223 659
2664 659
42
2837 -2381 8415 -8372
-7764 -6295
-7764 -9994
9594 -9994
9594 -6295
4229 -6295
4229 -8371
8214 -8371
8214 -9647
2938 -9647
2938 6638
4229 6638
4229 -1297
8214 -1297
8214 -2425
4229 -2425
4229 -4308
9594 -4308
9594 3004
6792 3004
6792 6638
9594 6638
9594 8621
-4341 8621
-4341 6638
2615 6638
2615 3004
-7092 3004
-7092 8621
-7764 8621
-7764 -4308
-7092 -4308
-7092 -1297
2615 -1297
2615 -2425
-4341 -2425
-4341 -8371
-1595 -8371
-1595 -4308
2615 -4308
2615 -9647
-7092 -9647
-7092 -6295
46
5247 460 -5326 3994
-5430 8046
-5430 2133
-8455 2133
-8455 8046
-9972 8046
-9972 485
-5430 485
-5430 -1615
-9972 -1615
-9972 -9444
-8455 -9444
-8455 -4607
-5430 -4607
-5430 -9444
-2175 -9444
-2175 -9051
-3871 -9051
-3871 -8871
-2175 -8871
-2175 -7013
-3871 -7013
-3871 3694
-3088 3694
-3088 -4607
-2175 -4607
-2175 485
-947 485
-947 -4607
1039 -4607
1039 485
3055 485
3055 -7013
-947 -7013
-947 -9444
5338 -9444
5338 -9051
1039 -9051
1039 -8871
5338 -8871
5338 8046
3055 8046
3055 2133
-2175 2133
-2175 3694
1039 3694
1039 8046
40
-805 -7508 -2835 -4191
-5558 -9397
8207 -9397
8207 -3735
936 -3735
936 -8753
-2162 -8753
-2162 -7512
162 -7512
162 -3735
-2162 -3735
-2162 -3354
8207 -3354
8207 -2202
162 -2202
162 3356
8207 3356
8207 5543
-874 5543
-874 -2202
-2162 -2202
-2162 5543
-3348 5543
-3348 -3735
-3608 -3735
-3608 5543
-5558 5543
-5558 3356
-3643 3356
-3643 -4495
-874 -4495
-874 -7408
-3348 -7408
-3348 -8753
-4671 -8753
-4671 -7512
-3608 -7512
-3608 -7408
-4671 -7408
-4671 -2202
-5558 -2202
38
5611 -7397 6247 -3788
-9394 -7402
-9394 -9331
9401 -9331
9401 -7342
8144 -7342
8144 -7402
8116 -7402
8116 -7342
2687 -7342
2687 -7402
1254 -7402
1254 2865
8144 2865
8144 -5183
8116 -5183
8116 858
2687 858
2687 -6052
9401 -6052
9401 4303
-847 4303
-847 -5183
-5304 -5183
-5304 4303
-8371 4303
-8371 -5183
-9059 -5183
-9059 4303
-9394 4303
-9394 -7391
-9059 -7391
-9059 -6052
-847 -6052
-847 -7342
-8371 -7342
-8371 -7391
-847 -7391
-847 -7402
46
-4240 5664 7058 -1332
-4070 5315
-4070 6308
-3150 6308
-3150 5315
-396 5315
-396 -1098
-4425 -1098
-4425 -1272
-3150 -1272
-3150 -1438
-4425 -1438
-4425 -1754
-1639 -1754
-1639 -1272
-396 -1272
-396 -4159
-4425 -4159
-4425 -8474
7243 -8474
7243 -4159
-373 -4159
-373 -1754
7243 -1754
7243 -1098
4429 -1098
4429 -1438
-373 -1438
-373 -1272
2572 -1272
2572 -1098
-373 -1098
-373 6308
1182 6308
1182 5315
2572 5315
2572 6308
4429 6308
4429 5315
7243 5315
7243 7905
-396 7905
-396 5481
-1639 5481
-1639 7905
-4425 7905
-4425 5315
36
-9659 2645 544 4592
-9865 -2752
-9865 -9658
6822 -9658
6822 -7688
652 -7688
652 -4047
6822 -4047
6822 4458
1912 4458
1912 -2752
652 -2752
652 6950
1912 6950
1912 4668
6822 4668
6822 8827
238 8827
238 -2752
-2453 -2752
-2453 8827
-9865 8827
-9865 -2147
-9635 -2147
-9635 4668
-7440 4668
-7440 -4047
-6314 -4047
-6314 6084
-9635 6084
-9635 6950
-3509 6950
-3509 -4047
238 -4047
238 -7688
-9635 -7688
-9635 -2752
46
-3443 339 5986 -1932
-6759 -2576
-3596 -2576
-3596 -1166
-3324 -1166
-3324 -7775
-6759 -7775
-6759 -9684
3514 -9684
3514 -2576
4987 -2576
4987 -9684
5954 -9684
5954 -2576
6211 -2576
6211 -9684
9158 -9684
9158 -1473
7754 -1473
7754 -7775
7579 -7775
7579 -356
5954 -356
5954 7291
7754 7291
7754 421
6211 421
6211 102
7754 102
7754 -1166
9158 -1166
9158 7922
-3324 7922
-3324 7291
4987 7291
4987 421
-3596 421
-3596 7922
-6759 7922
-6759 102
4987 102
4987 -1166
6211 -1166
6211 -1473
3514 -1473
3514 -356
-6759 -356
50
6819 5433 -218 -4032
6719 8358
6719 7597
6841 7597
6841 9548
2747 9548
2747 8015
2467 8015
2467 9548
-8778 9548
-8778 7597
-3202 7597
-3202 8358
-2702 8358
-2702 7597
-2381 7597
-2381 8358
472 8358
472 7391
-2702 7391
-2702 639
-3202 639
-3202 7391
-8778 7391
-8778 -5847
-3202 -5847
-3202 -428
-2702 -428
-2702 -5847
3671 -5847
3671 -2820
2467 -2820
2467 639
472 639
472 -2820
-2381 -2820
-2381 2822
2467 2822
2467 7597
2747 7597
2747 2822
6719 2822
6719 639
2747 639
2747 -428
6719 -428
6719 -5847
6841 -5847
6841 7391
3671 7391
3671 8358
38
901 -5371 1290 8007
564 5730
-2283 5730
-2283 7959
1478 7959
1478 8059
-6354 8059
-6354 5841
-5856 5841
-5856 7959
-5852 7959
-5852 -1837
1478 -1837
1478 5841
9119 5841
9119 -8981
6093 -8981
6093 5730
4116 5730
4116 -3930
-5852 -3930
-5852 -8981
-5856 -8981
-5856 5730
-6354 5730
-6354 -9647
1478 -9647
1478 -8981
-2283 -8981
-2283 -5649
4116 -5649
4116 -9647
9667 -9647
9667 8059
4116 8059
4116 7959
9119 7959
9119 6975
564 6975
44
8777 -6749 -584 -3975
-1345 -4482
-2112 -4482
-2112 -6460
-1345 -6460
-1345 -6666
-7640 -6666
-7640 -7591
-336 -7591
-336 -6460
8748 -6460
8748 -7591
8822 -7591
8822 -4482
-336 -4482
-336 -4386
8822 -4386
8822 -3285
-336 -3285
-336 -1816
8822 -1816
8822 653
-1345 653
-1345 -3285
-1759 -3285
-1759 2273
8822 2273
8822 7430
-2112 7430
-2112 -3285
-4512 -3285
-4512 653
-6254 653
-6254 2273
-4512 2273
-4512 7430
-7640 7430
-7640 -6460
-6254 -6460
-6254 -1816
-6250 -1816
-6250 -6460
-4512 -6460
-4512 -4386
-1345 -4386
48
4191 2197 -4016 -3036
8897 3895
4417 3895
4417 5781
-1312 5781
-1312 3960
3066 3960
3066 -606
2544 -606
2544 3895
-3991 3895
-3991 5781
-9990 5781
-9990 -4332
-3991 -4332
-3991 -606
-4137 -606
-4137 3960
-4041 3960
-4041 771
-1312 771
-1312 -4578
-9990 -4578
-9990 -6053
-4041 -6053
-4041 -8111
-9990 -8111
-9990 -9658
2544 -9658
2544 -8111
-3991 -8111
-3991 -6053
2544 -6053
2544 -4332
3066 -4332
3066 -9658
8901 -9658
8901 -8111
4417 -8111
4417 -6053
8901 -6053
8901 -606
8897 -606
8897 -4578
4417 -4578
4417 771
8901 771
8901 5781
8897 5781
34
-3335 7028 8722 8099
3837 504
8355 504
8355 -1450
9162 -1450
9162 1061
325 1061
325 2848
9162 2848
9162 4026
325 4026
325 6455
9757 6455
9757 -5474
8355 -5474
8355 -7215
9926 -7215
9926 8164
-8420 8164
-8420 504
-4317 504
-4317 6455
-2236 6455
-2236 504
787 504
787 -394
-8420 -394
-8420 -7215
-4317 -7215
-4317 -1450
787 -1450
787 -5474
-2236 -5474
-2236 -7215
3837 -7215
40
-6597 6743 -6694 -9515
-4554 75
-3371 75
-3371 -9978
8162 -9978
8162 9505
6261 9505
6261 7309
3330 7309
3330 9505
2677 9505
2677 4275
6261 4275
6261 -9375
218 -9375
218 75
3330 75
3330 1693
2677 1693
2677 1530
218 1530
218 9505
-3371 9505
-3371 1693
-4554 1693
-4554 9505
-5085 9505
-5085 1693
-5671 1693
-5671 9505
-7779 9505
-7779 1585
-3371 1585
-3371 1530
-7779 1530
-7779 -9978
-5671 -9978
-5671 75
-5085 75
-5085 -9978
-4554 -9978
52
8162 5852 -4106 -5880
-3626 7429
-8565 7429
-8565 2394
-5787 2394
-5787 6406
-5005 6406
-5005 2394
6569 2394
6569 1257
7482 1257
7482 2394
8089 2394
8089 -1401
-3626 -1401
-3626 1444
-8565 1444
-8565 -2892
-5787 -2892
-5787 1257
-5005 1257
-5005 -5801
-8565 -5801
-8565 -6917
-3626 -6917
-3626 -2892
8089 -2892
8089 -5801
6569 -5801
6569 -6917
9643 -6917
9643 -5801
8316 -5801
8316 -2892
9643 -2892
9643 -1401
8316 -1401
8316 1257
9643 1257
9643 1444
8316 1444
8316 2394
9643 2394
9643 7429
9332 7429
9332 5099
8316 5099
8316 7429
6569 7429
6569 6406
8089 6406
8089 5099
-3626 5099
52
-5693 -6686 5042 -6649
-9239 -2250
-9239 -2451
-6880 -2451
-6880 -2675
-9239 -2675
-9239 -7000
-8731 -7000
-8731 -3147
-6880 -3147
-6880 -7000
-5137 -7000
-5137 -3147
-3724 -3147
-3724 -7000
6936 -7000
6936 -4997
671 -4997
671 -2675
-5137 -2675
-5137 -2451
671 -2451
671 -2250
-5137 -2250
-5137 -1373
6936 -1373
6936 6690
7299 6690
7299 -2250
4658 -2250
4658 -3147
7299 -3147
7299 -7000
8972 -7000
8972 -2675
6936 -2675
6936 -2451
8972 -2451
8972 6984
4658 6984
4658 1716
671 1716
671 6984
-3724 6984
-3724 1716
-8731 1716
-8731 6690
-5137 6690
-5137 6984
-9239 6984
-9239 -1373
-6880 -1373
-6880 -2250
42
-1613 -3840 2195 -4863
-5925 -4993
417 -4993
417 -2761
1711 -2761
1711 -8602
2272 -8602
2272 -4993
7755 -4993
7755 -8602
8012 -8602
8012 1484
1711 1484
1711 918
7755 918
7755 -4938
2272 -4938
2272 -459
417 -459
417 1792
8012 1792
8012 5100
-2465 5100
-2465 -459
-5925 -459
-5925 1484
-7268 1484
-7268 -2761
-2465 -2761
-2465 -4938
-9081 -4938
-9081 1792
-5925 1792
-5925 5100
-9380 5100
-9380 -8602
-9081 -8602
-9081 -4993
-7268 -4993
-7268 -8602
417 -8602
417 -5830
-5925 -5830
42
8807 3248 3707 3064
-8317 3219
-8317 7700
1952 7700
1952 1353
-340 1353
-340 3544
-5902 3544
-5902 1353
-8974 1353
-8974 -8427
-8317 -8427
-8317 -1858
-5902 -1858
-5902 -8427
-5596 -8427
-5596 -6851
-2260 -6851
-2260 -8427
-340 -8427
-340 -6430
-5596 -6430
-5596 3219
-2260 3219
-2260 -1858
5485 -1858
5485 -6430
1952 -6430
1952 -8427
9639 -8427
9639 -8311
3956 -8311
3956 -6851
9639 -6851
9639 3544
5485 3544
5485 1353
3956 1353
3956 7700
9639 7700
9639 7742
-8974 7742
-8974 3219
44
-4570 1385 -2161 4147
8778 6919
8778 9610
4853 9610
4853 7122
3496 7122
3496 9610
-3420 9610
-3420 8342
-1873 8342
-1873 6286
-2166 6286
-2166 7122
-3420 7122
-3420 6286
-3522 6286
-3522 7122
-5268 7122
-5268 8342
-3522 8342
-3522 9610
-6112 9610
-6112 2772
-5268 2772
-5268 6919
-4646 6919
-4646 1350
-6112 1350
-6112 -4016
8778 -4016
8778 1350
-2166 1350
-2166 2772
3496 2772
3496 5040
-3420 5040
-3420 1350
-3522 1350
-3522 5051
4853 5051
4853 2772
8778 2772
8778 6286
3496 6286
3496 6919
42
2580 -7829 5033 4427
3496 -1084
3496 4423
2570 4423
2570 -5486
6950 -5486
6950 -7822
5326 -7822
5326 -6356
4931 -6356
4931 -7822
3496 -7822
3496 -6356
856 -6356
856 -1084
499 -1084
499 -6356
-2473 -6356
-2473 -1084
-7985 -1084
-7985 -7972
856 -7972
856 -7822
-2473 -7822
-2473 -6815
2570 -6815
2570 -7972
7851 -7972
7851 7097
-7985 7097
-7985 1376
-2473 1376
-2473 6568
499 6568
499 1376
856 1376
856 6568
4931 6568
4931 1376
5326 1376
5326 6568
6950 6568
6950 -1084
38
-7211 -2482 2316 1389
-9150 -8080
-6686 -8080
-6686 1917
-5662 1917
-5662 -8080
9452 -8080
9452 -373
7282 -373
7282 -7656
-1142 -7656
-1142 -2730
6505 -2730
6505 387
9452 387
9452 439
6505 439
6505 1917
9452 1917
9452 6877
7282 6877
7282 4031
6505 4031
6505 6877
1254 6877
1254 -373
-1142 -373
-1142 4031
-6686 4031
-6686 4946
-1142 4946
-1142 6877
-9150 6877
-9150 4946
-7304 4946
-7304 -7656
-7579 -7656
-7579 4031
-9150 4031
44
-8822 -1362 -3837 1255
-4535 -1394
-6530 -1394
-6530 -4759
-4535 -4759
-4535 -6947
-3307 -6947
-3307 -4759
5400 -4759
5400 -5694
4429 -5694
4429 -6947
6675 -6947
6675 205
4744 205
4744 1253
6675 1253
6675 1268
4429 1268
4429 60
5400 60
5400 -1394
-3307 -1394
-3307 -1203
4744 -1203
4744 -689
-3307 -689
-3307 1268
-9587 1268
-9587 1253
-4535 1253
-4535 205
-6530 205
-6530 -689
-7378 -689
-7378 205
-9587 205
-9587 -6947
-4671 -6947
-4671 -5694
-7378 -5694
-7378 -1203
-4671 -1203
-4671 60
-4535 60
36
7543 6647 -6420 5442
-6501 -7371
-6501 -9157
8805 -9157
8805 -7371
-1732 -7371
-1732 -6538
8805 -6538
8805 7620
-4247 7620
-4247 7142
7640 7142
7640 7091
3918 7091
3918 5576
7640 5576
7640 5438
-1732 5438
-1732 7091
-3337 7091
-3337 5438
-4190 5438
-4190 7091
-5294 7091
-5294 7620
-6501 7620
-6501 -6538
-5294 -6538
-5294 5576
-4247 5576
-4247 -4244
7640 -4244
7640 -5612
-4247 -5612
-4247 -6538
-3337 -6538
-3337 -7371
38
-6409 -9159 -9003 -9229
6690 -8763
3287 -8763
3287 8810
-3381 8810
-3381 4490
-9098 4490
-9098 6102
-5038 6102
-5038 8810
-9976 8810
-9976 3459
-8706 3459
-8706 3415
-9976 3415
-9976 -498
-3381 -498
-3381 -3072
-8706 -3072
-8706 -8763
-9098 -8763
-9098 -3072
-9976 -3072
-9976 -9715
-5038 -9715
-5038 -4158
-541 -4158
-541 3415
-5038 3415
-5038 3459
-541 3459
-541 6102
1087 6102
1087 -8763
-3381 -8763
-3381 -9715
9745 -9715
9745 8810
6690 8810
46
7765 7471 -8760 -2244
-6157 3150
-2902 3150
-2902 6722
3425 6722
3425 7330
-2902 7330
-2902 8508
7205 8508
7205 6722
8785 6722
8785 9118
-2965 9118
-2965 6208
-9050 6208
-9050 8508
-8554 8508
-8554 6722
-6157 6722
-6157 9118
-9253 9118
-9253 3150
-8554 3150
-8554 1650
-9050 1650
-9050 2558
-9253 2558
-9253 -8520
-2902 -8520
-2902 1650
-6157 1650
-6157 1657
1716 1657
1716 -8520
8785 -8520
8785 1650
3425 1650
3425 1657
8785 1657
8785 6208
7205 6208
7205 2558
3425 2558
3425 6208
1716 6208
1716 2558
-6157 2558
46
-3897 3276 -2833 4843
481 5041
452 5041
452 -1978
-5301 -1978
-5301 -2223
6682 -2223
6682 -2412
-5457 -2412
-5457 3256
-2441 3256
-2441 7089
7853 7089
7853 7639
-5301 7639
-5301 5041
-5457 5041
-5457 7639
-5611 7639
-5611 -1978
-5921 -1978
-5921 7639
-6665 7639
-6665 -2223
-5611 -2223
-5611 -2412
-6665 -2412
-6665 -8969
-5921 -8969
-5921 -3237
-5611 -3237
-5611 -8969
-2441 -8969
-2441 -3716
-5457 -3716
-5457 -3237
452 -3237
452 -8969
481 -8969
481 -3237
6682 -3237
6682 -8969
7853 -8969
7853 5041
6682 5041
6682 -1978
481 -1978
44
6293 8420 5851 -6694
699 -1935
-4497 -1935
-4497 8264
699 8264
699 9888
-7802 9888
-7802 -2098
446 -2098
446 -3809
-7802 -3809
-7802 -9695
2593 -9695
2593 -8960
699 -8960
699 -8352
6253 -8352
6253 -8960
5606 -8960
5606 -9695
9009 -9695
9009 -3809
6253 -3809
6253 -7412
5952 -7412
5952 -2098
9009 -2098
9009 9888
5606 9888
5606 8264
6253 8264
6253 -1935
5606 -1935
5606 -3809
2593 -3809
2593 9888
915 9888
915 -6562
5606 -6562
5606 -7412
446 -7412
446 -8960
-4497 -8960
-4497 -6562
699 -6562
46
-6140 -4353 -4857 -7271
7868 -9944
7868 9786
-5429 9786
-5429 6158
-1961 6158
-1961 3152
1518 3152
1518 6158
7270 6158
7270 -5042
-5887 -5042
-5887 -4284
1518 -4284
1518 -3176
-5887 -3176
-5887 3152
-2572 3152
-2572 4708
-5887 4708
-5887 9786
-8169 9786
-8169 6158
-6575 6158
-6575 4708
-8169 4708
-8169 3152
-6575 3152
-6575 -3176
-8169 -3176
-8169 -6875
-6752 -6875
-6752 -4284
-6575 -4284
-6575 -6972
-8169 -6972
-8169 -9944
-5887 -9944
-5887 -6875
-1961 -6875
-1961 -6972
-5429 -6972
-5429 -9944
1518 -9944
1518 -6875
7270 -6875
7270 -9944
38
649 1727 3865 -5425
-275 -8717
-115 -8717
-115 -6258
6387 -6258
6387 -8475
1320 -8475
1320 -8717
8091 -8717
8091 -4149
4864 -4149
4864 -380
8091 -380
8091 8165
-3194 8165
-3194 4970
-9767 4970
-9767 8165
-9983 8165
-9983 -8717
-1052 -8717
-1052 -8475
-9767 -8475
-9767 3515
-1052 3515
-1052 5218
6387 5218
6387 4970
-275 4970
-275 3515
6387 3515
6387 2283
-3194 2283
-3194 -380
1320 -380
1320 -4149
-3194 -4149
-3194 -6258
-275 -6258
40
-4998 7208 -6205 -3371
7825 -8255
-4945 -8255
-4945 -8685
8755 -8685
8755 3621
7825 3621
7825 -1208
7651 -1208
7651 6847
8755 6847
8755 7360
-9263 7360
-9263 1397
-6812 1397
-6812 6847
-4945 6847
-4945 1397
-2476 1397
-2476 6847
-563 6847
-563 -1208
-5085 -1208
-5085 3621
-5326 3621
-5326 -1208
-9263 -1208
-9263 -8685
-5085 -8685
-5085 -7898
-2476 -7898
-2476 -4919
-5326 -4919
-5326 -8255
-6812 -8255
-6812 -3468
-563 -3468
-563 -7898
7651 -7898
7651 -3468
7825 -3468
38
-6247 5924 -6100 5726
-139 -6062
-139 -5711
1153 -5711
1153 -2867
-1974 -2867
-1974 -6062
-4530 -6062
-4530 -355
-139 -355
-139 -325
-6364 -325
-6364 -7141
5747 -7141
5747 5623
7684 5623
7684 -7141
9739 -7141
9739 6265
1343 6265
1343 2910
1153 2910
1153 6265
-14 6265
-14 2910
-139 2910
-139 6265
-1974 6265
-1974 2910
-4530 2910
-4530 6265
-6364 6265
-6364 -169
-14 -169
-14 -355
1153 -355
1153 -169
1343 -169
1343 -6062
48
-4904 -4888 -4716 -4550
-4586 7622
-4796 7622
-4796 8774
-7829 8774
-7829 8621
-5057 8621
-5057 7622
-7829 7622
-7829 3259
-4586 3259
-4586 -4409
-4796 -4409
-4796 1360
-5057 1360
-5057 -4409
-6847 -4409
-6847 1360
-7829 1360
-7829 -4701
-5057 -4701
-5057 -5526
-7829 -5526
-7829 -9175
-4796 -9175
-4796 -4701
-4586 -4701
-4586 -9175
-1444 -9175
-1444 -5526
-3693 -5526
-3693 -4701
558 -4701
558 -9175
2586 -9175
2586 -4409
-3693 -4409
-3693 -1907
2586 -1907
2586 1360
-3693 1360
-3693 8621
558 8621
558 7622
-2761 7622
-2761 3259
2586 3259
2586 8774
-4586 8774
38
-2514 7940 -5000 -4555
-2314 920
700 920
700 376
-1254 376
-1254 -3523
-7763 -3523
-7763 -8041
157 -8041
157 -2736
700 -2736
700 -8041
2435 -8041
2435 9374
-7763 9374
-7763 -2736
-7577 -2736
-7577 920
-6751 920
-6751 -2736
-6166 -2736
-6166 1092
-7577 1092
-7577 7785
-6751 7785
-6751 5774
-6166 5774
-6166 7785
700 7785
700 1092
157 1092
157 7443
-4718 7443
-4718 5774
-1254 5774
-1254 1092
-4718 1092
-4718 -2736
-2314 -2736
46
-5537 -5027 1735 7371
-5908 -8553
-5908 -6756
-8560 -6756
-8560 -5180
-6558 -5180
-6558 -6503
1844 -6503
1844 -6756
-5082 -6756
-5082 -8553
5928 -8553
5928 -6756
2715 -6756
2715 -6503
5928 -6503
5928 -4420
5752 -4420
5752 -5885
-5908 -5885
-5908 -5180
-4506 -5180
-4506 -4420
-8560 -4420
-8560 -1621
-5908 -1621
-5908 3990
-5082 3990
-5082 -1621
1844 -1621
1844 -5180
2715 -5180
2715 -1621
5928 -1621
5928 9547
5752 9547
5752 1997
-4506 1997
-4506 3990
2715 3990
2715 9547
-8744 9547
-8744 3990
-6558 3990
-6558 1997
-8744 1997
-8744 -8553
42
4818 -7432 -3592 -3223
3383 7958
-130 7958
-130 8335
3383 8335
3383 9405
-1881 9405
-1881 7958
-5474 7958
-5474 -2198
-7881 -2198
-7881 8335
-2631 8335
-2631 9405
-9775 9405
-9775 -7765
-7881 -7765
-7881 -2840
-5474 -2840
-5474 -5433
-2631 -5433
-2631 4438
865 4438
865 -2198
-1881 -2198
-1881 -2840
4256 -2840
4256 -5849
3383 -5849
3383 -3215
865 -3215
865 -5849
-130 -5849
-130 -3215
-1881 -3215
-1881 -5849
-5474 -5849
-5474 -7765
8820 -7765
8820 9405
4256 9405
4256 -2198
3383 -2198
44
-3802 -6671 7658 -6504
-8360 -5042
-6728 -5042
-6728 -1416
-6072 -1416
-6072 -6635
-7312 -6635
-7312 -8123
-6072 -8123
-6072 -8322
-7312 -8322
-7312 -8439
-3769 -8439
-3769 -8322
-5438 -8322
-5438 -8123
4722 -8123
4722 -8439
7742 -8439
7742 -316
4722 -316
4722 -6635
-3769 -6635
-3769 -2100
-4174 -2100
-4174 -6635
-5438 -6635
-5438 -1416
-3769 -1416
-3769 -51
7742 -51
7742 3942
-7312 3942
-7312 -51
-4174 -51
-4174 -316
-8360 -316
-8360 3942
-8885 3942
-8885 -1416
-7312 -1416
-7312 -2100
-8885 -2100
-8885 -8439
-8360 -8439
44
-1827 5118 1416 1160
-2466 -2472
-2466 787
-1959 787
-1959 -2927
-5636 -2927
-5636 8748
-9374 8748
-9374 -4913
-2497 -4913
-2497 -6264
-9374 -6264
-9374 -6726
-2466 -6726
-2466 -4913
-1579 -4913
-1579 787
-12 787
-12 -6264
-1959 -6264
-1959 -6726
4485 -6726
4485 -4913
9222 -4913
9222 -6726
9816 -6726
9816 -387
9222 -387
9222 -2927
4485 -2927
4485 787
9816 787
9816 8748
9222 8748
9222 1747
-1579 1747
-1579 6410
4485 6410
4485 8748
-1959 8748
-1959 1747
-2466 1747
-2466 8748
-2497 8748
-2497 -2472
28
-6903 -5630 -8602 -24
2272 -8597
2272 -9584
4412 -9584
4412 -8597
6615 -8597
6615 -5747
2272 -5747
2272 -5357
-3774 -5357
-3774 -2471
-5860 -2471
-5860 -4278
-6628 -4278
-6628 3863
-5860 3863
-5860 5261
-7128 5261
-7128 1848
-9763 1848
-9763 -8597
-7128 -8597
-7128 -9584
-5860 -9584
-5860 -8597
-5326 -8597
-5326 -5747
-3774 -5747
-3774 -8597
34
374 -1458 -3828 2399
3900 3211
2285 3211
2285 3423
2665 3423
2665 9430
-3788 9430
-3788 3423
-5877 3423
-5877 9430
-7859 9430
-7859 3423
-8483 3423
-8483 413
-7859 413
-7859 -820
-5877 -820
-5877 -1966
-7859 -1966
-7859 -2340
-6094 -2340
-6094 -8478
-5877 -8478
-5877 -7305
-4068 -7305
-4068 -8478
23 -8478
23 -8051
2665 -8051
2665 -8478
3900 -8478
3900 -404
2665 -404
2665 413
3900 413
36
6678 1732 -6798 3461
2999 7949
2999 5558
-1246 5558
-1246 7949
-3767 7949
-3767 7462
-9613 7462
-9613 5558
-7036 5558
-7036 3961
-9613 3961
-9613 1120
-7036 1120
-7036 -865
-9613 -865
-9613 -5345
114 -5345
114 -1405
2999 -1405
2999 -5345
3148 -5345
3148 -1405
5437 -1405
5437 -5345
6830 -5345
6830 -1405
6088 -1405
6088 -865
6830 -865
6830 2065
7236 2065
7236 5558
6830 5558
6830 7462
6088 7462
6088 7949
38
5902 5591 -18 3747
5917 503
5917 -8320
8615 -8320
8615 503
7090 503
7090 1930
8615 1930
8615 5813
7361 5813
7361 5558
7090 5558
7090 4404
6377 4404
6377 5813
7090 5813
7090 6910
8615 6910
8615 7432
-221 7432
-221 6910
-1877 6910
-1877 7432
-3734 7432
-3734 3819
-1877 3819
-1877 5813
2819 5813
2819 3819
-221 3819
-221 3594
-3734 3594
-3734 -8320
-1877 -8320
-1877 503
5285 503
5285 -8320
5677 -8320
5677 503
30
-1307 821 -5689 8471
5192 1772
5192 8011
8029 8011
8029 8165
-2345 8165
-2345 8261
-5001 8261
-5001 9029
-3462 9029
-3462 9057
-6115 9057
-6115 8165
-9836 8165
-9836 8122
-9700 8122
-9700 8011
-6115 8011
-6115 8122
-5001 8122
-5001 8011
-3475 8011
-3475 1772
-4228 1772
-4228 -4611
-6115 -4611
-6115 -8293
-4228 -8293
-4228 -8576
8029 -8576
8029 1772
14
2 2 14 12
0 0
16 0
16 8
12 8
12 10
18 10
18 14
10 14
10 6
8 6
8 16
6 16
6 4
0 4
12
1 1 17 2
0 0
9 0
9 3
10 3
10 1
19 1
19 5
16 5
16 19
2 19
2 4
0 4
86
-6 4 -3 4
6 -2
7 -2
7 -3
6 -3
6 -6
5 -6
5 -5
2 -5
2 -6
1 -6
1 -5
-2 -5
-2 -6
-3 -6
-3 -5
-6 -5
-6 -4
-5 -4
-5 -1
-6 -1
-6 0
-5 0
-5 5
-7 5
-7 2
-6 2
-6 1
-7 1
-7 -2
-6 -2
-6 -3
-7 -3
-7 -7
-5 -7
-5 -6
-4 -6
-4 -7
-1 -7
-1 -6
0 -6
0 -7
3 -7
3 -6
4 -6
4 -7
7 -7
7 -6
8 -6
8 -5
7 -5
7 -4
8 -4
8 -1
7 -1
7 0
8 0
8 3
7 3
7 4
6 4
6 5
3 5
3 4
2 4
2 5
-1 5
-1 4
-2 4
-2 7
-8 7
-8 6
-4 6
-4 3
0 3
0 4
1 4
1 3
4 3
4 4
5 4
5 3
6 3
6 2
7 2
7 1
6 1
100
99 -99 -99 99
-100 -100
-82 -100
-82 99
-81 99
-81 -100
-70 -100
-70 99
-69 99
-69 -100
-52 -100
-52 99
-51 99
-51 -100
-37 -100
-37 99
-36 99
-36 -100
-23 -100
-23 99
-22 99
-22 -100
-5 -100
-5 99
-4 99
-4 -100
13 -100
13 99
14 99
14 -100
27 -100
27 99
28 99
28 -100
46 -100
46 99
47 99
47 -100
62 -100
62 99
63 99
63 -100
76 -100
76 99
77 99
77 -100
93 -100
93 99
94 99
94 -100
100 -100
100 100
87 100
87 -99
86 -99
86 100
65 100
65 -99
64 -99
64 100
49 100
49 -99
48 -99
48 100
39 100
39 -99
38 -99
38 100
23 100
23 -99
22 -99
22 100
1 100
1 -99
0 -99
0 100
-11 100
-11 -99
-12 -99
-12 100
-27 100
-27 -99
-28 -99
-28 100
-46 100
-46 -99
-47 -99
-47 100
-59 100
-59 -99
-60 -99
-60 100
-74 100
-74 -99
-75 -99
-75 100
-95 100
-95 -99
-96 -99
-96 100
-100 100
100
9999 -9999 -9999 9999
10000 -10000
10000 -8995
-9999 -8995
-9999 -8994
10000 -8994
10000 -7247
-9999 -7247
-9999 -7246
10000 -7246
10000 -5709
-9999 -5709
-9999 -5708
10000 -5708
10000 -4569
-9999 -4569
-9999 -4568
10000 -4568
10000 -3026
-9999 -3026
-9999 -3025
10000 -3025
10000 -1476
-9999 -1476
-9999 -1475
10000 -1475
10000 489
-9999 489
-9999 490
10000 490
10000 2315
-9999 2315
-9999 2316
10000 2316
10000 3787
-9999 3787
-9999 3788
10000 3788
10000 4910
-9999 4910
-9999 4911
10000 4911
10000 7034
-9999 7034
-9999 7035
10000 7035
10000 8567
-9999 8567
-9999 8568
10000 8568
10000 10000
-10000 10000
-10000 9037
9999 9037
9999 9036
-10000 9036
-10000 7342
9999 7342
9999 7341
-10000 7341
-10000 6308
9999 6308
9999 6307
-10000 6307
-10000 4033
9999 4033
9999 4032
-10000 4032
-10000 2800
9999 2800
9999 2799
-10000 2799
-10000 810
9999 810
9999 809
-10000 809
-10000 -197
9999 -197
9999 -198
-10000 -198
-10000 -1929
9999 -1929
9999 -1930
-10000 -1930
-10000 -3544
9999 -3544
9999 -3545
-10000 -3545
-10000 -5706
9999 -5706
9999 -5707
-10000 -5707
-10000 -6590
9999 -6590
9999 -6591
-10000 -6591
-10000 -8594
9999 -8594
9999 -8595
-10000 -8595
-10000 -10000
38
-9584 -7501 -432 -7501
-7920 -9167
-7920 -4169
-9168 -4169
-9168 -4
-10000 -4
-10000 -10000
-9168 -10000
-9168 -5002
-8336 -5002
-8336 -10000
-16 -10000
-16 -6668
-1680 -6668
-1680 -5002
-16 -5002
-16 -4169
-2096 -4169
-2096 -7501
-848 -7501
-848 -9167
-2928 -9167
-2928 -8334
-3344 -8334
-3344 -9167
-4176 -9167
-4176 -4169
-5840 -4169
-5840 -5002
-4592 -5002
-4592 -9167
-5424 -9167
-5424 -5835
-5840 -5835
-5840 -9167
-6672 -9167
-6672 -8334
-7088 -8334
-7088 -9167
38
-9167 -9375 -1670 -5625
-9167 -5000
-9167 -7500
-10000 -7500
-10000 -10000
-8334 -10000
-8334 -7500
-7501 -7500
-7501 -6250
-4169 -6250
-4169 -5000
-6668 -5000
-6668 -2500
-5835 -2500
-5835 -1250
-4169 -1250
-4169 -2500
-3336 -2500
-3336 -6250
-2503 -6250
-2503 -7500
-1670 -7500
-1670 -10000
-4 -10000
-4 -7500
-837 -7500
-837 -5000
-1670 -5000
-1670 -2500
-2503 -2500
-2503 -625
-3336 -625
-3336 0
-6668 0
-6668 -625
-7501 -625
-7501 -2500
-8334 -2500
-8334 -5000
34
-1670 -4120 -9167 -9412
-1670 -592
-1670 -4
-10000 -4
-10000 -10000
-7501 -10000
-7501 -592
-3336 -592
-3336 -1180
-2503 -1180
-2503 -4120
-3336 -4120
-3336 -4708
-6668 -4708
-6668 -5296
-3336 -5296
-3336 -5884
-2503 -5884
-2503 -8824
-3336 -8824
-3336 -9412
-6668 -9412
-6668 -10000
-1670 -10000
-1670 -9412
-837 -9412
-837 -8824
-4 -8824
-4 -5884
-837 -5884
-837 -4120
-4 -4120
-4 -1180
-837 -1180
-837 -592
38
-9231 -5338 -1541 -9334
-8462 -1342
-8462 -2008
-9231 -2008
-9231 -2674
-10000 -2674
-10000 -6004
-9231 -6004
-9231 -7336
-8462 -7336
-8462 -8668
-7693 -8668
-7693 -9334
-6924 -9334
-6924 -10000
-3 -10000
-3 -8668
-2310 -8668
-2310 -9334
-6155 -9334
-6155 -8002
-7693 -8002
-7693 -2674
-6924 -2674
-6924 -1342
-6155 -1342
-6155 -676
-1541 -676
-1541 -1342
-772 -1342
-772 -2008
-3 -2008
-3 -676
-772 -676
-772 -10
-6924 -10
-6924 -676
-7693 -676
-7693 -1342
22
-3848 -9286 -9231 -8572
-3079 -7858
-3079 -8572
-6924 -8572
-6924 -10000
-2310 -10000
-2310 -9286
-772 -9286
-772 -7858
-3 -7858
-3 -2146
-772 -2146
-772 -718
-3079 -718
-3079 -4
-10000 -4
-10000 -10000
-7693 -10000
-7693 -1432
-3079 -1432
-3079 -2146
-2310 -2146
-2310 -7858
20
-718 -8335 -718 -1120
-10000 -10
-10000 -10000
-4 -10000
-4 -7780
-1432 -7780
-1432 -8890
-7858 -8890
-7858 -5560
-5002 -5560
-5002 -6115
-3574 -6115
-3574 -3895
-5002 -3895
-5002 -4450
-7858 -4450
-7858 -1120
-1432 -1120
-1432 -1675
-4 -1675
-4 -10
32
-9412 -9474 -1180 -1584
-7060 -10000
-7060 -8948
-7648 -8948
-7648 -6844
-7060 -6844
-7060 -5266
-4708 -5266
-4708 -5792
-3532 -5792
-3532 -4740
-2944 -4740
-2944 -3688
-4120 -3688
-4120 -4214
-7060 -4214
-7060 -1584
-6472 -1584
-6472 -1058
-1768 -1058
-1768 -2110
-592 -2110
-592 -1058
-4 -1058
-4 -6
-8236 -6
-8236 -1584
-8824 -1584
-8824 -5792
-9412 -5792
-9412 -8948
-10000 -8948
-10000 -10000
38
-1432 -8572 -9286 -5002
-2146 -7144
-2146 -8572
-2860 -8572
-2860 -9286
-7144 -9286
-7144 -8572
-7858 -8572
-7858 -7144
-8572 -7144
-8572 -2146
-7858 -2146
-7858 -1432
-7144 -1432
-7144 -718
-2860 -718
-2860 -1432
-1432 -1432
-1432 -718
-2146 -718
-2146 -4
-7858 -4
-7858 -718
-9286 -718
-9286 -2860
-10000 -2860
-10000 -7144
-9286 -7144
-9286 -9286
-7858 -9286
-7858 -10000
-1432 -10000
-1432 -9286
-718 -9286
-718 -7144
-4 -7144
-4 -6430
-2860 -6430
-2860 -7144
12
-772 -9412 -9231 -592
-8462 -4708
-8462 -4
-10000 -4
-10000 -10000
-8462 -10000
-8462 -5296
-1541 -5296
-1541 -10000
-3 -10000
-3 -4
-1541 -4
-1541 -4708
12
-5716 -2500 -5716 -7500
-4 -10000
-4 -9375
-2860 -9375
-2860 -625
-4 -625
-4 0
-10000 0
-10000 -625
-7144 -625
-7144 -9375
-10000 -9375
-10000 -10000
24
-3079 -1250 -9231 -8125
-3 -625
-3 0
-5386 0
-5386 -625
-3848 -625
-3848 -8750
-4617 -8750
-4617 -9375
-6924 -9375
-6924 -8750
-7693 -8750
-7693 -8125
-8462 -8125
-8462 -7500
-10000 -7500
-10000 -8750
-9231 -8750
-9231 -9375
-8462 -9375
-8462 -10000
-2310 -10000
-2310 -9375
-1541 -9375
-1541 -625
38
-8750 -9000 -1250 -1000
-4375 -4000
-4375 -3000
-3750 -3000
-3750 -2500
-2500 -2500
-2500 -1500
-625 -1500
-625 0
-3125 0
-3125 -1000
-4375 -1000
-4375 -2000
-5625 -2000
-5625 -3000
-6875 -3000
-6875 -4000
-8125 -4000
-8125 0
-10000 0
-10000 -10000
-8125 -10000
-8125 -5000
-6250 -5000
-6250 -4500
-5000 -4500
-5000 -6500
-3750 -6500
-3750 -8500
-2500 -8500
-2500 -10000
0 -10000
0 -8500
-1250 -8500
-1250 -6500
-2500 -6500
-2500 -4500
-3750 -4500
-3750 -4000
6
-9375 -5000 -6250 -9500
0 -10000
0 -9000
-8125 -9000
-8125 0
-10000 0
-10000 -10000
36
-9445 -8668 -565 -8668
-9445 -3340
-9445 -6670
-10000 -6670
-10000 -10000
-7780 -10000
-7780 -3340
-6670 -3340
-6670 -5338
-5560 -5338
-5560 -6004
-4450 -6004
-4450 -5338
-3340 -5338
-3340 -3340
-2230 -3340
-2230 -10000
-10 -10000
-10 -6670
-565 -6670
-565 -3340
-1120 -3340
-1120 -10
-2785 -10
-2785 -1342
-3340 -1342
-3340 -2674
-4450 -2674
-4450 -4006
-5560 -4006
-5560 -2674
-6670 -2674
-6670 -1342
-7225 -1342
-7225 -10
-8890 -10
-8890 -3340
38
-9334 -9286 -676 -718
-2008 -8572
-2008 -7858
-2674 -7858
-2674 -6430
-4006 -6430
-4006 -5002
-4672 -5002
-4672 -4288
-5338 -4288
-5338 -3574
-6004 -3574
-6004 -2146
-6670 -2146
-6670 -718
-8002 -718
-8002 -4
-10000 -4
-10000 -10000
-8668 -10000
-8668 -1432
-8002 -1432
-8002 -2146
-7336 -2146
-7336 -3574
-6670 -3574
-6670 -5002
-5338 -5002
-5338 -6430
-4672 -6430
-4672 -7858
-4006 -7858
-4006 -9286
-2674 -9286
-2674 -10000
-10 -10000
-10 -4
-1342 -4
-1342 -8572
36
-1000 -2728 -4000 -910
-8000 -1
-8000 -910
-9000 -910
-9000 -1819
-10000 -1819
-10000 -8182
-9000 -8182
-9000 -9091
-8000 -9091
-8000 -10000
-3000 -10000
-3000 -9091
-2000 -9091
-2000 -8182
0 -8182
0 -1819
-2000 -1819
-2000 -7273
-3000 -7273
-3000 -8182
-4000 -8182
-4000 -9091
-7000 -9091
-7000 -8182
-8000 -8182
-8000 -7273
-9000 -7273
-9000 -2728
-8000 -2728
-8000 -1819
-7000 -1819
-7000 -910
-5000 -910
-5000 -1819
-3000 -1819
-3000 -1
32
-7501 -9334 -5835 -5338
-6668 -10000
-6668 -8668
-7501 -8668
-7501 -676
-4169 -676
-4169 -1342
-3336 -1342
-3336 -2008
-2503 -2008
-2503 -3340
-3336 -3340
-3336 -4006
-4169 -4006
-4169 -4672
-6668 -4672
-6668 -6004
-3336 -6004
-3336 -4672
-1670 -4672
-1670 -4006
-837 -4006
-837 -3340
-4 -3340
-4 -2008
-837 -2008
-837 -1342
-1670 -1342
-1670 -676
-3336 -676
-3336 -10
-10000 -10
-10000 -10000
38
-772 -9375 -7693 -8125
-4617 -6875
-4617 -8125
-3848 -8125
-3848 -8750
-2310 -8750
-2310 -10000
-3 -10000
-3 -8750
-1541 -8750
-1541 -7500
-772 -7500
-772 -6875
-3 -6875
-3 -1250
-772 -1250
-772 -625
-3079 -625
-3079 0
-7693 0
-7693 -625
-9231 -625
-9231 -1250
-10000 -1250
-10000 -7500
-9231 -7500
-9231 -8750
-5386 -8750
-5386 -8125
-6924 -8125
-6924 -7500
-7693 -7500
-7693 -1250
-6924 -1250
-6924 -625
-3848 -625
-3848 -1250
-2310 -1250
-2310 -6875
38
-8334 -8668 -837 -9334
-7501 -10000
-7501 -676
-3336 -676
-3336 -1342
-2503 -1342
-2503 -3340
-3336 -3340
-3336 -4006
-6668 -4006
-6668 -5338
-5835 -5338
-5835 -7336
-4169 -7336
-4169 -8668
-2503 -8668
-2503 -10000
-4 -10000
-4 -8668
-1670 -8668
-1670 -7336
-2503 -7336
-2503 -6004
-4169 -6004
-4169 -5338
-5002 -5338
-5002 -4672
-2503 -4672
-2503 -4006
-837 -4006
-837 -3340
-4 -3340
-4 -1342
-837 -1342
-837 -676
-2503 -676
-2503 -10
-10000 -10
-10000 -10000
36
-1432 -1250 -9286 -8750
-2146 -5000
-2146 -4375
-6430 -4375
-6430 -3750
-7144 -3750
-7144 -1875
-6430 -1875
-6430 -1250
-2146 -1250
-2146 -1875
-4 -1875
-4 0
-6430 0
-6430 -625
-8572 -625
-8572 -1250
-9286 -1250
-9286 -5000
-7858 -5000
-7858 -5625
-3574 -5625
-3574 -6250
-2860 -6250
-2860 -8125
-3574 -8125
-3574 -8750
-7858 -8750
-7858 -8125
-10000 -8125
-10000 -10000
-3574 -10000
-3574 -9375
-1432 -9375
-1432 -8750
-718 -8750
-718 -5000
8
-9000 -772 -5000 -9231
-10000 -3
-10000 -1541
-6000 -1541
-6000 -10000
-4000 -10000
-4000 -1541
0 -1541
0 -3
28
-9375 -676 -625 -676
-6875 -8668
-6875 -8002
-7500 -8002
-7500 -10
-10000 -10
-10000 -8002
-9375 -8002
-9375 -8668
-8750 -8668
-8750 -9334
-7500 -9334
-7500 -10000
-2500 -10000
-2500 -9334
-1250 -9334
-1250 -8668
-625 -8668
-625 -8002
0 -8002
0 -10
-2500 -10
-2500 -8002
-3125 -8002
-3125 -8668
-3750 -8668
-3750 -9334
-6250 -9334
-6250 -8668
38
-9375 -676 -625 -676
-6250 -6004
-6250 -4006
-6875 -4006
-6875 -2008
-7500 -2008
-7500 -10
-10000 -10
-10000 -2008
-9375 -2008
-9375 -4006
-8750 -4006
-8750 -6004
-8125 -6004
-8125 -7336
-7500 -7336
-7500 -8002
-6875 -8002
-6875 -10000
-3125 -10000
-3125 -8002
-1875 -8002
-1875 -6004
-1250 -6004
-1250 -4006
-625 -4006
-625 -2008
0 -2008
0 -10
-2500 -10
-2500 -2008
-3125 -2008
-3125 -4006
-3750 -4006
-3750 -6004
-4375 -6004
-4375 -8002
-5625 -8002
-5625 -6004
36
-9286 -1000 -718 -1000
-7144 -7000
-7144 -6000
-7858 -6000
-7858 -3000
-8572 -3000
-8572 0
-10000 0
-10000 -3000
-9286 -3000
-9286 -6000
-8572 -6000
-8572 -10000
-6430 -10000
-6430 -9000
-5716 -9000
-5716 -8000
-4288 -8000
-4288 -9000
-3574 -9000
-3574 -10000
-1432 -10000
-1432 -6000
-718 -6000
-718 -3000
-4 -3000
-4 0
-1432 0
-1432 -3000
-2146 -3000
-2146 -6000
-2860 -6000
-2860 -7000
-4288 -7000
-4288 -1000
-5716 -1000
-5716 -7000
36
-7858 -9375 -718 -625
-10000 -8125
-10000 -10000
-7144 -10000
-7144 -8125
-6430 -8125
-6430 -6250
-3574 -6250
-3574 -8125
-2860 -8125
-2860 -10000
-4 -10000
-4 -8125
-1432 -8125
-1432 -5625
-3574 -5625
-3574 -4375
-1432 -4375
-1432 -1875
-4 -1875
-4 0
-2860 0
-2860 -1875
-3574 -1875
-3574 -3125
-6430 -3125
-6430 -1875
-7144 -1875
-7144 0
-10000 0
-10000 -1875
-8572 -1875
-8572 -4375
-6430 -4375
-6430 -5625
-8572 -5625
-8572 -8125
28
-9286 -676 -718 -676
-6430 -4672
-6430 -10000
-3574 -10000
-3574 -4672
-2146 -4672
-2146 -4006
-1432 -4006
-1432 -2008
-718 -2008
-718 -1342
-4 -1342
-4 -10
-2860 -10
-2860 -2008
-3574 -2008
-3574 -3340
-6430 -3340
-6430 -2008
-7144 -2008
-7144 -10
-10000 -10
-10000 -1342
-9286 -1342
-9286 -2008
-8572 -2008
-8572 -4006
-7858 -4006
-7858 -4672
36
-9167 -837 -837 -9167
-10000 -7501
-10000 -10000
-4 -10000
-4 -8334
-1670 -8334
-1670 -9167
-6668 -9167
-6668 -7501
-5835 -7501
-5835 -6668
-5002 -6668
-5002 -5835
-4169 -5835
-4169 -4169
-3336 -4169
-3336 -3336
-2503 -3336
-2503 -2503
-4 -2503
-4 -4
-10000 -4
-10000 -1670
-8334 -1670
-8334 -837
-3336 -837
-3336 -2503
-4169 -2503
-4169 -3336
-5002 -3336
-5002 -4169
-5835 -4169
-5835 -5835
-6668 -5835
-6668 -6668
-7501 -6668
-7501 -7501
36
-9474 -1112 -532 -1112
-6 -10000
-6 -1
-1058 -1
-1058 -8889
-1584 -8889
-1584 -1
-2110 -1
-2110 -8889
-2636 -8889
-2636 -1
-3162 -1
-3162 -8889
-3688 -8889
-3688 -1
-4214 -1
-4214 -8889
-4740 -8889
-4740 -1
-5266 -1
-5266 -8889
-5792 -8889
-5792 -1
-6318 -1
-6318 -8889
-6844 -8889
-6844 -1
-7370 -1
-7370 -8889
-7896 -8889
-7896 -1
-8422 -1
-8422 -8889
-8948 -8889
-8948 -1
-10000 -1
-10000 -10000
38
-500 -1819 -9000 -9091
-8500 -10000
-8500 -4546
-8000 -4546
-8000 -9091
-7500 -9091
-7500 -4546
-7000 -4546
-7000 -8182
-6500 -8182
-6500 -3637
-6000 -3637
-6000 -7273
-5500 -7273
-5500 -3637
-5000 -3637
-5000 -6364
-4500 -6364
-4500 -2728
-4000 -2728
-4000 -5455
-3500 -5455
-3500 -2728
-3000 -2728
-3000 -4546
-2500 -4546
-2500 -1819
-2000 -1819
-2000 -3637
-1500 -3637
-1500 -1819
-1000 -1819
-1000 -2728
0 -2728
0 -1
-10000 -1
-10000 -5455
-9500 -5455
-9500 -10000
40
9517 -4408 1730 6434
-3905 -666
-6152 -666
-6152 -6421
9902 -6421
9902 -3582
5421 -3582
5421 -666
2032 -666
2032 -3582
-5854 -3582
-5854 -1077
1370 -1077
1370 4010
5421 4010
5421 4439
1370 4439
1370 6129
6024 6129
6024 -1077
9902 -1077
9902 -666
8329 -666
8329 7157
9267 7157
9267 4010
9902 4010
9902 9020
2032 9020
2032 7157
6024 7157
6024 6537
1370 6537
1370 9020
-3905 9020
-3905 4439
-5854 4439
-5854 9020
-6152 9020
-6152 4010
-3905 4010
8
5 5 15 25
0 0
20 0
20 10
10 10
10 20
20 20
20 30
0 30
8
5 5 25 15
30 0
30 20
20 20
20 10
10 10
10 20
0 20
0 0
38
-8948 -565 -532 -8335
-3688 -1120
-3688 -1675
-5266 -1675
-5266 -3340
-6318 -3340
-6318 -4450
-7370 -4450
-7370 -5560
-8422 -5560
-8422 -6670
-9474 -6670
-9474 -7780
-10000 -7780
-10000 -9445
-9474 -9445
-9474 -10000
-6 -10000
-6 -7780
-1058 -7780
-1058 -8890
-8948 -8890
-8948 -7780
-8422 -7780
-8422 -7225
-7370 -7225
-7370 -6115
-6318 -6115
-6318 -5005
-5266 -5005
-5266 -3895
-4214 -3895
-4214 -2785
-3162 -2785
-3162 -1675
-2636 -1675
-2636 -10
-9474 -10
-9474 -1120
0
