8
1 1 2 2
0 2
0 0
2 0
2 1
3 1
3 3
1 3
1 2
12
-9 5 9 -9
0 0
0 -13
3 -13
3 -10
10 -10
10 10
-1 10
-1 13
-4 13
-4 10
-10 10
-10 0
12
3 57 53 2
0 0
64 0
64 18
47 18
47 39
64 39
64 60
0 60
0 44
33 44
33 30
0 30
46
2928 2914 6236 -7635
6021 4013
6021 8029
-5424 8029
-5424 -7090
179 -7090
179 1211
983 1211
983 -7322
-5424 -7322
-5424 -7762
8383 -7762
8383 -7322
6828 -7322
6828 -7090
8383 -7090
8383 8029
7457 8029
7457 3724
6828 3724
6828 8029
6324 8029
6324 3724
5367 3724
5367 3443
6324 3443
6324 1211
6828 1211
6828 3443
7457 3443
7457 -1371
6324 -1371
6324 -7322
6021 -7322
6021 -1371
5367 -1371
5367 -7322
4009 -7322
4009 1211
6021 1211
6021 3187
179 3187
179 3443
4009 3443
4009 3724
179 3724
179 4013
48
-1262 -7968 8426 -4377
-1439 -7869
-1439 -2330
478 -2330
478 2591
-5189 2591
-5189 4989
478 4989
478 5607
-8037 5607
-8037 -2330
-2288 -2330
-2288 -4358
-8037 -4358
-8037 -4398
-2288 -4398
-2288 -9285
-5189 -9285
-5189 -7869
-8037 -7869
-8037 -9861
-1439 -9861
-1439 -8395
-210 -8395
-210 -9861
8915 -9861
8915 -9285
3790 -9285
3790 -8395
8915 -8395
8915 -7869
582 -7869
582 -9285
478 -9285
478 -4398
3790 -4398
3790 -2330
8375 -2330
8375 -4398
8915 -4398
8915 2591
3790 2591
3790 4989
8915 4989
8915 5607
582 5607
582 -4358
-210 -4358
-210 -7869
40
3837 1972 3858 3605
1191 3475
3858 3475
3858 1990
-8050 1990
-8050 3475
167 3475
167 3979
-8319 3979
-8319 1653
1191 1653
1191 -7227
167 -7227
167 -1536
-8319 -1536
-8319 -4484
-4580 -4484
-4580 -4622
-8319 -4622
-8319 -6293
-4580 -6293
-4580 -7227
-8319 -7227
-8319 -8352
5017 -8352
5017 -7227
3836 -7227
3836 -4484
3858 -4484
3858 -6293
5017 -6293
5017 -1536
3836 -1536
3836 1653
5017 1653
5017 3475
6503 3475
6503 -8352
8590 -8352
8590 3979
1191 3979
46
100 -7533 -3028 5543
7312 -2672
-560 -2672
-560 -8761
4571 -8761
4571 -3826
7312 -3826
7312 -8761
8556 -8761
8556 5996
-7100 5996
-7100 2042
-6413 2042
-6413 4453
-1613 4453
-1613 2871
-3400 2871
-3400 1584
-7100 1584
-7100 -3826
-3400 -3826
-3400 -6612
-7100 -6612
-7100 -8761
-1446 -8761
-1446 -6612
-2580 -6612
-2580 -3826
-1446 -3826
-1446 1584
-1613 1584
-1613 -2672
-6413 -2672
-6413 -360
-2580 -360
-2580 2042
-1446 2042
-1446 4453
-560 4453
-560 2042
4571 2042
4571 4453
7312 4453
7312 1584
-560 1584
-560 -360
7312 -360
46
-1652 2727 2755 -4995
-8870 -2548
-8870 7422
-9611 7422
-9611 -3552
-1970 -3552
-1970 -4785
-9611 -4785
-9611 -5148
-1441 -5148
-1441 -3552
1318 -3552
1318 -8113
-9611 -8113
-9611 -8871
3157 -8871
3157 -5148
4306 -5148
4306 -8871
9864 -8871
9864 -8113
4328 -8113
4328 -5148
9864 -5148
9864 -4785
4328 -4785
4328 -3552
9864 -3552
9864 -2548
4328 -2548
4328 2033
9864 2033
9864 7422
4306 7422
4306 6801
5191 6801
5191 3164
-1441 3164
-1441 6801
3157 6801
3157 7422
-1970 7422
-1970 2033
4306 2033
4306 -4785
3157 -4785
3157 -2548
46
-8433 -6342 -9180 -964
-713 1715
-3805 1715
-3805 3816
2306 3816
2306 -173
2732 -173
2732 9157
2306 9157
2306 4657
-4854 4657
-4854 1715
-5120 1715
-5120 6900
-713 6900
-713 9157
-5680 9157
-5680 4657
-8038 4657
-8038 9157
-9736 9157
-9736 3816
-5680 3816
-5680 -558
-8038 -558
-8038 1715
-9736 1715
-9736 -8695
-8038 -8695
-8038 -1331
-5120 -1331
-5120 -173
-4854 -173
-4854 -1331
-2699 -1331
-2699 -4593
-5680 -4593
-5680 -8695
2732 -8695
2732 -558
2306 -558
2306 -4593
-713 -4593
-713 -558
-3805 -558
-3805 -173
-713 -173
42
6869 981 7493 7206
3308 3791
-8034 3791
-8034 -8448
7731 -8448
7731 -8331
-3427 -8331
-3427 -3990
6826 -3990
6826 -5136
3308 -5136
3308 -7773
8200 -7773
8200 -8448
8644 -8448
8644 -1261
8200 -1261
8200 -5136
7731 -5136
7731 -501
8644 -501
8644 7546
8200 7546
8200 3791
7731 3791
7731 7546
7040 7546
7040 3791
6826 3791
6826 -501
7040 -501
7040 -5136
6946 -5136
6946 -1261
-3427 -1261
-3427 -501
4469 -501
4469 5078
6946 5078
6946 7546
-8034 7546
-8034 5078
3308 5078
42
-5456 -1033 -3507 -7261
-9028 -2164
-8835 -2164
-8835 4544
-6516 4544
-6516 -2909
-9028 -2909
-9028 -9402
-8835 -9402
-8835 -4161
-6516 -4161
-6516 -9402
-1934 -9402
-1934 -621
-4274 -621
-4274 -7103
-4723 -7103
-4723 4544
-1578 4544
-1578 -2164
2166 -2164
2166 4544
2610 4544
2610 -2909
-1578 -2909
-1578 -4161
2610 -4161
2610 -7103
-1578 -7103
-1578 -9402
5820 -9402
5820 6482
-1578 6482
-1578 5251
2610 5251
2610 4786
-1934 4786
-1934 6482
-9028 6482
-9028 5251
-4274 5251
-4274 4786
-9028 4786
46
-1748 -6686 4667 -1875
-5254 -7962
4745 -7962
4745 -7114
154 -7114
154 -5894
6388 -5894
6388 -7962
6596 -7962
6596 -5130
154 -5130
154 -4312
4745 -4312
4745 -4014
154 -4014
154 -2380
6388 -2380
6388 -4312
6596 -4312
6596 2113
6388 2113
6388 -585
154 -585
154 2012
4745 2012
4745 2113
-5254 2113
-5254 -4014
-5743 -4014
-5743 -585
-6811 -585
-6811 2012
-5743 2012
-5743 2113
-8959 2113
-8959 -4312
-6811 -4312
-6811 -2380
-6268 -2380
-6268 -7114
-6811 -7114
-6811 -5130
-8959 -5130
-8959 -7962
-5743 -7962
-5743 -4312
-5254 -4312
44
-607 1699 -3266 8944
-627 1719
-627 5902
-9647 5902
-9647 8847
-7256 8847
-7256 9063
-9648 9063
-9648 1823
-3276 1823
-3276 1719
-9648 1719
-9648 1690
-3276 1690
-3276 -1152
-7541 -1152
-7541 -3689
-9647 -3689
-9647 -1152
-9648 -1152
-9648 -4784
-7256 -4784
-7256 -1386
32 -1386
32 -3689
-3276 -3689
-3276 -4784
8784 -4784
8784 -3689
6870 -3689
6870 -1386
8784 -1386
8784 5902
7656 5902
7656 -1152
-627 -1152
-627 1690
6870 1690
6870 8847
8784 8847
8784 9063
-3276 9063
-3276 8847
32 8847
32 1719
40
-928 4352 1028 -7838
9708 2360
1536 2360
1536 3877
9708 3877
9708 9913
-245 9913
-245 6470
2971 6470
2971 4490
-3807 4490
-3807 6470
-1012 6470
-1012 9913
-9797 9913
-9797 -7775
-1096 -7775
-1096 -8499
-9797 -8499
-9797 -8750
-1012 -8750
-1012 -6564
-7473 -6564
-7473 6470
-6783 6470
-6783 -4066
-1012 -4066
-1012 2360
-3807 2360
-3807 3877
-245 3877
-245 -4066
2971 -4066
2971 -6564
-245 -6564
-245 -8750
9708 -8750
9708 -8499
1536 -8499
1536 -7775
9708 -7775
44
5888 4722 -5324 5081
6900 -8972
6900 -955
5718 -955
5718 -8972
3392 -8972
3392 -9993
9843 -9993
9843 5017
5718 5017
5718 3960
1115 3960
1115 4872
4606 4872
4606 5017
1115 5017
1115 5655
9843 5655
9843 7382
-3993 7382
-3993 5017
-5067 5017
-5067 7382
-7096 7382
-7096 -916
-5067 -916
-5067 4872
-3993 4872
-3993 -955
-7096 -955
-7096 -9993
-5067 -9993
-5067 -4584
-3993 -4584
-3993 -9993
1115 -9993
1115 -4584
4606 -4584
4606 -955
1115 -955
1115 -916
6900 -916
6900 4872
8420 4872
8420 -8972
48
6354 -1692 9220 3918
-5792 -8349
-9895 -8349
-9895 -8749
-4502 -8749
-4502 -1978
1659 -1978
1659 -8749
3232 -8749
3232 -3352
3956 -3352
3956 -8749
9789 -8749
9789 -2795
9003 -2795
9003 -8349
7692 -8349
7692 -2795
3232 -2795
3232 -1978
9789 -1978
9789 7167
9003 7167
9003 583
7692 583
7692 7167
3956 7167
3956 3918
3232 3918
3232 7167
-9895 7167
-9895 3996
-5792 3996
-5792 3918
-9895 3918
-9895 2792
-4502 2792
-4502 3996
1659 3996
1659 2792
3956 2792
3956 583
-5792 583
-5792 -2795
-6015 -2795
-6015 583
-9895 583
-9895 -3352
-5792 -3352
40
-5642 -1432 -5723 -5185
9262 -3924
3461 -3924
3461 -5805
8095 -5805
8095 -6938
689 -6938
689 -3885
9262 -3885
9262 4789
8095 4789
8095 -625
3504 -625
3504 4789
-5843 4789
-5843 2038
263 2038
263 -625
-5843 -625
-5843 -1762
-3274 -1762
-3274 -2888
-5843 -2888
-5843 -5805
-5089 -5805
-5089 -3885
-3274 -3885
-3274 -6938
-5843 -6938
-5843 -8624
89 -8624
89 -1762
689 -1762
689 2038
3461 2038
3461 -1762
8095 -1762
8095 -2888
263 -2888
263 -8624
9262 -8624
42
1662 2930 1242 8490
-8082 8941
-8082 -5301
-7488 -5301
-7488 2907
-7200 2907
-7200 -5301
-5074 -5301
-5074 8400
-887 8400
-887 5494
3279 5494
3279 2943
-887 2943
-887 2907
3279 2907
3279 -2931
-887 -2931
-887 -3964
3279 -3964
3279 -4249
-887 -4249
-887 -5301
6888 -5301
6888 -2931
6421 -2931
6421 -4249
4969 -4249
4969 2907
6888 2907
6888 8941
6421 8941
6421 2943
4969 2943
4969 8174
2729 8174
2729 8400
4969 8400
4969 8941
-7200 8941
-7200 2943
-7488 2943
-7488 8941
40
-3851 3071 4605 -4492
-832 -4279
-3901 -4279
-3901 -6508
573 -6508
573 2205
1205 2205
1205 -4568
4538 -4568
4538 -4779
1205 -4779
1205 -6508
5094 -6508
5094 -4279
1523 -4279
1523 2205
4538 2205
4538 -363
5094 -363
5094 3750
-484 3750
-484 1543
-832 1543
-832 3750
-3901 3750
-3901 2205
-1591 2205
-1591 1543
-3901 1543
-3901 -363
-3722 -363
-3722 319
-1591 319
-1591 -363
-832 -363
-832 319
-484 319
-484 -4779
-3722 -4779
-3722 -4568
-832 -4568
36
8541 -7024 -462 -7385
-284 -3515
-284 -1450
-2146 -1450
-2146 8029
-940 8029
-940 -328
2122 -328
2122 722
-284 722
-284 8029
8185 8029
8185 722
2955 722
2955 -1450
-265 -1450
-265 -3515
8185 -3515
8185 -7347
2955 -7347
2955 -7499
9344 -7499
9344 -1450
6567 -1450
6567 -328
9344 -328
9344 9337
-3312 9337
-3312 -7499
2122 -7499
2122 -7347
-2146 -7347
-2146 -5923
6567 -5923
6567 -3684
-2146 -3684
-2146 -3515
36
3179 -4019 8462 -3379
7203 -6837
9611 -6837
9611 6106
7203 6106
7203 -4263
4144 -4263
4144 6106
-623 6106
-623 6476
9611 6476
9611 8251
-4771 8251
-4771 6106
-5727 6106
-5727 8251
-7304 8251
-7304 1112
3162 1112
3162 -4263
590 -4263
590 -5168
3162 -5168
3162 -5191
-5727 -5191
-5727 -3563
-4771 -3563
-4771 -5168
-623 -5168
-623 -3563
1181 -3563
1181 -2790
-7304 -2790
-7304 -6837
4144 -6837
4144 -5168
7203 -5168
42
-5102 -2345 3457 5400
2407 5300
2938 5300
2938 579
6422 579
6422 -2774
7889 -2774
7889 5415
6422 5415
6422 4892
5728 4892
5728 5415
-9121 5415
-9121 5300
-287 5300
-287 4892
-9121 4892
-9121 579
-287 579
-287 -2058
-9121 -2058
-9121 -8436
-4333 -8436
-4333 -7403
-7695 -7403
-7695 -2774
-5376 -2774
-5376 -5600
-4333 -5600
-4333 -2774
-287 -2774
-287 -8436
7889 -8436
7889 -7403
2407 -7403
2407 -2774
2938 -2774
2938 -5600
7889 -5600
7889 -3057
5728 -3057
5728 -2058
2407 -2058
44
-7932 -7704 -6502 -7603
2452 -1452
-2547 -1452
-2547 -7403
-6487 -7403
-6487 -1452
-9065 -1452
-9065 -5748
-8519 -5748
-8519 -3817
-6522 -3817
-6522 -7403
-9065 -7403
-9065 -9113
9545 -9113
9545 -1452
8394 -1452
8394 -7403
1023 -7403
1023 -5748
3039 -5748
3039 -4935
1023 -4935
1023 -3817
3039 -3817
3039 -1311
9545 -1311
9545 -868
3039 -868
3039 -377
9545 -377
9545 1265
2452 1265
2452 -868
1023 -868
1023 1265
-2547 1265
-2547 -868
-8519 -868
-8519 -377
-6487 -377
-6487 1265
-9065 1265
-9065 -1311
2452 -1311
38
-2658 6523 -7992 -4999
-4031 -8917
-4031 -9233
9758 -9233
9758 5842
3260 5842
3260 5984
9758 5984
9758 7108
-4031 7108
-4031 5984
745 5984
745 3250
8616 3250
8616 -9230
-2317 -9230
-2317 -3004
745 -3004
745 -8917
3260 -8917
3260 -2272
-2317 -2272
-2317 5842
-2489 5842
-2489 -9230
-2853 -9230
-2853 -4621
-7677 -4621
-7677 3250
-4031 3250
-4031 -3004
-2853 -3004
-2853 5842
-7677 5842
-7677 7108
-9500 7108
-9500 -9233
-7677 -9233
-7677 -8917
42
6851 -3382 -7946 -8364
-9207 -8754
2313 -8754
2313 -7450
4797 -7450
4797 -8754
7858 -8754
7858 -6098
7329 -6098
7329 -7756
5016 -7756
5016 -3410
7858 -3410
7858 7552
7329 7552
7329 -3191
5016 -3191
5016 7552
388 7552
388 1412
4797 1412
4797 -6098
2313 -6098
2313 -1399
-7656 -1399
-7656 1412
-3561 1412
-3561 7552
-9207 7552
-9207 -7450
-7656 -7450
-7656 -2442
-3578 -2442
-3578 -3410
-3561 -3410
-3561 -2442
388 -2442
388 -6098
-3578 -6098
-3578 -7450
388 -7450
388 -7756
-9207 -7756
42
5990 -463 -1459 6454
-2037 2649
-2037 3884
-4373 3884
-4373 5932
19 5932
19 3797
5188 3797
5188 1978
7092 1978
7092 6501
5188 6501
5188 5932
5772 5932
5772 2649
5468 2649
5468 3884
3731 3884
3731 6501
-7004 6501
-7004 3797
-3028 3797
-3028 2649
-7004 2649
-7004 -8333
3731 -8333
3731 336
5772 336
5772 -3105
5188 -3105
5188 -8333
7092 -8333
7092 1928
19 1928
19 -3105
-4373 -3105
-4373 1978
-3028 1978
-3028 336
-2037 336
-2037 1978
3731 1978
3731 2649
44
-8238 3865 8810 -8562
715 -7860
715 -8293
8388 -8293
8388 -8403
-3213 -8403
-3213 -9654
9648 -9654
9648 -441
7834 -441
7834 2266
9648 2266
9648 9794
8388 9794
8388 3546
7834 3546
7834 9794
-8055 9794
-8055 7406
715 7406
715 -441
-2397 -441
-2397 3546
-8085 3546
-8085 9794
-8381 9794
-8381 -7209
-8055 -7209
-8055 -7860
-8381 -7860
-8381 -9654
-5358 -9654
-5358 -8403
-8085 -8403
-8085 -8293
-5358 -8293
-5358 -441
-8085 -441
-8085 2266
-3213 2266
-3213 -8293
-2397 -8293
-2397 -7209
8388 -7209
8388 -7860
42
8926 442 -7660 9505
4441 -511
3824 -511
3824 543
1483 543
1483 2264
3824 2264
3824 9787
-7676 9787
-7676 8534
1748 8534
1748 6559
-926 6559
-926 3940
1748 3940
1748 3932
-926 3932
-926 543
-6137 543
-6137 6559
-7676 6559
-7676 371
1748 371
1748 -511
-7676 -511
-7676 -4105
9890 -4105
9890 -511
5261 -511
5261 371
9890 371
9890 543
5261 543
5261 2264
9890 2264
9890 3932
5261 3932
5261 8534
8872 8534
8872 3940
9890 3940
9890 9787
4441 9787
46
-2904 -7739 -1099 -1616
-8627 -5907
-8627 -1893
-3627 -1893
-3627 490
-3622 490
-3622 -1893
6299 -1893
6299 -5907
-3871 -5907
-3871 -7203
-3622 -7203
-3622 -8016
-3871 -8016
-3871 -9949
-919 -9949
-919 -7203
6299 -7203
6299 -9949
8301 -9949
8301 -707
-919 -707
-919 7236
-3627 7236
-3627 8432
6299 8432
6299 490
8301 490
8301 8791
-7850 8791
-7850 8432
-3871 8432
-3871 -707
-8627 -707
-8627 490
-4644 490
-4644 7236
-8627 7236
-8627 8791
-8728 8791
-8728 -7203
-7850 -7203
-7850 -8016
-8728 -8016
-8728 -9949
-4644 -9949
-4644 -5907
44
6588 356 -5238 -1375
-3246 6380
-3246 9675
-9844 9675
-9844 4815
-2945 4815
-2945 -388
-3246 -388
-3246 3581
-9844 3581
-9844 1628
-6269 1628
-6269 -2893
-2945 -2893
-2945 -6659
-9728 -6659
-9728 -388
-9844 -388
-9844 -7522
-2821 -7522
-2821 6380
-1977 6380
-1977 4815
4292 4815
4292 3581
-1977 3581
-1977 1628
4292 1628
4292 -388
-1977 -388
-1977 -7522
8532 -7522
8532 -6659
577 -6659
577 -2893
8532 -2893
8532 9675
4292 9675
4292 6152
577 6152
577 9675
-2945 9675
-2945 6152
-9728 6152
-9728 6380
44
3589 4611 5501 1108
3600 4011
5355 4011
5355 74
8075 74
8075 -1026
3168 -1026
3168 -2242
1757 -2242
1757 -1026
-9315 -1026
-9315 -8178
-3807 -8178
-3807 -1114
-187 -1114
-187 -8178
1757 -8178
1757 -2775
3600 -2775
3600 -1114
5355 -1114
5355 -2775
7992 -2775
7992 -1114
8075 -1114
8075 -7186
3168 -7186
3168 -8178
9849 -8178
9849 7909
8075 7909
8075 76
7992 76
7992 7909
-187 7909
-187 76
-3807 76
-3807 7909
-9315 7909
-9315 74
1757 74
1757 4011
3168 4011
3168 74
3600 74
50
-5651 5419 -4412 -5292
4711 3454
-363 3454
-363 1810
4711 1810
4711 1325
-363 1325
-363 -2174
4711 -2174
4711 -4946
-1568 -4946
-1568 -9519
-2760 -9519
-2760 1810
-1568 1810
-1568 -2174
-1042 -2174
-1042 3454
-2760 3454
-2760 4919
1304 4919
1304 6605
-6581 6605
-6581 4919
-4344 4919
-4344 3454
-6581 3454
-6581 1810
-4344 1810
-4344 1325
-6581 1325
-6581 -2174
-4344 -2174
-4344 -4946
-6581 -4946
-6581 -5612
-4344 -5612
-4344 -9519
-6581 -9519
-6581 -9871
-1042 -9871
-1042 -5612
-363 -5612
-363 -9871
1304 -9871
1304 -5612
4711 -5612
4711 -9871
7123 -9871
7123 6605
4711 6605
40
-1018 -8820 -6467 -5864
-5788 -9007
-5788 -7994
-1527 -7994
-1527 -9023
7356 -9023
7356 -9007
2403 -9007
2403 -7817
-5788 -7817
-5788 -6123
-2383 -6123
-2383 -5152
-5788 -5152
-5788 474
3282 474
3282 -5152
-1527 -5152
-1527 -6123
3282 -6123
3282 -7994
7356 -7994
7356 7596
-1527 7596
-1527 2874
3282 2874
3282 1355
-2383 1355
-2383 7596
-5687 7596
-5687 1355
-5788 1355
-5788 7596
-6782 7596
-6782 -9007
-9019 -9007
-9019 7596
-9802 7596
-9802 -9023
-2383 -9023
-2383 -9007
42
3364 -6731 4818 4609
-4405 3620
-5368 3620
-5368 276
-6737 276
-6737 6031
-9443 6031
-9443 -7745
-6737 -7745
-6737 -4153
-5368 -4153
-5368 -7745
-2780 -7745
-2780 -8294
-9443 -8294
-9443 -9680
5444 -9680
5444 -8294
-2673 -8294
-2673 -7745
7511 -7745
7511 -9680
8205 -9680
8205 6031
-5368 6031
-5368 4423
7511 4423
7511 3620
4652 3620
4652 1059
7511 1059
7511 -6631
5444 -6631
5444 276
4652 276
4652 -6631
-4405 -6631
-4405 -4153
-2673 -4153
-2673 3620
-2780 3620
-2780 276
-4405 276
44
-9090 -5330 7424 -7656
7287 -2828
9385 -2828
9385 7350
4338 7350
4338 8794
9385 8794
9385 8883
-858 8883
-858 7350
-2331 7350
-2331 8883
-9189 8883
-9189 -7674
-9058 -7674
-9058 -5176
-858 -5176
-858 -7600
-6348 -7600
-6348 -7674
9385 -7674
9385 -4119
8815 -4119
8815 -7600
7596 -7600
7596 -4119
7287 -4119
7287 -7600
4338 -7600
4338 -4119
-9058 -4119
-9058 -2828
-2331 -2828
-2331 769
-9058 769
-9058 8794
-6348 8794
-6348 6141
-858 6141
-858 -2828
4338 -2828
4338 6141
8815 6141
8815 769
7287 769
40
-5672 1992 8707 -923
-5690 -8793
3169 -8793
3169 -3782
5297 -3782
5297 -285
7747 -285
7747 -6008
3320 -6008
3320 -8793
9307 -8793
9307 9723
2172 9723
2172 -285
3169 -285
3169 4126
3320 4126
3320 1486
5297 1486
5297 4126
7747 4126
7747 953
3320 953
3320 -3027
-5652 -3027
-5652 -285
-4104 -285
-4104 2884
-5652 2884
-5652 4126
-4104 4126
-4104 9723
-5690 9723
-5690 1486
-4812 1486
-4812 953
-5690 953
-5690 -3782
2172 -3782
2172 -6008
-5690 -6008
48
-5666 1857 7392 -7985
-9132 -9941
-2875 -9941
-2875 -4833
-3520 -4833
-3520 3281
-2928 3281
-2928 1058
288 1058
288 -9941
8900 -9941
8900 -4833
3526 -4833
3526 1058
8900 1058
8900 2970
-2875 2970
-2875 3281
3526 3281
3526 7986
4468 7986
4468 3281
8900 3281
8900 9503
288 9503
288 4050
-2875 4050
-2875 9503
-2928 9503
-2928 4050
-3520 4050
-3520 9503
-4557 9503
-4557 7396
-5865 7396
-5865 9503
-9132 9503
-9132 4662
-4557 4662
-4557 4050
-9132 4050
-9132 3281
-4557 3281
-4557 2970
-9132 2970
-9132 1058
-4557 1058
-4557 -4833
-9132 -4833
48
8926 9572 9342 5919
2613 5755
-8357 5755
-8357 9313
602 9313
602 5957
2613 5957
2613 7459
1287 7459
1287 9313
2613 9313
2613 9689
-8381 9689
-8381 5403
602 5403
602 5104
-8381 5104
-8381 2412
602 2412
602 -1594
-8381 -1594
-8381 -5680
1287 -5680
1287 5403
2597 5403
2597 -5680
2613 -5680
2613 2412
2720 2412
2720 -5680
9607 -5680
9607 -1594
5874 -1594
5874 2412
9607 2412
9607 5104
5874 5104
5874 5957
9127 5957
9127 5403
9607 5403
9607 7459
5874 7459
5874 9313
9607 9313
9607 9689
2720 9689
2720 5104
2613 5104
44
2567 4547 -6605 -2232
-5837 6574
-6083 6574
-6083 9720
-6633 9720
-6633 2714
-5837 2714
-5837 -1109
-6633 -1109
-6633 -8225
-5837 -8225
-5837 -9131
-6633 -9131
-6633 -9395
-2075 -9395
-2075 -4506
-6083 -4506
-6083 -3781
-2075 -3781
-2075 2714
-502 2714
-502 -9395
2434 -9395
2434 -8225
2514 -8225
2514 -9395
2668 -9395
2668 -8225
4317 -8225
4317 -9395
9573 -9395
9573 6574
4317 6574
4317 -4506
2668 -4506
2668 6574
2514 6574
2514 -4506
2434 -4506
2434 6574
-2075 6574
-2075 8326
9573 8326
9573 9720
-5837 9720
52
931 -4879 7282 -2331
-8373 -3213
-8373 -6822
5486 -6822
5486 -3213
-169 -3213
-169 -2435
7211 -2435
7211 -6822
9564 -6822
9564 -3213
7641 -3213
7641 -2435
9564 -2435
9564 2484
8618 2484
8618 -1118
7641 -1118
7641 3755
9564 3755
9564 3904
7211 3904
7211 2484
5486 2484
5486 3904
3736 3904
3736 2484
-169 2484
-169 3904
-1895 3904
-1895 2484
-4585 2484
-4585 3904
-8373 3904
-8373 433
-1895 433
-1895 -1118
-8373 -1118
-8373 -2435
-4585 -2435
-4585 -1409
-169 -1409
-169 433
7211 433
7211 -1409
8618 -1409
8618 -1874
5486 -1874
5486 -1118
3736 -1118
3736 -1874
-1895 -1874
-1895 -3213
40
-2903 -1131 1608 -168
-2945 -747
-2945 -6861
5310 -6861
5310 2020
5279 2020
5279 -999
-2772 -999
-2772 848
-7211 848
-7211 1574
-2772 1574
-2772 5470
-2558 5470
-2558 -747
4655 -747
4655 2020
1483 2020
1483 848
-478 848
-478 5980
1483 5980
1483 5470
4655 5470
4655 5980
5279 5980
5279 5470
5310 5470
5310 9727
-9780 9727
-9780 5980
-2558 5980
-2558 5685
-9780 5685
-9780 5470
-2945 5470
-2945 2020
-9780 2020
-9780 -6861
-7211 -6861
-7211 -747
50
-7930 2660 2902 -4526
-8931 8760
-5592 8760
-5592 -114
-7143 -114
-7143 8188
-8931 8188
-8931 -1785
-1948 -1785
-1948 1749
-1490 1749
-1490 -1785
2218 -1785
2218 1749
8876 1749
8876 -114
2598 -114
2598 -5380
8876 -5380
8876 -5658
2218 -5658
2218 -2475
-8931 -2475
-8931 -5380
-5592 -5380
-5592 -5658
-8931 -5658
-8931 -6110
-1948 -6110
-1948 -5380
-1490 -5380
-1490 -6110
9513 -6110
9513 -2475
3131 -2475
3131 -1785
9513 -1785
9513 9292
8876 9292
8876 8188
3131 8188
3131 9292
2598 9292
2598 8188
2218 8188
2218 9292
-1490 9292
-1490 8188
-1948 8188
-1948 9292
-8931 9292
48
5074 8250 -1807 4524
-9114 -5339
-4749 -5339
-4749 -4
-8293 -4
-8293 3114
-1662 3114
-1662 -9185
-9114 -9185
-9114 -9471
-1297 -9471
-1297 -5339
-589 -5339
-589 -9471
8819 -9471
8819 -4
4935 -4
4935 -9185
4514 -9185
4514 -4
-1297 -4
-1297 3114
4514 3114
4514 3742
4935 3742
4935 3114
8819 3114
8819 8537
-589 8537
-589 7926
4935 7926
4935 7100
-589 7100
-589 3520
-4749 3520
-4749 3742
-1297 3742
-1297 7100
-4749 7100
-4749 7926
-1297 7926
-1297 8537
-9114 8537
-9114 3742
-8293 3742
-8293 7926
-7585 7926
-7585 3520
-9114 3520
40
6030 3380 6023 -2778
-2021 -4235
-3548 -4235
-3548 3327
-8447 3327
-8447 -4355
-8413 -4355
-8413 2478
-3935 2478
-3935 -7004
-8447 -7004
-8447 -8419
-3548 -8419
-3548 -4355
1482 -4355
1482 -7004
-2021 -7004
-2021 -8419
4668 -8419
4668 -4355
6017 -4355
6017 -8419
6038 -8419
6038 9791
6017 9791
6017 -4235
4668 -4235
4668 410
1482 410
1482 -4235
962 -4235
962 2478
4668 2478
4668 3327
962 3327
962 3512
4668 3512
4668 9791
-8447 9791
-8447 3512
-2021 3512
42
3718 -7078 -5230 5952
-7058 8724
-7058 -7294
-3443 -7294
-3443 1512
1746 1512
1746 -3322
2948 -3322
2948 -5961
1746 -5961
1746 -7294
3092 -7294
3092 -3322
3456 -3322
3456 -7294
9034 -7294
9034 -5961
5296 -5961
5296 -764
2594 -764
2594 1512
7664 1512
7664 -3322
9034 -3322
9034 8724
7664 8724
7664 4413
2594 4413
2594 6808
5296 6808
5296 8724
3456 8724
3456 7926
3092 7926
3092 8724
2948 8724
2948 7926
2594 7926
2594 8724
1746 8724
1746 4413
-3443 4413
-3443 8724
30
-4266 -2452 -5208 3555
5604 -1248
5604 -1837
-4619 -1837
-4619 -3338
5604 -3338
5604 -4080
4277 -4080
4277 -3695
-9771 -3695
-9771 -9677
-4229 -9677
-4229 -4080
-9394 -4080
-9394 -3764
-2141 -3764
-2141 -9677
5850 -9677
5850 -1248
6060 -1248
6060 -9677
9674 -9677
9674 6738
-9771 6738
-9771 -3338
-9394 -3338
-9394 -677
6060 -677
6060 -904
-4619 -904
-4619 -1248
40
8348 -3017 7182 7698
-4043 -324
-4043 8412
-4999 8412
-4999 -3490
3378 -3490
3378 -924
-4043 -924
-4043 -354
7515 -354
7515 -924
3828 -924
3828 -3490
9364 -3490
9364 -324
7236 -324
7236 2774
9364 2774
9364 3280
7236 3280
7236 6660
9364 6660
9364 8412
6874 8412
6874 7417
7515 7417
7515 7030
4041 7030
4041 8412
-462 8412
-462 7417
3828 7417
3828 7030
-462 7030
-462 6660
6874 6660
6874 3280
-462 3280
-462 2774
6874 2774
6874 -324
44
3532 -8852 4439 -4524
9119 -3294
9119 7619
8089 7619
8089 -2041
5902 -2041
5902 7619
-104 7619
-104 -488
5518 -488
5518 -3294
5567 -3294
5567 -488
5849 -488
5849 -4296
5518 -4296
5518 -5609
5849 -5609
5849 -8347
3562 -8347
3562 -5609
4649 -5609
4649 -2041
3833 -2041
3833 -4296
3562 -4296
3562 -2041
-104 -2041
-104 -9038
3562 -9038
3562 -8835
3833 -8835
3833 -9038
4649 -9038
4649 -8835
5902 -8835
5902 -5609
8089 -5609
8089 -8884
5518 -8884
5518 -9038
9119 -9038
9119 -4296
5902 -4296
5902 -3294
40
-4463 2626 4974 -6959
-9087 6083
-4707 6083
-4707 -883
-9087 -883
-9087 -9611
-4229 -9611
-4229 -2428
-4707 -2428
-4707 -6893
-8900 -6893
-8900 -2195
-1307 -2195
-1307 -9611
7277 -9611
7277 -6893
4128 -6893
4128 -2195
6358 -2195
6358 -6240
7277 -6240
7277 -2428
6662 -2428
6662 7427
6358 7427
6358 -883
-4229 -883
-4229 6083
4128 6083
4128 8759
7081 8759
7081 -2195
7277 -2195
7277 9098
-1307 9098
-1307 7427
-8900 7427
-8900 8759
-4229 8759
-4229 9098
-9087 9098
42
3993 5299 6684 3951
1677 -3679
2224 -3679
2224 3098
4744 3098
4744 6011
5421 6011
5421 3071
2245 3071
2245 -3679
8794 -3679
8794 -2749
4744 -2749
4744 -1282
8794 -1282
8794 9062
5421 9062
5421 7130
1526 7130
1526 8821
4744 8821
4744 9062
871 9062
871 7130
-5215 7130
-5215 9062
-7258 9062
-7258 6011
2245 6011
2245 4539
1677 4539
1677 3071
871 3071
871 -2749
-5215 -2749
-5215 3098
1526 3098
1526 4539
-7258 4539
-7258 -3679
1526 -3679
1526 -1282
1677 -1282
46
4372 5972 -9107 2085
2096 1975
4516 1975
4516 8151
3475 8151
3475 2156
2096 2156
2096 8151
-9578 8151
-9578 6135
-5685 6135
-5685 6018
-9578 6018
-9578 5400
-5685 5400
-5685 1705
-6652 1705
-6652 2156
-9578 2156
-9578 -1583
-5685 -1583
-5685 -3224
-9578 -3224
-9578 -4593
2096 -4593
2096 -1583
3475 -1583
3475 -4593
4516 -4593
4516 -1583
6560 -1583
6560 -4593
9996 -4593
9996 2156
9741 2156
9741 -3224
9228 -3224
9228 5400
9996 5400
9996 8151
6560 8151
6560 6135
9741 6135
9741 6018
6560 6018
6560 1705
2096 1705
46
1211 -5623 -8790 -5638
-8235 3136
154 3136
154 1034
-5024 1034
-5024 3100
-5777 3100
-5777 1034
-7271 1034
-7271 3100
-8578 3100
-8578 5099
-9337 5099
-9337 1668
-8235 1668
-8235 1034
-9337 1034
-9337 -5854
-8578 -5854
-8578 -2481
-8235 -2481
-8235 -8765
-9337 -8765
-9337 -9884
3474 -9884
3474 -8765
-7271 -8765
-7271 -2481
154 -2481
154 -3779
-5777 -3779
-5777 -5854
1602 -5854
1602 -2481
1735 -2481
1735 -5854
3474 -5854
3474 1034
1602 1034
1602 1668
3474 1668
3474 3100
1602 3100
1602 3136
3474 3136
3474 5099
-8235 5099
46
6835 4857 -447 8647
-8111 -2568
-8111 -6010
508 -6010
508 -6154
-8111 -6154
-8111 -7593
1964 -7593
1964 -6010
2814 -6010
2814 -7593
9220 -7593
9220 -6154
4253 -6154
4253 -2804
6154 -2804
6154 -6010
9220 -6010
9220 -3395
7740 -3395
7740 -2804
9220 -2804
9220 8879
9097 8879
9097 695
7740 695
7740 8879
2814 8879
2814 8033
6154 8033
6154 695
-722 695
-722 8033
1964 8033
1964 8879
-8111 8879
-8111 354
508 354
508 -2804
1964 -2804
1964 354
9097 354
9097 -2568
2814 -2568
2814 -3395
-722 -3395
-722 -2568
46
-4978 7358 -1069 8155
351 7659
-736 7659
-736 8723
-1180 8723
-1180 7659
-1492 7659
-1492 7083
-2454 7083
-2454 8723
-5611 8723
-5611 9866
-7149 9866
-7149 -2161
-5951 -2161
-5951 -2791
-5611 -2791
-5611 -3497
-2454 -3497
-2454 -2791
-1492 -2791
-1492 -3497
-1180 -3497
-1180 -5249
-736 -5249
-736 -9624
351 -9624
351 -5249
1888 -5249
1888 -9624
8559 -9624
8559 -3497
-736 -3497
-736 -2791
-1180 -2791
-1180 3176
-736 3176
-736 -2161
351 -2161
351 -2791
8559 -2791
8559 92
2727 92
2727 3176
1888 3176
1888 7083
351 7083
48
-353 1963 -1438 8999
-1693 -7589
-640 -7589
-640 -9778
3326 -9778
3326 -7589
-19 -7589
-19 -6210
-640 -6210
-640 -5560
-19 -5560
-19 -3035
3326 -3035
3326 -5560
5829 -5560
5829 -6210
5274 -6210
5274 -9778
5829 -9778
5829 -7589
6617 -7589
6617 -5560
7822 -5560
7822 -3035
6617 -3035
6617 1262
5829 1262
5829 8258
3326 8258
3326 8624
-19 8624
-19 9373
-1693 9373
-1693 8624
-640 8624
-640 8258
-1693 8258
-1693 3483
-640 3483
-640 -3035
-1693 -3035
-1693 -726
-9236 -726
-9236 -5560
-1693 -5560
-1693 -6210
-9944 -6210
-9944 -9778
-1693 -9778
36
3229 -7986 -1835 -1258
-9464 -3607
-9464 -4278
-4375 -4278
-4375 -4567
-9464 -4567
-9464 -8019
-4375 -8019
-4375 -7837
-3906 -7837
-3906 -8019
-539 -8019
-539 -7837
1576 -7837
1576 -8019
5342 -8019
5342 -7837
6933 -7837
6933 -7506
9480 -7506
9480 4540
5342 4540
5342 4191
4328 4191
4328 205
2880 205
2880 4191
1576 4191
1576 4540
-539 4540
-539 2221
-74 2221
-74 205
-3906 205
-3906 -84
-4375 -84
-4375 -3607
34
1377 -1278 3748 7105
9310 -2663
9310 944
4253 944
4253 1430
9310 1430
9310 4323
4553 4323
4553 4347
4253 4347
4253 7157
2640 7157
2640 8008
1732 8008
1732 7157
1503 7157
1503 7573
1385 7573
1385 8008
-8647 8008
-8647 7573
-1703 7573
-1703 7157
-8647 7157
-8647 -3155
-1703 -3155
-1703 -8388
1732 -8388
1732 -8084
2640 -8084
2640 -8388
9310 -8388
9310 -3155
4553 -3155
4553 -2663
32
2262 1946 5717 -2466
-9164 1075
-9164 -6763
-8048 -6763
-8048 -8037
-9164 -8037
-9164 -8678
-8048 -8678
-8048 -8374
-2482 -8374
-2482 -8678
3922 -8678
3922 -8037
4420 -8037
4420 -8678
9956 -8678
9956 -4589
8139 -4589
8139 -1257
9956 -1257
9956 9136
8139 9136
8139 4851
7566 4851
7566 9136
5702 9136
5702 9624
-8048 9624
-8048 9136
-9164 9136
-9164 2336
-8048 2336
-8048 1075
14
2 2 14 12
0 0
16 0
16 8
12 8
12 10
18 10
18 14
10 14
10 6
8 6
8 16
6 16
6 4
0 4
12
1 1 17 2
0 0
9 0
9 3
10 3
10 1
19 1
19 5
16 5
16 19
2 19
2 4
0 4
86
-6 4 -3 4
6 -2
7 -2
7 -3
6 -3
6 -6
5 -6
5 -5
2 -5
2 -6
1 -6
1 -5
-2 -5
-2 -6
-3 -6
-3 -5
-6 -5
-6 -4
-5 -4
-5 -1
-6 -1
-6 0
-5 0
-5 5
-7 5
-7 2
-6 2
-6 1
-7 1
-7 -2
-6 -2
-6 -3
-7 -3
-7 -7
-5 -7
-5 -6
-4 -6
-4 -7
-1 -7
-1 -6
0 -6
0 -7
3 -7
3 -6
4 -6
4 -7
7 -7
7 -6
8 -6
8 -5
7 -5
7 -4
8 -4
8 -1
7 -1
7 0
8 0
8 3
7 3
7 4
6 4
6 5
3 5
3 4
2 4
2 5
-1 5
-1 4
-2 4
-2 7
-8 7
-8 6
-4 6
-4 3
0 3
0 4
1 4
1 3
4 3
4 4
5 4
5 3
6 3
6 2
7 2
7 1
6 1
100
99 -99 -99 99
-100 -100
-82 -100
-82 99
-81 99
-81 -100
-70 -100
-70 99
-69 99
-69 -100
-52 -100
-52 99
-51 99
-51 -100
-37 -100
-37 99
-36 99
-36 -100
-23 -100
-23 99
-22 99
-22 -100
-5 -100
-5 99
-4 99
-4 -100
13 -100
13 99
14 99
14 -100
27 -100
27 99
28 99
28 -100
46 -100
46 99
47 99
47 -100
62 -100
62 99
63 99
63 -100
76 -100
76 99
77 99
77 -100
93 -100
93 99
94 99
94 -100
100 -100
100 100
87 100
87 -99
86 -99
86 100
65 100
65 -99
64 -99
64 100
49 100
49 -99
48 -99
48 100
39 100
39 -99
38 -99
38 100
23 100
23 -99
22 -99
22 100
1 100
1 -99
0 -99
0 100
-11 100
-11 -99
-12 -99
-12 100
-27 100
-27 -99
-28 -99
-28 100
-46 100
-46 -99
-47 -99
-47 100
-59 100
-59 -99
-60 -99
-60 100
-74 100
-74 -99
-75 -99
-75 100
-95 100
-95 -99
-96 -99
-96 100
-100 100
100
9999 -9999 -9999 9999
10000 -10000
10000 -8995
-9999 -8995
-9999 -8994
10000 -8994
10000 -7247
-9999 -7247
-9999 -7246
10000 -7246
10000 -5709
-9999 -5709
-9999 -5708
10000 -5708
10000 -4569
-9999 -4569
-9999 -4568
10000 -4568
10000 -3026
-9999 -3026
-9999 -3025
10000 -3025
10000 -1476
-9999 -1476
-9999 -1475
10000 -1475
10000 489
-9999 489
-9999 490
10000 490
10000 2315
-9999 2315
-9999 2316
10000 2316
10000 3787
-9999 3787
-9999 3788
10000 3788
10000 4910
-9999 4910
-9999 4911
10000 4911
10000 7034
-9999 7034
-9999 7035
10000 7035
10000 8567
-9999 8567
-9999 8568
10000 8568
10000 10000
-10000 10000
-10000 9037
9999 9037
9999 9036
-10000 9036
-10000 7342
9999 7342
9999 7341
-10000 7341
-10000 6308
9999 6308
9999 6307
-10000 6307
-10000 4033
9999 4033
9999 4032
-10000 4032
-10000 2800
9999 2800
9999 2799
-10000 2799
-10000 810
9999 810
9999 809
-10000 809
-10000 -197
9999 -197
9999 -198
-10000 -198
-10000 -1929
9999 -1929
9999 -1930
-10000 -1930
-10000 -3544
9999 -3544
9999 -3545
-10000 -3545
-10000 -5706
9999 -5706
9999 -5707
-10000 -5707
-10000 -6590
9999 -6590
9999 -6591
-10000 -6591
-10000 -8594
9999 -8594
9999 -8595
-10000 -8595
-10000 -10000
38
-9584 -7501 -432 -7501
-7920 -9167
-7920 -4169
-9168 -4169
-9168 -4
-10000 -4
-10000 -10000
-9168 -10000
-9168 -5002
-8336 -5002
-8336 -10000
-16 -10000
-16 -6668
-1680 -6668
-1680 -5002
-16 -5002
-16 -4169
-2096 -4169
-2096 -7501
-848 -7501
-848 -9167
-2928 -9167
-2928 -8334
-3344 -8334
-3344 -9167
-4176 -9167
-4176 -4169
-5840 -4169
-5840 -5002
-4592 -5002
-4592 -9167
-5424 -9167
-5424 -5835
-5840 -5835
-5840 -9167
-6672 -9167
-6672 -8334
-7088 -8334
-7088 -9167
38
-9167 -9375 -1670 -5625
-9167 -5000
-9167 -7500
-10000 -7500
-10000 -10000
-8334 -10000
-8334 -7500
-7501 -7500
-7501 -6250
-4169 -6250
-4169 -5000
-6668 -5000
-6668 -2500
-5835 -2500
-5835 -1250
-4169 -1250
-4169 -2500
-3336 -2500
-3336 -6250
-2503 -6250
-2503 -7500
-1670 -7500
-1670 -10000
-4 -10000
-4 -7500
-837 -7500
-837 -5000
-1670 -5000
-1670 -2500
-2503 -2500
-2503 -625
-3336 -625
-3336 0
-6668 0
-6668 -625
-7501 -625
-7501 -2500
-8334 -2500
-8334 -5000
34
-1670 -4120 -9167 -9412
-1670 -592
-1670 -4
-10000 -4
-10000 -10000
-7501 -10000
-7501 -592
-3336 -592
-3336 -1180
-2503 -1180
-2503 -4120
-3336 -4120
-3336 -4708
-6668 -4708
-6668 -5296
-3336 -5296
-3336 -5884
-2503 -5884
-2503 -8824
-3336 -8824
-3336 -9412
-6668 -9412
-6668 -10000
-1670 -10000
-1670 -9412
-837 -9412
-837 -8824
-4 -8824
-4 -5884
-837 -5884
-837 -4120
-4 -4120
-4 -1180
-837 -1180
-837 -592
38
-9231 -5338 -1541 -9334
-8462 -1342
-8462 -2008
-9231 -2008
-9231 -2674
-10000 -2674
-10000 -6004
-9231 -6004
-9231 -7336
-8462 -7336
-8462 -8668
-7693 -8668
-7693 -9334
-6924 -9334
-6924 -10000
-3 -10000
-3 -8668
-2310 -8668
-2310 -9334
-6155 -9334
-6155 -8002
-7693 -8002
-7693 -2674
-6924 -2674
-6924 -1342
-6155 -1342
-6155 -676
-1541 -676
-1541 -1342
-772 -1342
-772 -2008
-3 -2008
-3 -676
-772 -676
-772 -10
-6924 -10
-6924 -676
-7693 -676
-7693 -1342
22
-3848 -9286 -9231 -8572
-3079 -7858
-3079 -8572
-6924 -8572
-6924 -10000
-2310 -10000
-2310 -9286
-772 -9286
-772 -7858
-3 -7858
-3 -2146
-772 -2146
-772 -718
-3079 -718
-3079 -4
-10000 -4
-10000 -10000
-7693 -10000
-7693 -1432
-3079 -1432
-3079 -2146
-2310 -2146
-2310 -7858
20
-718 -8335 -718 -1120
-10000 -10
-10000 -10000
-4 -10000
-4 -7780
-1432 -7780
-1432 -8890
-7858 -8890
-7858 -5560
-5002 -5560
-5002 -6115
-3574 -6115
-3574 -3895
-5002 -3895
-5002 -4450
-7858 -4450
-7858 -1120
-1432 -1120
-1432 -1675
-4 -1675
-4 -10
32
-9412 -9474 -1180 -1584
-7060 -10000
-7060 -8948
-7648 -8948
-7648 -6844
-7060 -6844
-7060 -5266
-4708 -5266
-4708 -5792
-3532 -5792
-3532 -4740
-2944 -4740
-2944 -3688
-4120 -3688
-4120 -4214
-7060 -4214
-7060 -1584
-6472 -1584
-6472 -1058
-1768 -1058
-1768 -2110
-592 -2110
-592 -1058
-4 -1058
-4 -6
-8236 -6
-8236 -1584
-8824 -1584
-8824 -5792
-9412 -5792
-9412 -8948
-10000 -8948
-10000 -10000
38
-1432 -8572 -9286 -5002
-2146 -7144
-2146 -8572
-2860 -8572
-2860 -9286
-7144 -9286
-7144 -8572
-7858 -8572
-7858 -7144
-8572 -7144
-8572 -2146
-7858 -2146
-7858 -1432
-7144 -1432
-7144 -718
-2860 -718
-2860 -1432
-1432 -1432
-1432 -718
-2146 -718
-2146 -4
-7858 -4
-7858 -718
-9286 -718
-9286 -2860
-10000 -2860
-10000 -7144
-9286 -7144
-9286 -9286
-7858 -9286
-7858 -10000
-1432 -10000
-1432 -9286
-718 -9286
-718 -7144
-4 -7144
-4 -6430
-2860 -6430
-2860 -7144
12
-772 -9412 -9231 -592
-8462 -4708
-8462 -4
-10000 -4
-10000 -10000
-8462 -10000
-8462 -5296
-1541 -5296
-1541 -10000
-3 -10000
-3 -4
-1541 -4
-1541 -4708
12
-5716 -2500 -5716 -7500
-4 -10000
-4 -9375
-2860 -9375
-2860 -625
-4 -625
-4 0
-10000 0
-10000 -625
-7144 -625
-7144 -9375
-10000 -9375
-10000 -10000
24
-3079 -1250 -9231 -8125
-3 -625
-3 0
-5386 0
-5386 -625
-3848 -625
-3848 -8750
-4617 -8750
-4617 -9375
-6924 -9375
-6924 -8750
-7693 -8750
-7693 -8125
-8462 -8125
-8462 -7500
-10000 -7500
-10000 -8750
-9231 -8750
-9231 -9375
-8462 -9375
-8462 -10000
-2310 -10000
-2310 -9375
-1541 -9375
-1541 -625
38
-8750 -9000 -1250 -1000
-4375 -4000
-4375 -3000
-3750 -3000
-3750 -2500
-2500 -2500
-2500 -1500
-625 -1500
-625 0
-3125 0
-3125 -1000
-4375 -1000
-4375 -2000
-5625 -2000
-5625 -3000
-6875 -3000
-6875 -4000
-8125 -4000
-8125 0
-10000 0
-10000 -10000
-8125 -10000
-8125 -5000
-6250 -5000
-6250 -4500
-5000 -4500
-5000 -6500
-3750 -6500
-3750 -8500
-2500 -8500
-2500 -10000
0 -10000
0 -8500
-1250 -8500
-1250 -6500
-2500 -6500
-2500 -4500
-3750 -4500
-3750 -4000
6
-9375 -5000 -6250 -9500
0 -10000
0 -9000
-8125 -9000
-8125 0
-10000 0
-10000 -10000
36
-9445 -8668 -565 -8668
-9445 -3340
-9445 -6670
-10000 -6670
-10000 -10000
-7780 -10000
-7780 -3340
-6670 -3340
-6670 -5338
-5560 -5338
-5560 -6004
-4450 -6004
-4450 -5338
-3340 -5338
-3340 -3340
-2230 -3340
-2230 -10000
-10 -10000
-10 -6670
-565 -6670
-565 -3340
-1120 -3340
-1120 -10
-2785 -10
-2785 -1342
-3340 -1342
-3340 -2674
-4450 -2674
-4450 -4006
-5560 -4006
-5560 -2674
-6670 -2674
-6670 -1342
-7225 -1342
-7225 -10
-8890 -10
-8890 -3340
38
-9334 -9286 -676 -718
-2008 -8572
-2008 -7858
-2674 -7858
-2674 -6430
-4006 -6430
-4006 -5002
-4672 -5002
-4672 -4288
-5338 -4288
-5338 -3574
-6004 -3574
-6004 -2146
-6670 -2146
-6670 -718
-8002 -718
-8002 -4
-10000 -4
-10000 -10000
-8668 -10000
-8668 -1432
-8002 -1432
-8002 -2146
-7336 -2146
-7336 -3574
-6670 -3574
-6670 -5002
-5338 -5002
-5338 -6430
-4672 -6430
-4672 -7858
-4006 -7858
-4006 -9286
-2674 -9286
-2674 -10000
-10 -10000
-10 -4
-1342 -4
-1342 -8572
36
-1000 -2728 -4000 -910
-8000 -1
-8000 -910
-9000 -910
-9000 -1819
-10000 -1819
-10000 -8182
-9000 -8182
-9000 -9091
-8000 -9091
-8000 -10000
-3000 -10000
-3000 -9091
-2000 -9091
-2000 -8182
0 -8182
0 -1819
-2000 -1819
-2000 -7273
-3000 -7273
-3000 -8182
-4000 -8182
-4000 -9091
-7000 -9091
-7000 -8182
-8000 -8182
-8000 -7273
-9000 -7273
-9000 -2728
-8000 -2728
-8000 -1819
-7000 -1819
-7000 -910
-5000 -910
-5000 -1819
-3000 -1819
-3000 -1
32
-7501 -9334 -5835 -5338
-6668 -10000
-6668 -8668
-7501 -8668
-7501 -676
-4169 -676
-4169 -1342
-3336 -1342
-3336 -2008
-2503 -2008
-2503 -3340
-3336 -3340
-3336 -4006
-4169 -4006
-4169 -4672
-6668 -4672
-6668 -6004
-3336 -6004
-3336 -4672
-1670 -4672
-1670 -4006
-837 -4006
-837 -3340
-4 -3340
-4 -2008
-837 -2008
-837 -1342
-1670 -1342
-1670 -676
-3336 -676
-3336 -10
-10000 -10
-10000 -10000
38
-772 -9375 -7693 -8125
-4617 -6875
-4617 -8125
-3848 -8125
-3848 -8750
-2310 -8750
-2310 -10000
-3 -10000
-3 -8750
-1541 -8750
-1541 -7500
-772 -7500
-772 -6875
-3 -6875
-3 -1250
-772 -1250
-772 -625
-3079 -625
-3079 0
-7693 0
-7693 -625
-9231 -625
-9231 -1250
-10000 -1250
-10000 -7500
-9231 -7500
-9231 -8750
-5386 -8750
-5386 -8125
-6924 -8125
-6924 -7500
-7693 -7500
-7693 -1250
-6924 -1250
-6924 -625
-3848 -625
-3848 -1250
-2310 -1250
-2310 -6875
38
-8334 -8668 -837 -9334
-7501 -10000
-7501 -676
-3336 -676
-3336 -1342
-2503 -1342
-2503 -3340
-3336 -3340
-3336 -4006
-6668 -4006
-6668 -5338
-5835 -5338
-5835 -7336
-4169 -7336
-4169 -8668
-2503 -8668
-2503 -10000
-4 -10000
-4 -8668
-1670 -8668
-1670 -7336
-2503 -7336
-2503 -6004
-4169 -6004
-4169 -5338
-5002 -5338
-5002 -4672
-2503 -4672
-2503 -4006
-837 -4006
-837 -3340
-4 -3340
-4 -1342
-837 -1342
-837 -676
-2503 -676
-2503 -10
-10000 -10
-10000 -10000
36
-1432 -1250 -9286 -8750
-2146 -5000
-2146 -4375
-6430 -4375
-6430 -3750
-7144 -3750
-7144 -1875
-6430 -1875
-6430 -1250
-2146 -1250
-2146 -1875
-4 -1875
-4 0
-6430 0
-6430 -625
-8572 -625
-8572 -1250
-9286 -1250
-9286 -5000
-7858 -5000
-7858 -5625
-3574 -5625
-3574 -6250
-2860 -6250
-2860 -8125
-3574 -8125
-3574 -8750
-7858 -8750
-7858 -8125
-10000 -8125
-10000 -10000
-3574 -10000
-3574 -9375
-1432 -9375
-1432 -8750
-718 -8750
-718 -5000
8
-9000 -772 -5000 -9231
-10000 -3
-10000 -1541
-6000 -1541
-6000 -10000
-4000 -10000
-4000 -1541
0 -1541
0 -3
28
-9375 -676 -625 -676
-6875 -8668
-6875 -8002
-7500 -8002
-7500 -10
-10000 -10
-10000 -8002
-9375 -8002
-9375 -8668
-8750 -8668
-8750 -9334
-7500 -9334
-7500 -10000
-2500 -10000
-2500 -9334
-1250 -9334
-1250 -8668
-625 -8668
-625 -8002
0 -8002
0 -10
-2500 -10
-2500 -8002
-3125 -8002
-3125 -8668
-3750 -8668
-3750 -9334
-6250 -9334
-6250 -8668
38
-9375 -676 -625 -676
-6250 -6004
-6250 -4006
-6875 -4006
-6875 -2008
-7500 -2008
-7500 -10
-10000 -10
-10000 -2008
-9375 -2008
-9375 -4006
-8750 -4006
-8750 -6004
-8125 -6004
-8125 -7336
-7500 -7336
-7500 -8002
-6875 -8002
-6875 -10000
-3125 -10000
-3125 -8002
-1875 -8002
-1875 -6004
-1250 -6004
-1250 -4006
-625 -4006
-625 -2008
0 -2008
0 -10
-2500 -10
-2500 -2008
-3125 -2008
-3125 -4006
-3750 -4006
-3750 -6004
-4375 -6004
-4375 -8002
-5625 -8002
-5625 -6004
36
-9286 -1000 -718 -1000
-7144 -7000
-7144 -6000
-7858 -6000
-7858 -3000
-8572 -3000
-8572 0
-10000 0
-10000 -3000
-9286 -3000
-9286 -6000
-8572 -6000
-8572 -10000
-6430 -10000
-6430 -9000
-5716 -9000
-5716 -8000
-4288 -8000
-4288 -9000
-3574 -9000
-3574 -10000
-1432 -10000
-1432 -6000
-718 -6000
-718 -3000
-4 -3000
-4 0
-1432 0
-1432 -3000
-2146 -3000
-2146 -6000
-2860 -6000
-2860 -7000
-4288 -7000
-4288 -1000
-5716 -1000
-5716 -7000
36
-7858 -9375 -718 -625
-10000 -8125
-10000 -10000
-7144 -10000
-7144 -8125
-6430 -8125
-6430 -6250
-3574 -6250
-3574 -8125
-2860 -8125
-2860 -10000
-4 -10000
-4 -8125
-1432 -8125
-1432 -5625
-3574 -5625
-3574 -4375
-1432 -4375
-1432 -1875
-4 -1875
-4 0
-2860 0
-2860 -1875
-3574 -1875
-3574 -3125
-6430 -3125
-6430 -1875
-7144 -1875
-7144 0
-10000 0
-10000 -1875
-8572 -1875
-8572 -4375
-6430 -4375
-6430 -5625
-8572 -5625
-8572 -8125
28
-9286 -676 -718 -676
-6430 -4672
-6430 -10000
-3574 -10000
-3574 -4672
-2146 -4672
-2146 -4006
-1432 -4006
-1432 -2008
-718 -2008
-718 -1342
-4 -1342
-4 -10
-2860 -10
-2860 -2008
-3574 -2008
-3574 -3340
-6430 -3340
-6430 -2008
-7144 -2008
-7144 -10
-10000 -10
-10000 -1342
-9286 -1342
-9286 -2008
-8572 -2008
-8572 -4006
-7858 -4006
-7858 -4672
36
-9167 -837 -837 -9167
-10000 -7501
-10000 -10000
-4 -10000
-4 -8334
-1670 -8334
-1670 -9167
-6668 -9167
-6668 -7501
-5835 -7501
-5835 -6668
-5002 -6668
-5002 -5835
-4169 -5835
-4169 -4169
-3336 -4169
-3336 -3336
-2503 -3336
-2503 -2503
-4 -2503
-4 -4
-10000 -4
-10000 -1670
-8334 -1670
-8334 -837
-3336 -837
-3336 -2503
-4169 -2503
-4169 -3336
-5002 -3336
-5002 -4169
-5835 -4169
-5835 -5835
-6668 -5835
-6668 -6668
-7501 -6668
-7501 -7501
36
-9474 -1112 -532 -1112
-6 -10000
-6 -1
-1058 -1
-1058 -8889
-1584 -8889
-1584 -1
-2110 -1
-2110 -8889
-2636 -8889
-2636 -1
-3162 -1
-3162 -8889
-3688 -8889
-3688 -1
-4214 -1
-4214 -8889
-4740 -8889
-4740 -1
-5266 -1
-5266 -8889
-5792 -8889
-5792 -1
-6318 -1
-6318 -8889
-6844 -8889
-6844 -1
-7370 -1
-7370 -8889
-7896 -8889
-7896 -1
-8422 -1
-8422 -8889
-8948 -8889
-8948 -1
-10000 -1
-10000 -10000
38
-500 -1819 -9000 -9091
-8500 -10000
-8500 -4546
-8000 -4546
-8000 -9091
-7500 -9091
-7500 -4546
-7000 -4546
-7000 -8182
-6500 -8182
-6500 -3637
-6000 -3637
-6000 -7273
-5500 -7273
-5500 -3637
-5000 -3637
-5000 -6364
-4500 -6364
-4500 -2728
-4000 -2728
-4000 -5455
-3500 -5455
-3500 -2728
-3000 -2728
-3000 -4546
-2500 -4546
-2500 -1819
-2000 -1819
-2000 -3637
-1500 -3637
-1500 -1819
-1000 -1819
-1000 -2728
0 -2728
0 -1
-10000 -1
-10000 -5455
-9500 -5455
-9500 -10000
40
9517 -4408 1730 6434
-3905 -666
-6152 -666
-6152 -6421
9902 -6421
9902 -3582
5421 -3582
5421 -666
2032 -666
2032 -3582
-5854 -3582
-5854 -1077
1370 -1077
1370 4010
5421 4010
5421 4439
1370 4439
1370 6129
6024 6129
6024 -1077
9902 -1077
9902 -666
8329 -666
8329 7157
9267 7157
9267 4010
9902 4010
9902 9020
2032 9020
2032 7157
6024 7157
6024 6537
1370 6537
1370 9020
-3905 9020
-3905 4439
-5854 4439
-5854 9020
-6152 9020
-6152 4010
-3905 4010
8
5 5 15 25
0 0
20 0
20 10
10 10
10 20
20 20
20 30
0 30
8
5 5 25 15
30 0
30 20
20 20
20 10
10 10
10 20
0 20
0 0
38
-8948 -565 -532 -8335
-3688 -1120
-3688 -1675
-5266 -1675
-5266 -3340
-6318 -3340
-6318 -4450
-7370 -4450
-7370 -5560
-8422 -5560
-8422 -6670
-9474 -6670
-9474 -7780
-10000 -7780
-10000 -9445
-9474 -9445
-9474 -10000
-6 -10000
-6 -7780
-1058 -7780
-1058 -8890
-8948 -8890
-8948 -7780
-8422 -7780
-8422 -7225
-7370 -7225
-7370 -6115
-6318 -6115
-6318 -5005
-5266 -5005
-5266 -3895
-4214 -3895
-4214 -2785
-3162 -2785
-3162 -1675
-2636 -1675
-2636 -10
-9474 -10
-9474 -1120
0
