8
1 1 2 2
0 2
0 0
2 0
2 1
3 1
3 3
1 3
1 2
12
-9 5 9 -9
0 0
0 -13
3 -13
3 -10
10 -10
10 10
-1 10
-1 13
-4 13
-4 10
-10 10
-10 0
12
3 57 53 2
0 0
64 0
64 18
47 18
47 39
64 39
64 60
0 60
0 44
33 44
33 30
0 30
42
9735 6696 8877 6437
9637 -8099
6306 -8099
6306 -8719
9806 -8719
9806 -876
5359 -876
5359 3102
7438 3102
7438 5173
9637 5173
9637 3102
9806 3102
9806 9060
-254 9060
-254 5173
6306 5173
6306 3824
-2253 3824
-2253 9060
-8728 9060
-8728 -8719
1695 -8719
1695 -8099
-2253 -8099
-2253 -7450
1695 -7450
1695 -4584
-2253 -4584
-2253 3102
3621 3102
3621 -876
-254 -876
-254 -916
6306 -916
6306 -4584
3621 -4584
3621 -8719
5359 -8719
5359 -7450
7438 -7450
7438 -916
9637 -916
42
-513 9370 -4523 8952
692 5578
692 -8710
4364 -8710
4364 -6538
4479 -6538
4479 -8710
5080 -8710
5080 -6538
6088 -6538
6088 -8710
6237 -8710
6237 9472
-6182 9472
-6182 2607
-6023 2607
-6023 9105
-4541 9105
-4541 2579
-6182 2579
-6182 201
-4541 201
-4541 -2287
-6182 -2287
-6182 -8710
486 -8710
486 -7401
-6023 -7401
-6023 -6538
486 -6538
486 9105
6088 9105
6088 5578
4479 5578
4479 2607
6088 2607
6088 2579
4479 2579
4479 201
6088 201
6088 -2287
4364 -2287
4364 5578
44
-8336 6058 5287 -6206
7109 -8234
7109 1317
9592 1317
9592 7404
4989 7404
4989 7241
8329 7241
8329 5700
7109 5700
7109 5767
4399 5767
4399 7404
4117 7404
4117 5767
2614 5767
2614 7404
-9519 7404
-9519 -4197
1792 -4197
1792 -8234
-9519 -8234
-9519 -8494
4399 -8494
4399 -8234
2614 -8234
2614 -3385
-6920 -3385
-6920 7241
1792 7241
1792 5725
4989 5725
4989 5700
1792 5700
1792 1317
4989 1317
4989 -3385
4117 -3385
4117 -4197
4989 -4197
4989 -8494
9592 -8494
9592 -3385
8329 -3385
8329 -8234
44
-1048 2640 7788 5761
-6596 3721
-6596 5350
-219 5350
-219 5872
-9711 5872
-9711 3254
-6321 3254
-6321 -5726
-6596 -5726
-6596 2515
-9711 2515
-9711 -8119
-6596 -8119
-6596 -5915
-219 -5915
-219 3254
2750 3254
2750 -6986
-6321 -6986
-6321 -8119
8963 -8119
8963 -6986
7933 -6986
7933 -5915
8963 -5915
8963 -5726
7706 -5726
7706 -6986
5172 -6986
5172 3254
7706 3254
7706 347
8963 347
8963 5872
7706 5872
7706 5350
8886 5350
8886 2515
7933 2515
7933 3721
5172 3721
5172 5872
2750 5872
2750 3721
48
-5716 5952 -2572 853
-2181 -3339
1701 -3339
1701 -6990
4645 -6990
4645 -2095
5858 -2095
5858 -6990
8389 -6990
8389 -749
-2181 -749
-2181 1432
4645 1432
4645 4800
5858 4800
5858 1432
8389 1432
8389 8254
1701 8254
1701 1685
-2181 1685
-2181 8254
-2766 8254
-2766 1685
-6945 1685
-6945 1432
-2766 1432
-2766 -749
-8740 -749
-8740 4800
-3406 4800
-3406 8254
-9428 8254
-9428 -2095
-6945 -2095
-6945 -2403
-9428 -2403
-9428 -6990
-3406 -6990
-3406 -5724
-8740 -5724
-8740 -3339
-3406 -3339
-3406 -2095
1701 -2095
1701 -2403
-2766 -2403
-2766 -6990
-2181 -6990
46
-5557 4228 2109 -1677
-6785 6212
-8519 6212
-8519 8942
-9266 8942
-9266 3706
-6785 3706
-6785 -4187
-8519 -4187
-8519 2171
-9266 2171
-9266 -9201
-8519 -9201
-8519 -4415
-5741 -4415
-5741 -1931
-5448 -1931
-5448 -8795
-6785 -8795
-6785 -9201
8514 -9201
8514 -8795
1 -8795
1 -4415
4678 -4415
4678 -4187
1 -4187
1 -1931
7621 -1931
7621 -4415
8514 -4415
8514 2171
4678 2171
4678 6212
4160 6212
4160 2171
-5741 2171
-5741 3706
1 3706
1 6212
-5741 6212
-5741 8209
7621 8209
7621 3706
8514 3706
8514 8942
-6785 8942
46
-2897 3888 -6164 1375
2462 -1313
-3556 -1313
-3556 -5134
-4750 -5134
-4750 -1313
-4899 -1313
-4899 -7020
-2651 -7020
-2651 -1571
-1806 -1571
-1806 -7020
2056 -7020
2056 -1571
2462 -1571
2462 -7020
8864 -7020
8864 1192
2056 1192
2056 2024
8864 2024
8864 5014
2462 5014
2462 3742
2056 3742
2056 5014
-1806 5014
-1806 3742
-2651 3742
-2651 5014
-6327 5014
-6327 -7020
-6080 -7020
-6080 3954
-3556 3954
-3556 3742
-4899 3742
-4899 111
-4750 111
-4750 2024
-3556 2024
-3556 111
-2651 111
-2651 2024
-1806 2024
-1806 111
2462 111
48
7803 -8878 7389 7793
-1370 -2836
372 -2836
372 -1138
-1370 -1138
-1370 -771
372 -771
372 3550
860 3550
860 -2836
2546 -2836
2546 -9229
9796 -9229
9796 1806
2546 1806
2546 -1138
1882 -1138
1882 3550
9796 3550
9796 8404
860 8404
860 7760
2546 7760
2546 7325
-1370 7325
-1370 7760
372 7760
372 8404
-2877 8404
-2877 7325
-7478 7325
-7478 8404
-8551 8404
-8551 3550
98 3550
98 1806
-2877 1806
-2877 -1138
-7478 -1138
-7478 1806
-8551 1806
-8551 -2836
-2877 -2836
-2877 -8628
-8551 -8628
-8551 -9229
1882 -9229
1882 -8628
-1370 -8628
38
4914 -2683 6137 -734
4058 3109
4985 3109
4985 6117
-2597 6117
-2597 3109
940 3109
940 -292
-2597 -292
-2597 -332
940 -332
940 -1856
-2597 -1856
-2597 -9178
8838 -9178
8838 6117
8148 6117
8148 -3128
8001 -3128
8001 6117
5213 6117
5213 -1856
4985 -1856
4985 -292
4737 -292
4737 -2764
5213 -2764
5213 -3128
4737 -3128
4737 -3159
8148 -3159
8148 -8649
472 -8649
472 -3159
4058 -3159
4058 -3128
472 -3128
472 -2764
4058 -2764
42
3795 -7517 -5179 1238
-4521 2031
-2613 2031
-2613 -3742
-5833 -3742
-5833 -7004
-6174 -7004
-6174 -3742
-7615 -3742
-7615 -9424
-2184 -9424
-2184 -7004
-4521 -7004
-4521 -6340
4153 -6340
4153 -7004
-1850 -7004
-1850 -9424
8060 -9424
8060 5768
-1850 5768
-1850 2031
4153 2031
4153 -3742
-2184 -3742
-2184 -1499
381 -1499
381 1221
-1850 1221
-1850 -669
-2184 -669
-2184 5768
-7615 5768
-7615 2031
-5833 2031
-5833 1221
-7615 1221
-7615 -659
-5833 -659
-5833 -669
-7615 -669
-7615 -1499
-4521 -1499
38
-3995 -5041 -6169 -4913
-6241 -4049
3620 -4049
3620 -6652
4021 -6652
4021 -4049
4717 -4049
4717 -7296
-240 -7296
-240 -4500
-6241 -4500
-6241 -8224
-4407 -8224
-4407 -5505
-3474 -5505
-3474 -6652
-2725 -6652
-2725 -5505
-2106 -5505
-2106 -7296
-3474 -7296
-3474 -8224
9750 -8224
9750 2396
4021 2396
4021 7117
9750 7117
9750 7541
-2106 7541
-2106 7117
3620 7117
3620 2396
-2725 2396
-2725 7541
-6241 7541
-6241 7117
-3474 7117
-3474 2396
-6241 2396
44
-4388 1251 2128 -8225
-7132 -8857
-3984 -8857
-3984 1941
-3481 1941
-3481 -8857
-2364 -8857
-2364 6211
52 6211
52 1941
1681 1941
1681 6211
2710 6211
2710 -7598
8008 -7598
8008 -8036
1681 -8036
1681 -495
52 -495
52 -8857
9276 -8857
9276 -495
3360 -495
3360 6211
8008 6211
8008 1941
9276 1941
9276 9619
8008 9619
8008 7636
1681 7636
1681 8483
3360 8483
3360 9619
52 9619
52 7636
-2364 7636
-2364 9619
-7132 9619
-7132 6211
-3984 6211
-3984 8483
-3481 8483
-3481 4743
-7132 4743
44
4344 7958 -2431 4324
947 9255
947 8109
2443 8109
2443 9255
7760 9255
7760 8109
9307 8109
9307 9307
-4153 9307
-4153 8178
-6780 8178
-6780 9307
-8913 9307
-8913 -9071
-6780 -9071
-6780 -6137
-3043 -6137
-3043 -3590
-6780 -3590
-6780 8109
-4153 8109
-4153 -617
947 -617
947 -6977
-4153 -6977
-4153 -9071
2443 -9071
2443 -617
7760 -617
7760 -3590
3768 -3590
3768 -9071
7093 -9071
7093 -6137
7760 -6137
7760 -9071
9307 -9071
9307 6404
7093 6404
7093 8178
3768 8178
3768 6404
-3043 6404
-3043 9255
40
4531 -8919 5232 6906
-4768 5441
-4768 -9831
8800 -9831
8800 -3737
7421 -3737
7421 -3527
8800 -3527
8800 -2928
2406 -2928
2406 -3527
5719 -3527
5719 -3737
-1530 -3737
-1530 -3527
584 -3527
584 -1627
7421 -1627
7421 4220
8243 4220
8243 -1627
8800 -1627
8800 6983
8243 6983
8243 5441
7421 5441
7421 6983
-4768 6983
-4768 6292
5719 6292
5719 1478
4295 1478
4295 5441
2406 5441
2406 1478
584 1478
584 5441
-1189 5441
-1189 -2928
-1530 -2928
-1530 5441
48
4167 -488 -2212 8925
-7855 -5300
-7855 1952
-4030 1952
-4030 -5300
-3014 -5300
-3014 1952
-2413 1952
-2413 -6659
-8968 -6659
-8968 -8047
-4030 -8047
-4030 -9632
-8968 -9632
-8968 -9949
143 -9949
143 -9632
-3014 -9632
-3014 -8047
1929 -8047
1929 -9949
5039 -9949
5039 8971
4743 8971
4743 4542
4447 4542
4447 8971
1929 8971
1929 1952
4743 1952
4743 -486
1929 -486
1929 -5300
4743 -5300
4743 -9632
4447 -9632
4447 -6659
143 -6659
143 8971
-2413 8971
-2413 4542
-3014 4542
-3014 8971
-4030 8971
-4030 4542
-7855 4542
-7855 8971
-8968 8971
-8968 -5300
46
4624 -2321 5950 -6314
-692 1802
-692 -8057
2272 -8057
2272 1802
3558 1802
3558 -5494
5026 -5494
5026 -1687
5911 -1687
5911 -6491
3558 -6491
3558 -8057
5962 -8057
5962 1543
5026 1543
5026 6164
5911 6164
5911 1802
5962 1802
5962 9222
3558 9222
3558 2599
2272 2599
2272 9222
-692 9222
-692 2599
-1479 2599
-1479 9222
-7404 9222
-7404 6164
-6136 6164
-6136 2599
-7404 2599
-7404 1802
-6136 1802
-6136 -1779
-6166 -1779
-6166 1543
-7404 1543
-7404 -8057
-6166 -8057
-6166 -5494
-6136 -5494
-6136 -8057
-1479 -8057
-1479 1802
40
-505 -1984 400 -3665
-9639 -3939
3551 -3939
3551 -1550
-2084 -1550
-2084 703
3551 703
3551 8253
5904 8253
5904 -3939
9607 -3939
9607 9611
444 9611
444 1518
253 1518
253 2943
-2084 2943
-2084 4322
253 4322
253 9611
-591 9611
-591 6927
-2084 6927
-2084 9611
-8298 9611
-8298 6927
-9613 6927
-9613 9611
-9639 9611
-9639 4322
-8298 4322
-8298 2943
-9639 2943
-9639 2127
-591 2127
-591 1518
-9639 1518
-9639 703
-8298 703
-8298 -1550
-9639 -1550
38
-7805 8763 -2689 8872
5112 -4379
5112 9960
5005 9960
5005 7113
4479 7113
4479 9960
-2892 9960
-2892 8091
-42 8091
-42 7113
-2892 7113
-2892 -6737
5005 -6737
5005 -7243
-6204 -7243
-6204 -4379
-5522 -4379
-5522 -6737
-5115 -6737
-5115 7113
-5522 7113
-5522 1211
-6204 1211
-6204 8091
-5115 8091
-5115 9960
-8422 9960
-8422 -8134
5112 -8134
5112 -4616
4479 -4616
4479 1211
-42 1211
-42 -4616
-2518 -4616
-2518 6197
5005 6197
5005 -4379
34
7101 1069 1258 6764
-4133 -6777
3274 -6777
3274 -7225
-9670 -7225
-9670 -9699
4295 -9699
4295 922
3274 922
3274 -4894
3082 -4894
3082 922
794 922
794 -4894
547 -4894
547 1089
4295 1089
4295 6720
7094 6720
7094 -9699
7574 -9699
7574 7305
3274 7305
3274 1745
3082 1745
3082 7305
-9670 7305
-9670 6720
794 6720
794 1745
-9670 1745
-9670 -6777
-4879 -6777
-4879 1089
-4133 1089
36
2686 209 9121 -6964
-7036 3422
-7036 2067
1921 2067
1921 245
-7036 245
-7036 -8224
3996 -8224
3996 -7903
-5056 -7903
-5056 -3190
-3854 -3190
-3854 -1255
-5056 -1255
-5056 128
1921 128
1921 -4331
-4274 -4331
-4274 -5645
3996 -5645
3996 -4331
2501 -4331
2501 -3190
7601 -3190
7601 -8224
9476 -8224
9476 245
7601 245
7601 -1255
2501 -1255
2501 128
3996 128
3996 245
2501 245
2501 2067
9476 2067
9476 3422
42
4182 2472 1074 -7456
-5795 5111
-7441 5111
-7441 9552
-9165 9552
-9165 -8376
-7441 -8376
-7441 4003
-5795 4003
-5795 2364
2551 2364
2551 1176
-525 1176
-525 -7339
-3027 -7339
-3027 1176
-5795 1176
-5795 955
-5180 955
-5180 -7339
-5795 -7339
-5795 -8376
1528 -8376
1528 955
2551 955
2551 -8376
6674 -8376
6674 3677
-3027 3677
-3027 5547
-525 5547
-525 4003
1528 4003
1528 5547
2551 5547
2551 4003
6674 4003
6674 9552
-5180 9552
-5180 3677
-5474 3677
-5474 9552
-5795 9552
32
-6172 5621 -3411 -9137
-9269 4170
-7348 4170
-7348 6366
-9269 6366
-9269 8206
-5699 8206
-5699 9347
-9583 9347
-9583 -169
-6995 -169
-6995 -7853
-9269 -7853
-9269 -5044
-7348 -5044
-7348 -4355
-9583 -4355
-9583 -9262
6472 -9262
6472 9347
-1592 9347
-1592 -4355
-1748 -4355
-1748 9347
-3913 9347
-3913 -5044
-1592 -5044
-1592 -7853
-5699 -7853
-5699 6366
-6995 6366
-6995 186
-9269 186
44
5298 -4104 2896 -9188
9366 -840
9366 4230
3201 4230
3201 2394
336 2394
336 4230
-6054 4230
-6054 3830
106 3830
106 -840
3201 -840
3201 -1068
-2118 -1068
-2118 2394
-6054 2394
-6054 -1068
-6486 -1068
-6486 4230
-8821 4230
-8821 -9723
-6486 -9723
-6486 -1134
-6054 -1134
-6054 -9723
9366 -9723
9366 -7123
4312 -7123
4312 -4958
9366 -4958
9366 -3763
3201 -3763
3201 -7123
-2118 -7123
-2118 -1134
106 -1134
106 -4958
336 -4958
336 -1134
9366 -1134
9366 -1068
4312 -1068
4312 3830
7436 3830
7436 -840
36
-8749 -4083 8646 7662
4994 2034
4994 2356
9278 2356
9278 8662
-9234 8662
-9234 8613
8499 8613
8499 2363
4201 2363
4201 -649
8499 -649
8499 -3908
-3145 -3908
-3145 2034
-8104 2034
-8104 2356
-3145 2356
-3145 2363
-9234 2363
-9234 -5377
-8104 -5377
-8104 -649
-7580 -649
-7580 -5507
-9234 -5507
-9234 -5635
4994 -5635
4994 -5507
-3145 -5507
-3145 -5377
8499 -5377
8499 -5507
5298 -5507
5298 -5635
9278 -5635
9278 2034
44
1459 6570 -6935 -5480
-6894 1437
-7720 1437
-7720 -3127
-7215 -3127
-7215 -281
-7000 -281
-7000 -7776
-7720 -7776
-7720 -9488
-1390 -9488
-1390 -3127
2324 -3127
2324 -9488
5655 -9488
5655 -3127
6055 -3127
6055 -9488
7981 -9488
7981 -2528
-1390 -2528
-1390 -281
7981 -281
7981 5123
6055 5123
6055 1437
5655 1437
5655 5929
7981 5929
7981 6815
-7720 6815
-7720 1480
-6894 1480
-6894 5123
-7215 5123
-7215 5929
2324 5929
2324 5123
-5122 5123
-5122 1480
2324 1480
2324 1437
-5122 1437
-5122 -7776
-6894 -7776
48
639 6223 -2538 8731
-5446 -6264
-5446 -7215
-1402 -7215
-1402 -1547
3355 -1547
3355 -7215
6893 -7215
6893 -6264
3696 -6264
3696 -1547
6893 -1547
6893 2604
-1402 2604
-1402 4893
3696 4893
3696 6924
-1495 6924
-1495 2604
-4113 2604
-4113 4893
-1885 4893
-1885 7598
5141 7598
5141 4893
6893 4893
6893 9466
5141 9466
5141 8228
-1402 8228
-1402 9057
3696 9057
3696 9466
-1495 9466
-1495 8228
-1885 8228
-1885 9466
-5446 9466
-5446 9057
-2684 9057
-2684 8228
-5446 8228
-5446 7598
-2684 7598
-2684 6924
-5446 6924
-5446 -1547
-1495 -1547
-1495 -6264
38
5058 -1974 -2689 -3680
9181 -8222
9181 -8206
3859 -8206
3859 -6092
9181 -6092
9181 4972
7045 4972
7045 -1848
3859 -1848
3859 4401
2732 4401
2732 1868
2420 1868
2420 4697
3859 4697
3859 4972
-9685 4972
-9685 4697
-6630 4697
-6630 4281
528 4281
528 4697
2257 4697
2257 1868
-6630 1868
-6630 -1138
2257 -1138
2257 -1848
-6739 -1848
-6739 4401
-9685 4401
-9685 -6092
2420 -6092
2420 -1138
2732 -1138
2732 -8206
-9685 -8206
-9685 -8222
48
1543 -6909 5791 2553
7359 -9242
7359 1580
4639 1580
4639 -4606
1883 -4606
1883 1795
7359 1795
7359 6652
4639 6652
4639 1912
1883 1912
1883 6652
1538 6652
1538 1912
1459 1912
1459 6652
-3838 6652
-3838 1912
-5208 1912
-5208 6652
-8001 6652
-8001 -4072
-5208 -4072
-5208 1795
-871 1795
-871 3047
865 3047
865 1580
-3838 1580
-3838 -4606
-8001 -4606
-8001 -9242
-5208 -9242
-5208 -6396
1459 -6396
1459 -4606
-871 -4606
-871 -4072
1459 -4072
1459 1795
1538 1795
1538 -8073
-3838 -8073
-3838 -9242
1883 -9242
1883 -6396
4639 -6396
4639 -9242
40
1606 -2114 -6091 -7834
-6953 -4965
-6953 -7904
-7178 -7904
-7178 -6352
-8342 -6352
-8342 -8722
-5155 -8722
-5155 -4965
2158 -4965
2158 -4622
2538 -4622
2538 -6352
382 -6352
382 -7506
2538 -7506
2538 -7904
-428 -7904
-428 -6352
-1863 -6352
-1863 -8722
9403 -8722
9403 4600
2538 4600
2538 -4349
2158 -4349
2158 4600
-6953 4600
-6953 3631
-1863 3631
-1863 -4349
-6953 -4349
-6953 -4622
-428 -4622
-428 3631
382 3631
382 -4873
-7178 -4873
-7178 4600
-8342 4600
-8342 -4965
50
5482 -5237 8078 145
5461 2926
3609 2926
3609 2837
5461 2837
5461 1633
2292 1633
2292 4826
4699 4826
4699 5233
-8274 5233
-8274 639
3609 639
3609 412
-8274 412
-8274 -21
3609 -21
3609 -2149
-8274 -2149
-8274 -5367
4699 -5367
4699 -21
5798 -21
5798 -2149
5461 -2149
5461 -5367
7816 -5367
7816 -21
8177 -21
8177 -5367
9413 -5367
9413 412
4699 412
4699 639
5533 639
5533 2837
5798 2837
5798 639
7816 639
7816 2837
8177 2837
8177 639
9413 639
9413 5233
8177 5233
8177 2926
5533 2926
5533 4826
7816 4826
7816 5233
5461 5233
42
-1649 497 -2680 -810
824 1062
824 2459
5596 2459
5596 5272
-203 5272
-203 1115
-5643 1115
-5643 2459
-660 2459
-660 5272
-7618 5272
-7618 -9438
-660 -9438
-660 -8931
-5643 -8931
-5643 -6551
-203 -6551
-203 -9438
824 -9438
824 -6551
5241 -6551
5241 -9438
5596 -9438
5596 1062
5790 1062
5790 -9438
5920 -9438
5920 5272
5790 5272
5790 1115
5241 1115
5241 1026
-203 1026
-203 -4174
5241 -4174
5241 -4498
-5643 -4498
-5643 -4174
-660 -4174
-660 1026
-5643 1026
-5643 1062
44
-8709 -5403 -6917 681
-5509 -183
-5509 -4568
-8717 -4568
-8717 -5829
9474 -5829
9474 -4568
1798 -4568
1798 -2385
9474 -2385
9474 -2345
-2416 -2345
-2416 -4568
-4243 -4568
-4243 -183
6908 -183
6908 1156
-4243 1156
-4243 6874
-2416 6874
-2416 3473
9060 3473
9060 -183
9474 -183
9474 9294
9060 9294
9060 5685
6908 5685
6908 9294
2985 9294
2985 5685
1798 5685
1798 9294
-5509 9294
-5509 5685
-7345 5685
-7345 9294
-8717 9294
-8717 3473
-5509 3473
-5509 1156
-8717 1156
-8717 -2385
-7345 -2385
-7345 -183
42
-2210 2884 -5582 6808
-2225 4677
-2225 9010
-4310 9010
-4310 8058
-6229 8058
-6229 9010
-8327 9010
-8327 6326
-4310 6326
-4310 4677
-8327 4677
-8327 -3545
-6229 -3545
-6229 1661
-4310 1661
-4310 -5971
-8327 -5971
-8327 -6160
9159 -6160
9159 -5971
-2225 -5971
-2225 -3545
-1160 -3545
-1160 1173
-2225 1173
-2225 1661
-9 1661
-9 -3545
9159 -3545
9159 9010
6650 9010
6650 1173
4645 1173
4645 9010
-2169 9010
-2169 8766
-9 8766
-9 4677
-1160 4677
-1160 8058
-2169 8058
-2169 4677
40
1176 3037 2210 7430
1134 8539
1134 2694
-7540 2694
-7540 3194
-2457 3194
-2457 8539
-9574 8539
-9574 5522
-2827 5522
-2827 5224
-9574 5224
-9574 -3775
-5575 -3775
-5575 -6543
-9574 -6543
-9574 -9437
-7540 -9437
-7540 -7867
-5575 -7867
-5575 -9437
-2457 -9437
-2457 -8409
-5283 -8409
-5283 -3775
-2827 -3775
-2827 -7867
1134 -7867
1134 -9437
5201 -9437
5201 -8409
3773 -8409
3773 -6543
-2457 -6543
-2457 -3775
3773 -3775
3773 5522
5171 5522
5171 -7867
5201 -7867
5201 8539
46
-1715 5142 2641 -2230
-6016 -3457
-6016 218
-7553 218
-7553 -8532
-6016 -8532
-6016 -6016
-2729 -6016
-2729 -8532
277 -8532
277 -1087
1705 -1087
1705 -6016
3412 -6016
3412 -7030
1705 -7030
1705 -8532
3975 -8532
3975 -6016
8853 -6016
8853 -8532
9180 -8532
9180 5243
8853 5243
8853 218
3975 218
3975 5243
3412 5243
3412 -1087
8853 -1087
8853 -3457
3123 -3457
3123 5745
9180 5745
9180 6650
-2729 6650
-2729 5745
1705 5745
1705 218
277 218
277 5243
-6016 5243
-6016 6650
-7553 6650
-7553 4929
-2729 4929
-2729 -3457
36
-7553 -7492 -6541 4651
993 7203
993 4282
-6450 4282
-6450 6418
765 6418
765 7203
-6450 7203
-6450 8608
-8407 8608
-8407 6418
-8062 6418
-8062 8365
-6987 8365
-6987 -1529
-8062 -1529
-8062 4282
-8407 4282
-8407 -7933
5489 -7933
5489 4282
2182 4282
2182 -5912
-8062 -5912
-8062 -1913
2025 -1913
2025 -1529
-6450 -1529
-6450 3811
2025 3811
2025 6418
5489 6418
5489 8608
219 8608
219 8365
2182 8365
2182 7203
40
-3560 -796 8535 -3807
4809 3149
4809 5985
-3716 5985
-3716 3149
-1559 3149
-1559 689
-3716 689
-3716 370
-1204 370
-1204 3149
441 3149
441 -332
-3716 -332
-3716 -4225
-1559 -4225
-1559 -5189
-3716 -5189
-3716 -5278
-1204 -5278
-1204 -3326
-3312 -3326
-3312 -1821
441 -1821
441 -5278
4252 -5278
4252 370
5127 370
5127 -332
4417 -332
4417 -5278
4809 -5278
4809 -1821
5127 -1821
5127 -5278
9221 -5278
9221 5985
5127 5985
5127 689
4252 689
4252 3149
42
-4742 5944 5427 -3285
2664 2249
2664 4427
95 4427
95 3693
2485 3693
2485 -1597
1844 -1597
1844 2249
95 2249
95 -1597
-863 -1597
-863 4427
-5481 4427
-5481 5091
2664 5091
2664 9524
-6151 9524
-6151 -3263
-5481 -3263
-5481 3693
-3150 3693
-3150 -3263
95 -3263
95 -3571
-6151 -3571
-6151 -7454
1844 -7454
1844 -3263
2485 -3263
2485 -7454
2664 -7454
2664 -3263
5317 -3263
5317 -7454
5622 -7454
5622 -1597
2664 -1597
2664 -82
5622 -82
5622 9524
5317 9524
5317 2249
42
4524 1200 7255 4324
9994 4328
8434 4328
8434 -6671
7729 -6671
7729 4328
387 4328
387 6295
9994 6295
9994 6664
-9406 6664
-9406 6295
-7234 6295
-7234 4328
-9406 4328
-9406 -1307
-9347 -1307
-9347 4298
3694 4298
3694 2904
-7234 2904
-7234 -1307
4618 -1307
4618 4298
6719 4298
6719 -6671
3694 -6671
3694 -7621
387 -7621
387 -6671
-9406 -6671
-9406 -7037
-7234 -7037
-7234 -7621
-9406 -7621
-9406 -8105
4618 -8105
4618 -7037
8434 -7037
8434 -7621
6719 -7621
6719 -8105
9994 -8105
50
7171 -8987 7171 6141
-3760 4357
3864 4357
3864 1241
7186 1241
7186 -415
-4809 -415
-4809 1241
-1812 1241
-1812 1399
-4809 1399
-4809 4602
-6666 4602
-6666 6207
-8908 6207
-8908 1241
-6666 1241
-6666 4357
-5347 4357
-5347 -415
-8908 -415
-8908 -9307
-6666 -9307
-6666 -2004
-5347 -2004
-5347 -9307
-4809 -9307
-4809 -2004
-3760 -2004
-3760 -9307
-1812 -9307
-1812 -2004
7186 -2004
7186 -2471
3864 -2471
3864 -9307
9972 -9307
9972 1399
7144 1399
7144 4357
9972 4357
9972 4602
7144 4602
7144 5491
9972 5491
9972 6207
-5347 6207
-5347 5491
3864 5491
3864 4602
-3760 4602
40
-5673 -5247 -5441 -8222
7596 5235
-6868 5235
-6868 5691
7568 5691
7568 6771
-9792 6771
-9792 -5118
-6868 -5118
-6868 4648
6816 4648
6816 1468
-5656 1468
-5656 -5118
6816 -5118
6816 -5145
3662 -5145
3662 -7168
-4229 -7168
-4229 -5145
-9792 -5145
-9792 -9498
-6868 -9498
-6868 -5945
-5656 -5945
-5656 -9498
9824 -9498
9824 -7168
4133 -7168
4133 -5945
9824 -5945
9824 -5145
7568 -5145
7568 -5118
9824 -5118
9824 1468
7568 1468
7568 4648
9824 4648
9824 6771
7596 6771
36
-4790 -3650 4624 3693
3381 70
7263 70
7263 -6578
9880 -6578
9880 9246
-9931 9246
-9931 70
-6772 70
-6772 8482
-6112 8482
-6112 70
-5354 70
-5354 -6081
-6110 -6081
-6110 -393
-9931 -393
-9931 -6578
-6772 -6578
-6772 -1563
-6112 -1563
-6112 -6578
-2295 -6578
-2295 4108
-5354 4108
-5354 443
-6110 443
-6110 8482
7263 8482
7263 4108
27 4108
27 1689
7263 1689
7263 443
27 443
27 -6578
3381 -6578
36
-7934 3888 8189 5151
-2795 -7856
-2795 -8540
327 -8540
327 -4203
8187 -4203
8187 -8540
8216 -8540
8216 9512
8187 9512
8187 -1057
-3807 -1057
-3807 4923
-1587 4923
-1587 4118
-2795 4118
-2795 2895
327 2895
327 9512
-8365 9512
-8365 2895
-7759 2895
-7759 4923
-6337 4923
-6337 -7856
-7759 -7856
-7759 -1057
-8365 -1057
-8365 -8540
-3807 -8540
-3807 -4203
-1587 -4203
-1587 -4910
-2795 -4910
-2795 -5562
-1587 -5562
-1587 -7856
36
1103 -5757 3976 -1843
1190 -5186
1190 330
4945 330
4945 -1877
6199 -1877
6199 9786
4945 9786
4945 1209
128 1209
128 3145
4144 3145
4144 9786
-9821 9786
-9821 -1877
-8152 -1877
-8152 3145
-4312 3145
-4312 -5186
-9821 -5186
-9821 -6229
-4312 -6229
-4312 -8094
-9821 -8094
-9821 -9242
6199 -9242
6199 -8094
128 -8094
128 330
582 330
582 -6229
6199 -6229
6199 -5186
4144 -5186
4144 -30
3283 -30
3283 -5186
38
2848 2465 9668 -3827
4406 8026
5100 8026
5100 -8014
9902 -8014
9902 -6450
5777 -6450
5777 -5007
9902 -5007
9902 -1667
5777 -1667
5777 -1481
9902 -1481
9902 8149
6851 8149
6851 1154
5777 1154
5777 8149
-9983 8149
-9983 2534
-1223 2534
-1223 4126
-3441 4126
-3441 8026
1693 8026
1693 -1667
-3441 -1667
-3441 -1481
-1223 -1481
-1223 1154
-9983 1154
-9983 -8014
-3441 -8014
-3441 -5007
1693 -5007
1693 -6450
-2406 -6450
-2406 -8014
4406 -8014
38
-1767 4364 -536 8841
-9162 -6529
-9162 6383
-438 6383
-438 8320
8558 8320
8558 9436
-9300 9436
-9300 8320
-1900 8320
-1900 8169
-9300 8169
-9300 -6993
6585 -6993
6585 -6529
-438 -6529
-438 3467
3982 3467
3982 -3704
7676 -3704
7676 -6993
8558 -6993
8558 4899
7676 4899
7676 1171
6585 1171
6585 6383
8558 6383
8558 8169
3982 8169
3982 4899
-1900 4899
-1900 1171
-2955 1171
-2955 4899
-6167 4899
-6167 -3704
-1900 -3704
-1900 -6529
44
7387 -7271 -4632 317
6641 -8913
6641 -8915
956 -8915
956 -9812
8862 -9812
8862 -8623
973 -8623
973 -8153
8862 -8153
8862 8831
6641 8831
6641 -6958
6119 -6958
6119 1283
3555 1283
3555 -6958
956 -6958
956 -8623
-1968 -8623
-1968 159
973 159
973 4472
6119 4472
6119 8831
956 8831
956 1283
-1968 1283
-1968 8831
-2980 8831
-2980 1283
-5016 1283
-5016 8831
-5040 8831
-5040 159
-2980 159
-2980 -6958
-5040 -6958
-5040 -9812
-1968 -9812
-1968 -8915
-5016 -8915
-5016 -8153
-2980 -8153
-2980 -8913
44
-1629 4993 3566 -6319
-3070 -9724
-3070 -4606
-2251 -4606
-2251 -9724
8932 -9724
8932 -6315
8121 -6315
8121 -4606
8932 -4606
8932 5172
6851 5172
6851 4392
8368 4392
8368 3271
6851 3271
6851 26
8368 26
8368 -1044
6851 -1044
6851 -6315
-1193 -6315
-1193 -4606
6548 -4606
6548 5957
8932 5957
8932 9492
-580 9492
-580 3271
-1193 3271
-1193 9492
-8843 9492
-8843 5957
-2251 5957
-2251 5172
-8843 5172
-8843 4392
-2251 4392
-2251 26
-580 26
-580 -1044
-3070 -1044
-3070 3271
-8843 3271
-8843 -9724
46
-1501 5520 -6876 -2420
1107 -916
1107 5940
1064 5940
1064 5277
-950 5277
-950 5940
-9236 5940
-9236 5464
-3185 5464
-3185 5277
-9236 5277
-9236 -2393
-8896 -2393
-8896 -916
-6883 -916
-6883 -2486
-9236 -2486
-9236 -9860
-8896 -9860
-8896 -7571
-6306 -7571
-6306 -2393
-3185 -2393
-3185 -7571
-1325 -7571
-1325 -7670
-6883 -7670
-6883 -9860
-950 -9860
-950 -7571
1064 -7571
1064 -9860
1107 -9860
1107 -1880
1064 -1880
1064 -2486
-2367 -2486
-2367 -2393
-950 -2393
-950 -1880
-6306 -1880
-6306 -916
-2367 -916
-2367 5464
-1325 5464
-1325 -916
48
3122 6466 2997 -6392
-3945 -3258
-6292 -3258
-6292 -6813
-5381 -6813
-5381 -4509
-2433 -4509
-2433 -859
1414 -859
1414 -6209
-3945 -6209
-3945 -6813
7962 -6813
7962 -3258
7361 -3258
7361 -6209
2853 -6209
2853 -4509
4317 -4509
4317 -3258
2853 -3258
2853 3356
-5381 3356
-5381 4823
3046 4823
3046 -859
7962 -859
7962 3356
4317 3356
4317 4823
7962 4823
7962 4964
4317 4964
4317 5365
7962 5365
7962 6613
1414 6613
1414 5365
3046 5365
3046 4964
-2433 4964
-2433 6613
-3945 6613
-3945 4964
-5381 4964
-5381 6613
-6292 6613
-6292 -859
-3945 -859
28
-3477 -7934 4613 4867
-3824 3286
-4322 3286
-4322 590
-5983 590
-5983 -748
-6918 -748
-6918 -2874
-4322 -2874
-4322 -7110
-3824 -7110
-3824 -8738
4271 -8738
4271 -4107
4663 -4107
4663 -8738
7345 -8738
7345 -748
4877 -748
4877 590
7345 590
7345 9754
4271 9754
4271 5125
-85 5125
-85 9754
-4322 9754
-4322 5125
-3824 5125
28
248 7894 8641 6966
-5934 -5184
-5934 -176
-5483 -176
-5483 -251
-2869 -251
-2869 -176
-1946 -176
-1946 1004
-985 1004
-985 -251
2117 -251
2117 -1584
9208 -1584
9208 -176
4819 -176
4819 1004
9208 1004
9208 8794
-6665 8794
-6665 7410
-6832 7410
-6832 -1584
-6665 -1584
-6665 -4804
-6832 -4804
-6832 -9599
-6665 -9599
-6665 -5184
40
-6668 2011 -1726 7666
-2148 4937
-2148 4002
-2885 4002
-2885 -99
-2148 -99
-2148 -3789
5475 -3789
5475 -808
6674 -808
6674 -99
7516 -99
7516 4002
6674 4002
6674 4937
7516 4937
7516 5972
6674 5972
6674 6864
5475 6864
5475 5972
3549 5972
3549 7343
6674 7343
6674 7820
7516 7820
7516 7861
-456 7861
-456 7820
-2148 7820
-2148 7861
-9334 7861
-9334 7343
-6549 7343
-6549 5972
-9334 5972
-9334 4937
-9197 4937
-9197 -99
-6549 -99
-6549 4937
24
-2394 1937 -8579 444
640 1815
640 1998
-5676 1998
-5676 1991
-9261 1991
-9261 -7798
-3335 -7798
-3335 -7289
-1780 -7289
-1780 -7798
640 -7798
640 -7289
1103 -7289
1103 -5611
3932 -5611
3932 -4487
3963 -4487
3963 -3793
4642 -3793
4642 -95
6940 -95
6940 1998
3932 1998
3932 1815
30
-2384 -4789 -33 1854
3976 4636
1057 4636
1057 6564
3976 6564
3976 8198
-90 8198
-90 6564
-524 6564
-524 8198
-3395 8198
-3395 6564
-4035 6564
-4035 4636
-5450 4636
-5450 3926
-8019 3926
-8019 -5041
-5450 -5041
-5450 -8929
-4035 -8929
-4035 -5986
-524 -5986
-524 -8929
-90 -8929
-90 -5986
265 -5986
265 -5041
759 -5041
759 -8929
3976 -8929
14
2 2 14 12
0 0
16 0
16 8
12 8
12 10
18 10
18 14
10 14
10 6
8 6
8 16
6 16
6 4
0 4
12
1 1 17 2
0 0
9 0
9 3
10 3
10 1
19 1
19 5
16 5
16 19
2 19
2 4
0 4
86
-6 4 -3 4
6 -2
7 -2
7 -3
6 -3
6 -6
5 -6
5 -5
2 -5
2 -6
1 -6
1 -5
-2 -5
-2 -6
-3 -6
-3 -5
-6 -5
-6 -4
-5 -4
-5 -1
-6 -1
-6 0
-5 0
-5 5
-7 5
-7 2
-6 2
-6 1
-7 1
-7 -2
-6 -2
-6 -3
-7 -3
-7 -7
-5 -7
-5 -6
-4 -6
-4 -7
-1 -7
-1 -6
0 -6
0 -7
3 -7
3 -6
4 -6
4 -7
7 -7
7 -6
8 -6
8 -5
7 -5
7 -4
8 -4
8 -1
7 -1
7 0
8 0
8 3
7 3
7 4
6 4
6 5
3 5
3 4
2 4
2 5
-1 5
-1 4
-2 4
-2 7
-8 7
-8 6
-4 6
-4 3
0 3
0 4
1 4
1 3
4 3
4 4
5 4
5 3
6 3
6 2
7 2
7 1
6 1
100
99 -99 -99 99
-100 -100
-82 -100
-82 99
-81 99
-81 -100
-70 -100
-70 99
-69 99
-69 -100
-52 -100
-52 99
-51 99
-51 -100
-37 -100
-37 99
-36 99
-36 -100
-23 -100
-23 99
-22 99
-22 -100
-5 -100
-5 99
-4 99
-4 -100
13 -100
13 99
14 99
14 -100
27 -100
27 99
28 99
28 -100
46 -100
46 99
47 99
47 -100
62 -100
62 99
63 99
63 -100
76 -100
76 99
77 99
77 -100
93 -100
93 99
94 99
94 -100
100 -100
100 100
87 100
87 -99
86 -99
86 100
65 100
65 -99
64 -99
64 100
49 100
49 -99
48 -99
48 100
39 100
39 -99
38 -99
38 100
23 100
23 -99
22 -99
22 100
1 100
1 -99
0 -99
0 100
-11 100
-11 -99
-12 -99
-12 100
-27 100
-27 -99
-28 -99
-28 100
-46 100
-46 -99
-47 -99
-47 100
-59 100
-59 -99
-60 -99
-60 100
-74 100
-74 -99
-75 -99
-75 100
-95 100
-95 -99
-96 -99
-96 100
-100 100
100
9999 -9999 -9999 9999
10000 -10000
10000 -8995
-9999 -8995
-9999 -8994
10000 -8994
10000 -7247
-9999 -7247
-9999 -7246
10000 -7246
10000 -5709
-9999 -5709
-9999 -5708
10000 -5708
10000 -4569
-9999 -4569
-9999 -4568
10000 -4568
10000 -3026
-9999 -3026
-9999 -3025
10000 -3025
10000 -1476
-9999 -1476
-9999 -1475
10000 -1475
10000 489
-9999 489
-9999 490
10000 490
10000 2315
-9999 2315
-9999 2316
10000 2316
10000 3787
-9999 3787
-9999 3788
10000 3788
10000 4910
-9999 4910
-9999 4911
10000 4911
10000 7034
-9999 7034
-9999 7035
10000 7035
10000 8567
-9999 8567
-9999 8568
10000 8568
10000 10000
-10000 10000
-10000 9037
9999 9037
9999 9036
-10000 9036
-10000 7342
9999 7342
9999 7341
-10000 7341
-10000 6308
9999 6308
9999 6307
-10000 6307
-10000 4033
9999 4033
9999 4032
-10000 4032
-10000 2800
9999 2800
9999 2799
-10000 2799
-10000 810
9999 810
9999 809
-10000 809
-10000 -197
9999 -197
9999 -198
-10000 -198
-10000 -1929
9999 -1929
9999 -1930
-10000 -1930
-10000 -3544
9999 -3544
9999 -3545
-10000 -3545
-10000 -5706
9999 -5706
9999 -5707
-10000 -5707
-10000 -6590
9999 -6590
9999 -6591
-10000 -6591
-10000 -8594
9999 -8594
9999 -8595
-10000 -8595
-10000 -10000
38
-9584 -7501 -432 -7501
-7920 -9167
-7920 -4169
-9168 -4169
-9168 -4
-10000 -4
-10000 -10000
-9168 -10000
-9168 -5002
-8336 -5002
-8336 -10000
-16 -10000
-16 -6668
-1680 -6668
-1680 -5002
-16 -5002
-16 -4169
-2096 -4169
-2096 -7501
-848 -7501
-848 -9167
-2928 -9167
-2928 -8334
-3344 -8334
-3344 -9167
-4176 -9167
-4176 -4169
-5840 -4169
-5840 -5002
-4592 -5002
-4592 -9167
-5424 -9167
-5424 -5835
-5840 -5835
-5840 -9167
-6672 -9167
-6672 -8334
-7088 -8334
-7088 -9167
38
-9167 -9375 -1670 -5625
-9167 -5000
-9167 -7500
-10000 -7500
-10000 -10000
-8334 -10000
-8334 -7500
-7501 -7500
-7501 -6250
-4169 -6250
-4169 -5000
-6668 -5000
-6668 -2500
-5835 -2500
-5835 -1250
-4169 -1250
-4169 -2500
-3336 -2500
-3336 -6250
-2503 -6250
-2503 -7500
-1670 -7500
-1670 -10000
-4 -10000
-4 -7500
-837 -7500
-837 -5000
-1670 -5000
-1670 -2500
-2503 -2500
-2503 -625
-3336 -625
-3336 0
-6668 0
-6668 -625
-7501 -625
-7501 -2500
-8334 -2500
-8334 -5000
34
-1670 -4120 -9167 -9412
-1670 -592
-1670 -4
-10000 -4
-10000 -10000
-7501 -10000
-7501 -592
-3336 -592
-3336 -1180
-2503 -1180
-2503 -4120
-3336 -4120
-3336 -4708
-6668 -4708
-6668 -5296
-3336 -5296
-3336 -5884
-2503 -5884
-2503 -8824
-3336 -8824
-3336 -9412
-6668 -9412
-6668 -10000
-1670 -10000
-1670 -9412
-837 -9412
-837 -8824
-4 -8824
-4 -5884
-837 -5884
-837 -4120
-4 -4120
-4 -1180
-837 -1180
-837 -592
38
-9231 -5338 -1541 -9334
-8462 -1342
-8462 -2008
-9231 -2008
-9231 -2674
-10000 -2674
-10000 -6004
-9231 -6004
-9231 -7336
-8462 -7336
-8462 -8668
-7693 -8668
-7693 -9334
-6924 -9334
-6924 -10000
-3 -10000
-3 -8668
-2310 -8668
-2310 -9334
-6155 -9334
-6155 -8002
-7693 -8002
-7693 -2674
-6924 -2674
-6924 -1342
-6155 -1342
-6155 -676
-1541 -676
-1541 -1342
-772 -1342
-772 -2008
-3 -2008
-3 -676
-772 -676
-772 -10
-6924 -10
-6924 -676
-7693 -676
-7693 -1342
22
-3848 -9286 -9231 -8572
-3079 -7858
-3079 -8572
-6924 -8572
-6924 -10000
-2310 -10000
-2310 -9286
-772 -9286
-772 -7858
-3 -7858
-3 -2146
-772 -2146
-772 -718
-3079 -718
-3079 -4
-10000 -4
-10000 -10000
-7693 -10000
-7693 -1432
-3079 -1432
-3079 -2146
-2310 -2146
-2310 -7858
20
-718 -8335 -718 -1120
-10000 -10
-10000 -10000
-4 -10000
-4 -7780
-1432 -7780
-1432 -8890
-7858 -8890
-7858 -5560
-5002 -5560
-5002 -6115
-3574 -6115
-3574 -3895
-5002 -3895
-5002 -4450
-7858 -4450
-7858 -1120
-1432 -1120
-1432 -1675
-4 -1675
-4 -10
32
-9412 -9474 -1180 -1584
-7060 -10000
-7060 -8948
-7648 -8948
-7648 -6844
-7060 -6844
-7060 -5266
-4708 -5266
-4708 -5792
-3532 -5792
-3532 -4740
-2944 -4740
-2944 -3688
-4120 -3688
-4120 -4214
-7060 -4214
-7060 -1584
-6472 -1584
-6472 -1058
-1768 -1058
-1768 -2110
-592 -2110
-592 -1058
-4 -1058
-4 -6
-8236 -6
-8236 -1584
-8824 -1584
-8824 -5792
-9412 -5792
-9412 -8948
-10000 -8948
-10000 -10000
38
-1432 -8572 -9286 -5002
-2146 -7144
-2146 -8572
-2860 -8572
-2860 -9286
-7144 -9286
-7144 -8572
-7858 -8572
-7858 -7144
-8572 -7144
-8572 -2146
-7858 -2146
-7858 -1432
-7144 -1432
-7144 -718
-2860 -718
-2860 -1432
-1432 -1432
-1432 -718
-2146 -718
-2146 -4
-7858 -4
-7858 -718
-9286 -718
-9286 -2860
-10000 -2860
-10000 -7144
-9286 -7144
-9286 -9286
-7858 -9286
-7858 -10000
-1432 -10000
-1432 -9286
-718 -9286
-718 -7144
-4 -7144
-4 -6430
-2860 -6430
-2860 -7144
12
-772 -9412 -9231 -592
-8462 -4708
-8462 -4
-10000 -4
-10000 -10000
-8462 -10000
-8462 -5296
-1541 -5296
-1541 -10000
-3 -10000
-3 -4
-1541 -4
-1541 -4708
12
-5716 -2500 -5716 -7500
-4 -10000
-4 -9375
-2860 -9375
-2860 -625
-4 -625
-4 0
-10000 0
-10000 -625
-7144 -625
-7144 -9375
-10000 -9375
-10000 -10000
24
-3079 -1250 -9231 -8125
-3 -625
-3 0
-5386 0
-5386 -625
-3848 -625
-3848 -8750
-4617 -8750
-4617 -9375
-6924 -9375
-6924 -8750
-7693 -8750
-7693 -8125
-8462 -8125
-8462 -7500
-10000 -7500
-10000 -8750
-9231 -8750
-9231 -9375
-8462 -9375
-8462 -10000
-2310 -10000
-2310 -9375
-1541 -9375
-1541 -625
38
-8750 -9000 -1250 -1000
-4375 -4000
-4375 -3000
-3750 -3000
-3750 -2500
-2500 -2500
-2500 -1500
-625 -1500
-625 0
-3125 0
-3125 -1000
-4375 -1000
-4375 -2000
-5625 -2000
-5625 -3000
-6875 -3000
-6875 -4000
-8125 -4000
-8125 0
-10000 0
-10000 -10000
-8125 -10000
-8125 -5000
-6250 -5000
-6250 -4500
-5000 -4500
-5000 -6500
-3750 -6500
-3750 -8500
-2500 -8500
-2500 -10000
0 -10000
0 -8500
-1250 -8500
-1250 -6500
-2500 -6500
-2500 -4500
-3750 -4500
-3750 -4000
6
-9375 -5000 -6250 -9500
0 -10000
0 -9000
-8125 -9000
-8125 0
-10000 0
-10000 -10000
36
-9445 -8668 -565 -8668
-9445 -3340
-9445 -6670
-10000 -6670
-10000 -10000
-7780 -10000
-7780 -3340
-6670 -3340
-6670 -5338
-5560 -5338
-5560 -6004
-4450 -6004
-4450 -5338
-3340 -5338
-3340 -3340
-2230 -3340
-2230 -10000
-10 -10000
-10 -6670
-565 -6670
-565 -3340
-1120 -3340
-1120 -10
-2785 -10
-2785 -1342
-3340 -1342
-3340 -2674
-4450 -2674
-4450 -4006
-5560 -4006
-5560 -2674
-6670 -2674
-6670 -1342
-7225 -1342
-7225 -10
-8890 -10
-8890 -3340
38
-9334 -9286 -676 -718
-2008 -8572
-2008 -7858
-2674 -7858
-2674 -6430
-4006 -6430
-4006 -5002
-4672 -5002
-4672 -4288
-5338 -4288
-5338 -3574
-6004 -3574
-6004 -2146
-6670 -2146
-6670 -718
-8002 -718
-8002 -4
-10000 -4
-10000 -10000
-8668 -10000
-8668 -1432
-8002 -1432
-8002 -2146
-7336 -2146
-7336 -3574
-6670 -3574
-6670 -5002
-5338 -5002
-5338 -6430
-4672 -6430
-4672 -7858
-4006 -7858
-4006 -9286
-2674 -9286
-2674 -10000
-10 -10000
-10 -4
-1342 -4
-1342 -8572
36
-1000 -2728 -4000 -910
-8000 -1
-8000 -910
-9000 -910
-9000 -1819
-10000 -1819
-10000 -8182
-9000 -8182
-9000 -9091
-8000 -9091
-8000 -10000
-3000 -10000
-3000 -9091
-2000 -9091
-2000 -8182
0 -8182
0 -1819
-2000 -1819
-2000 -7273
-3000 -7273
-3000 -8182
-4000 -8182
-4000 -9091
-7000 -9091
-7000 -8182
-8000 -8182
-8000 -7273
-9000 -7273
-9000 -2728
-8000 -2728
-8000 -1819
-7000 -1819
-7000 -910
-5000 -910
-5000 -1819
-3000 -1819
-3000 -1
32
-7501 -9334 -5835 -5338
-6668 -10000
-6668 -8668
-7501 -8668
-7501 -676
-4169 -676
-4169 -1342
-3336 -1342
-3336 -2008
-2503 -2008
-2503 -3340
-3336 -3340
-3336 -4006
-4169 -4006
-4169 -4672
-6668 -4672
-6668 -6004
-3336 -6004
-3336 -4672
-1670 -4672
-1670 -4006
-837 -4006
-837 -3340
-4 -3340
-4 -2008
-837 -2008
-837 -1342
-1670 -1342
-1670 -676
-3336 -676
-3336 -10
-10000 -10
-10000 -10000
38
-772 -9375 -7693 -8125
-4617 -6875
-4617 -8125
-3848 -8125
-3848 -8750
-2310 -8750
-2310 -10000
-3 -10000
-3 -8750
-1541 -8750
-1541 -7500
-772 -7500
-772 -6875
-3 -6875
-3 -1250
-772 -1250
-772 -625
-3079 -625
-3079 0
-7693 0
-7693 -625
-9231 -625
-9231 -1250
-10000 -1250
-10000 -7500
-9231 -7500
-9231 -8750
-5386 -8750
-5386 -8125
-6924 -8125
-6924 -7500
-7693 -7500
-7693 -1250
-6924 -1250
-6924 -625
-3848 -625
-3848 -1250
-2310 -1250
-2310 -6875
38
-8334 -8668 -837 -9334
-7501 -10000
-7501 -676
-3336 -676
-3336 -1342
-2503 -1342
-2503 -3340
-3336 -3340
-3336 -4006
-6668 -4006
-6668 -5338
-5835 -5338
-5835 -7336
-4169 -7336
-4169 -8668
-2503 -8668
-2503 -10000
-4 -10000
-4 -8668
-1670 -8668
-1670 -7336
-2503 -7336
-2503 -6004
-4169 -6004
-4169 -5338
-5002 -5338
-5002 -4672
-2503 -4672
-2503 -4006
-837 -4006
-837 -3340
-4 -3340
-4 -1342
-837 -1342
-837 -676
-2503 -676
-2503 -10
-10000 -10
-10000 -10000
36
-1432 -1250 -9286 -8750
-2146 -5000
-2146 -4375
-6430 -4375
-6430 -3750
-7144 -3750
-7144 -1875
-6430 -1875
-6430 -1250
-2146 -1250
-2146 -1875
-4 -1875
-4 0
-6430 0
-6430 -625
-8572 -625
-8572 -1250
-9286 -1250
-9286 -5000
-7858 -5000
-7858 -5625
-3574 -5625
-3574 -6250
-2860 -6250
-2860 -8125
-3574 -8125
-3574 -8750
-7858 -8750
-7858 -8125
-10000 -8125
-10000 -10000
-3574 -10000
-3574 -9375
-1432 -9375
-1432 -8750
-718 -8750
-718 -5000
8
-9000 -772 -5000 -9231
-10000 -3
-10000 -1541
-6000 -1541
-6000 -10000
-4000 -10000
-4000 -1541
0 -1541
0 -3
28
-9375 -676 -625 -676
-6875 -8668
-6875 -8002
-7500 -8002
-7500 -10
-10000 -10
-10000 -8002
-9375 -8002
-9375 -8668
-8750 -8668
-8750 -9334
-7500 -9334
-7500 -10000
-2500 -10000
-2500 -9334
-1250 -9334
-1250 -8668
-625 -8668
-625 -8002
0 -8002
0 -10
-2500 -10
-2500 -8002
-3125 -8002
-3125 -8668
-3750 -8668
-3750 -9334
-6250 -9334
-6250 -8668
38
-9375 -676 -625 -676
-6250 -6004
-6250 -4006
-6875 -4006
-6875 -2008
-7500 -2008
-7500 -10
-10000 -10
-10000 -2008
-9375 -2008
-9375 -4006
-8750 -4006
-8750 -6004
-8125 -6004
-8125 -7336
-7500 -7336
-7500 -8002
-6875 -8002
-6875 -10000
-3125 -10000
-3125 -8002
-1875 -8002
-1875 -6004
-1250 -6004
-1250 -4006
-625 -4006
-625 -2008
0 -2008
0 -10
-2500 -10
-2500 -2008
-3125 -2008
-3125 -4006
-3750 -4006
-3750 -6004
-4375 -6004
-4375 -8002
-5625 -8002
-5625 -6004
36
-9286 -1000 -718 -1000
-7144 -7000
-7144 -6000
-7858 -6000
-7858 -3000
-8572 -3000
-8572 0
-10000 0
-10000 -3000
-9286 -3000
-9286 -6000
-8572 -6000
-8572 -10000
-6430 -10000
-6430 -9000
-5716 -9000
-5716 -8000
-4288 -8000
-4288 -9000
-3574 -9000
-3574 -10000
-1432 -10000
-1432 -6000
-718 -6000
-718 -3000
-4 -3000
-4 0
-1432 0
-1432 -3000
-2146 -3000
-2146 -6000
-2860 -6000
-2860 -7000
-4288 -7000
-4288 -1000
-5716 -1000
-5716 -7000
36
-7858 -9375 -718 -625
-10000 -8125
-10000 -10000
-7144 -10000
-7144 -8125
-6430 -8125
-6430 -6250
-3574 -6250
-3574 -8125
-2860 -8125
-2860 -10000
-4 -10000
-4 -8125
-1432 -8125
-1432 -5625
-3574 -5625
-3574 -4375
-1432 -4375
-1432 -1875
-4 -1875
-4 0
-2860 0
-2860 -1875
-3574 -1875
-3574 -3125
-6430 -3125
-6430 -1875
-7144 -1875
-7144 0
-10000 0
-10000 -1875
-8572 -1875
-8572 -4375
-6430 -4375
-6430 -5625
-8572 -5625
-8572 -8125
28
-9286 -676 -718 -676
-6430 -4672
-6430 -10000
-3574 -10000
-3574 -4672
-2146 -4672
-2146 -4006
-1432 -4006
-1432 -2008
-718 -2008
-718 -1342
-4 -1342
-4 -10
-2860 -10
-2860 -2008
-3574 -2008
-3574 -3340
-6430 -3340
-6430 -2008
-7144 -2008
-7144 -10
-10000 -10
-10000 -1342
-9286 -1342
-9286 -2008
-8572 -2008
-8572 -4006
-7858 -4006
-7858 -4672
36
-9167 -837 -837 -9167
-10000 -7501
-10000 -10000
-4 -10000
-4 -8334
-1670 -8334
-1670 -9167
-6668 -9167
-6668 -7501
-5835 -7501
-5835 -6668
-5002 -6668
-5002 -5835
-4169 -5835
-4169 -4169
-3336 -4169
-3336 -3336
-2503 -3336
-2503 -2503
-4 -2503
-4 -4
-10000 -4
-10000 -1670
-8334 -1670
-8334 -837
-3336 -837
-3336 -2503
-4169 -2503
-4169 -3336
-5002 -3336
-5002 -4169
-5835 -4169
-5835 -5835
-6668 -5835
-6668 -6668
-7501 -6668
-7501 -7501
36
-9474 -1112 -532 -1112
-6 -10000
-6 -1
-1058 -1
-1058 -8889
-1584 -8889
-1584 -1
-2110 -1
-2110 -8889
-2636 -8889
-2636 -1
-3162 -1
-3162 -8889
-3688 -8889
-3688 -1
-4214 -1
-4214 -8889
-4740 -8889
-4740 -1
-5266 -1
-5266 -8889
-5792 -8889
-5792 -1
-6318 -1
-6318 -8889
-6844 -8889
-6844 -1
-7370 -1
-7370 -8889
-7896 -8889
-7896 -1
-8422 -1
-8422 -8889
-8948 -8889
-8948 -1
-10000 -1
-10000 -10000
38
-500 -1819 -9000 -9091
-8500 -10000
-8500 -4546
-8000 -4546
-8000 -9091
-7500 -9091
-7500 -4546
-7000 -4546
-7000 -8182
-6500 -8182
-6500 -3637
-6000 -3637
-6000 -7273
-5500 -7273
-5500 -3637
-5000 -3637
-5000 -6364
-4500 -6364
-4500 -2728
-4000 -2728
-4000 -5455
-3500 -5455
-3500 -2728
-3000 -2728
-3000 -4546
-2500 -4546
-2500 -1819
-2000 -1819
-2000 -3637
-1500 -3637
-1500 -1819
-1000 -1819
-1000 -2728
0 -2728
0 -1
-10000 -1
-10000 -5455
-9500 -5455
-9500 -10000
40
9517 -4408 1730 6434
-3905 -666
-6152 -666
-6152 -6421
9902 -6421
9902 -3582
5421 -3582
5421 -666
2032 -666
2032 -3582
-5854 -3582
-5854 -1077
1370 -1077
1370 4010
5421 4010
5421 4439
1370 4439
1370 6129
6024 6129
6024 -1077
9902 -1077
9902 -666
8329 -666
8329 7157
9267 7157
9267 4010
9902 4010
9902 9020
2032 9020
2032 7157
6024 7157
6024 6537
1370 6537
1370 9020
-3905 9020
-3905 4439
-5854 4439
-5854 9020
-6152 9020
-6152 4010
-3905 4010
8
5 5 15 25
0 0
20 0
20 10
10 10
10 20
20 20
20 30
0 30
8
5 5 25 15
30 0
30 20
20 20
20 10
10 10
10 20
0 20
0 0
38
-8948 -565 -532 -8335
-3688 -1120
-3688 -1675
-5266 -1675
-5266 -3340
-6318 -3340
-6318 -4450
-7370 -4450
-7370 -5560
-8422 -5560
-8422 -6670
-9474 -6670
-9474 -7780
-10000 -7780
-10000 -9445
-9474 -9445
-9474 -10000
-6 -10000
-6 -7780
-1058 -7780
-1058 -8890
-8948 -8890
-8948 -7780
-8422 -7780
-8422 -7225
-7370 -7225
-7370 -6115
-6318 -6115
-6318 -5005
-5266 -5005
-5266 -3895
-4214 -3895
-4214 -2785
-3162 -2785
-3162 -1675
-2636 -1675
-2636 -10
-9474 -10
-9474 -1120
0
