8
1 1 2 2
0 2
0 0
2 0
2 1
3 1
3 3
1 3
1 2
12
-9 5 9 -9
0 0
0 -13
3 -13
3 -10
10 -10
10 10
-1 10
-1 13
-4 13
-4 10
-10 10
-10 0
12
3 57 53 2
0 0
64 0
64 18
47 18
47 39
64 39
64 60
0 60
0 44
33 44
33 30
0 30
42
8466 -4362 -678 2469
8681 -6431
8681 -9110
9506 -9110
9506 1352
8681 1352
8681 -5873
8575 -5873
8575 2447
9506 2447
9506 8920
8681 8920
8681 3918
8575 3918
8575 8920
1370 8920
1370 2447
3107 2447
3107 6607
7351 6607
7351 1352
6129 1352
6129 3918
5656 3918
5656 1352
1370 1352
1370 -1595
5656 -1595
5656 -5873
-654 -5873
-654 8920
-740 8920
-740 -9110
-654 -9110
-654 -6431
6129 -6431
6129 -1595
7351 -1595
7351 -6742
1370 -6742
1370 -9110
8575 -9110
8575 -6431
44
-6427 5862 -6735 -8895
5464 4528
8578 4528
8578 3680
9218 3680
9218 6367
-8606 6367
-8606 1032
-6592 1032
-6592 -331
-8606 -331
-8606 -9490
-6330 -9490
-6330 -8109
-8204 -8109
-8204 -1284
704 -1284
704 -8109
-3939 -8109
-3939 -9490
5464 -9490
5464 -1284
8578 -1284
8578 -9490
9218 -9490
9218 -331
5464 -331
5464 1032
9218 1032
9218 2467
704 2467
704 -331
-6330 -331
-6330 3680
-3939 3680
-3939 1032
-214 1032
-214 3864
-6592 3864
-6592 2467
-8204 2467
-8204 4528
704 4528
704 3680
5464 3680
46
116 7345 934 8139
7620 8898
7620 7694
6428 7694
6428 8898
4500 8898
4500 7694
2972 7694
2972 8898
-6475 8898
-6475 7823
976 7823
976 7694
-6475 7694
-6475 -2325
-4153 -2325
-4153 7342
83 7342
83 -3799
-6475 -3799
-6475 -4294
976 -4294
976 -5333
-6475 -5333
-6475 -7258
6428 -7258
6428 -5333
2972 -5333
2972 6229
976 6229
976 -3799
843 -3799
843 7342
4500 7342
4500 -4294
7620 -4294
7620 -7258
8928 -7258
8928 -3799
6428 -3799
6428 -2325
8928 -2325
8928 6229
6428 6229
6428 7342
8928 7342
8928 8898
50
-2617 -2188 -2521 5625
-2965 3258
-2965 2294
-6059 2294
-6059 -8980
6536 -8980
6536 -5009
3217 -5009
3217 -5523
-2559 -5523
-2559 -5009
-2965 -5009
-2965 -5523
-5080 -5523
-5080 -2672
-2559 -2672
-2559 3258
-2260 3258
-2260 -2672
-1431 -2672
-1431 3258
-434 3258
-434 -5009
-2260 -5009
-2260 -5326
107 -5326
107 -2672
6536 -2672
6536 2294
107 2294
107 3258
6536 3258
6536 8313
3217 8313
3217 6325
107 6325
107 8313
-434 8313
-434 6325
-1431 6325
-1431 8313
-2260 8313
-2260 6325
-2559 6325
-2559 8313
-6059 8313
-6059 8290
-2965 8290
-2965 6325
-6059 6325
-6059 3258
42
-1496 7422 -9191 -8888
1471 -1915
-1199 -1915
-1199 8583
7667 8583
7667 8606
-3248 8606
-3248 -1915
-4405 -1915
-4405 84
-8783 84
-8783 573
-4405 573
-4405 8606
-9264 8606
-9264 8583
-8132 8583
-8132 6196
-9264 6196
-9264 -8953
-8783 -8953
-8783 -1804
-8132 -1804
-8132 -2266
-3248 -2266
-3248 -6165
-8132 -6165
-8132 -8953
2002 -8953
2002 -6165
-1199 -6165
-1199 -2266
2002 -2266
2002 -1804
5765 -1804
5765 -8953
7667 -8953
7667 84
2002 84
2002 573
7667 573
7667 6196
1471 6196
44
8530 -6383 8530 4485
2840 -5442
3752 -5442
3752 3889
8506 3889
8506 -7117
3178 -7117
3178 -9449
3752 -9449
3752 -7367
8506 -7367
8506 -9449
8567 -9449
8567 7783
8506 7783
8506 4037
3752 4037
3752 7783
-8841 7783
-8841 7539
-640 7539
-640 3889
2840 3889
2840 7539
3178 7539
3178 -5022
-5909 -5022
-5909 4037
-8841 4037
-8841 3889
-7227 3889
-7227 -5022
-8841 -5022
-8841 -5442
-640 -5442
-640 -7117
-8841 -7117
-8841 -9449
-5909 -9449
-5909 -9009
-8713 -9009
-8713 -7367
-640 -7367
-640 -9449
2840 -9449
44
7376 2180 7425 5496
4551 -5767
4551 -771
3760 -771
3760 -5767
98 -5767
98 3210
-6336 3210
-6336 -771
-8559 -771
-8559 6381
-9225 6381
-9225 -6466
-8559 -6466
-8559 -1623
-6336 -1623
-6336 -6466
8172 -6466
8172 -771
6647 -771
6647 1084
8172 1084
8172 3210
6647 3210
6647 4270
8172 4270
8172 4509
6647 4509
6647 5468
8172 5468
8172 6381
-6336 6381
-6336 5468
6025 5468
6025 4509
-6336 4509
-6336 4270
6025 4270
6025 3210
3760 3210
3760 1084
6025 1084
6025 -1623
7445 -1623
7445 -5767
48
-991 4550 9751 -3872
-4651 -5167
-4651 2068
-7238 2068
-7238 -8407
9913 -8407
9913 -5167
7534 -5167
7534 -3873
9913 -3873
9913 -3601
7534 -3601
7534 -190
9913 -190
9913 8073
8204 8073
8204 2068
5859 2068
5859 4080
7534 4080
7534 9290
9913 9290
9913 9966
6098 9966
6098 8073
5859 8073
5859 9966
2884 9966
2884 8073
1526 8073
1526 9966
-7238 9966
-7238 9290
891 9290
891 8073
-7238 8073
-7238 4080
2884 4080
2884 -190
6098 -190
6098 -5167
5859 -5167
5859 -3601
1526 -3601
1526 2068
891 2068
891 -3873
2884 -3873
2884 -5167
44
-9501 7511 7373 885
-6210 5525
-6210 -504
-9467 -504
-9467 7689
-9616 7689
-9616 -9974
-9467 -9974
-9467 -1707
-6210 -1707
-6210 -9974
6560 -9974
6560 -1707
6798 -1707
6798 -9974
7921 -9974
7921 -504
5652 -504
5652 -1714
-3163 -1714
-3163 -1707
1177 -1707
1177 -504
-3163 -504
-3163 882
6560 882
6560 5343
6798 5343
6798 882
7921 882
7921 5525
6560 5525
6560 6998
7921 6998
7921 7689
5652 7689
5652 930
-3163 930
-3163 5343
1177 5343
1177 7689
-6210 7689
-6210 6998
2 6998
2 5525
46
3562 -1912 -461 5560
-4428 -3109
-4428 -8191
585 -8191
585 2805
1321 2805
1321 -8191
8845 -8191
8845 2436
5017 2436
5017 -3109
4078 -3109
4078 2805
8845 2805
8845 5621
4078 5621
4078 7236
8845 7236
8845 9350
5017 9350
5017 7455
4078 7455
4078 9350
-4428 9350
-4428 8256
-1256 8256
-1256 7455
-4428 7455
-4428 7236
-3679 7236
-3679 2805
-2909 2805
-2909 7236
585 7236
585 8256
1321 8256
1321 5621
-1256 5621
-1256 -3109
-2909 -3109
-2909 2436
-4235 2436
-4235 5621
-4428 5621
-4428 -1556
-3679 -1556
-3679 -3109
48
2102 4490 -7083 3292
6580 2360
2515 2360
2515 3429
6580 3429
6580 5716
-4059 5716
-4059 3429
1973 3429
1973 2360
-4059 2360
-4059 573
1973 573
1973 -2577
-6527 -2577
-6527 5716
-8394 5716
-8394 573
-8135 573
-8135 3429
-7506 3429
-7506 -2577
-8394 -2577
-8394 -6255
-7506 -6255
-7506 -6349
-8394 -6349
-8394 -9873
-6527 -9873
-6527 -3762
-8135 -3762
-8135 -2905
-4059 -2905
-4059 -9873
798 -9873
798 -6255
1973 -6255
1973 -9873
6580 -9873
6580 -2577
3147 -2577
3147 -6349
2515 -6349
2515 -3762
798 -3762
798 -2905
2515 -2905
2515 573
6580 573
42
-4241 6172 -984 -5686
-950 -104
-2608 -104
-2608 8498
-9873 8498
-9873 7624
-4128 7624
-4128 6762
-9873 6762
-9873 5299
-4128 5299
-4128 -104
-8371 -104
-8371 -801
-4128 -801
-4128 -1113
-8371 -1113
-8371 -4506
-4128 -4506
-4128 -5439
-9367 -5439
-9367 -104
-9873 -104
-9873 -9776
7946 -9776
7946 -104
3352 -104
3352 -5439
-92 -5439
-92 -1113
-950 -1113
-950 -5439
-2608 -5439
-2608 -801
-92 -801
-92 5299
7946 5299
7946 6762
-92 6762
-92 7624
7946 7624
7946 8498
-950 8498
36
7812 2630 -2829 1204
20 -2623
20 -7463
-3421 -7463
-3421 -2623
-9076 -2623
-9076 -9528
-8545 -9528
-8545 -3310
-6270 -3310
-6270 -9528
2382 -9528
2382 -3310
7454 -3310
7454 -5146
2893 -5146
2893 -9528
8813 -9528
8813 -7463
5965 -7463
5965 -5399
8813 -5399
8813 8712
7454 8712
7454 3352
-3421 3352
-3421 4199
5965 4199
5965 8712
-9076 8712
-9076 4199
-6270 4199
-6270 3352
-9076 3352
-9076 881
7454 881
7454 -2623
38
4530 7430 7867 8018
-9273 8010
-9273 -2774
-3342 -2774
-3342 2972
-2392 2972
-2392 2275
-257 2275
-257 2035
-2392 2035
-2392 -2774
1294 -2774
1294 2972
3085 2972
3085 -2774
8778 -2774
8778 2035
5380 2035
5380 8049
7294 8049
7294 2275
8778 2275
8778 9716
3085 9716
3085 7301
1294 7301
1294 9716
-9273 9716
-9273 8049
-257 8049
-257 8010
-2392 8010
-2392 7662
-257 7662
-257 2868
-507 2868
-507 7301
-3342 7301
-3342 8010
38
6884 186 -3028 -4967
-3493 9808
-9485 9808
-9485 3636
-5953 3636
-5953 3542
-9485 3542
-9485 -612
-3010 -612
-3010 -3070
-9485 -3070
-9485 -7292
-1999 -7292
-1999 1632
-8837 1632
-8837 2397
-3493 2397
-3493 3636
-3010 3636
-3010 2397
-1999 2397
-1999 7819
6319 7819
6319 7646
-671 7646
-671 -612
809 -612
809 3636
6319 3636
6319 -3070
-671 -3070
-671 -7292
9308 -7292
9308 9808
-3010 9808
-3010 7646
-8837 7646
-8837 7819
-3493 7819
42
-310 -6047 6038 -8647
969 9525
-8874 9525
-8874 9734
-9707 9734
-9707 -6845
-8874 -6845
-8874 13
-1010 13
-1010 -7429
-9707 -7429
-9707 -9903
298 -9903
298 13
969 13
969 -9903
9843 -9903
9843 -7429
5619 -7429
5619 -6845
9843 -6845
9843 -4464
7831 -4464
7831 1285
7594 1285
7594 -4464
5619 -4464
5619 1285
-8874 1285
-8874 7140
9738 7140
9738 13
9843 13
9843 9734
9738 9734
9738 9525
5619 9525
5619 9528
7831 9528
7831 9734
-1010 9734
-1010 9528
969 9528
38
-5550 3863 -7413 -9214
-7412 6483
-7416 6483
-7416 -9911
-7412 -9911
-7412 -4205
-5781 -4205
-5781 -9911
-22 -9911
-22 -2102
-3027 -2102
-3027 -2017
2864 -2017
2864 -9911
6340 -9911
6340 -1061
-22 -1061
-22 1411
6340 1411
6340 8171
-4704 8171
-4704 1411
-3027 1411
-3027 6957
2864 6957
2864 6483
-2672 6483
-2672 -1061
-4704 -1061
-4704 -4205
-2672 -4205
-2672 -8842
-5495 -8842
-5495 8171
-7416 8171
-7416 6957
-5781 6957
-5781 -2102
-7412 -2102
48
-4717 -6557 -6602 880
1054 -4412
-4800 -4412
-4800 -2071
1054 -2071
1054 9302
1888 9302
1888 794
7119 794
7119 9302
7702 9302
7702 -1424
1888 -1424
1888 -2071
7702 -2071
7702 -4412
1888 -4412
1888 -7068
9223 -7068
9223 -6114
7119 -6114
7119 -4744
9223 -4744
9223 9642
-192 9642
-192 8495
-4800 8495
-4800 9642
-8523 9642
-8523 9302
-5963 9302
-5963 8495
-8523 8495
-8523 -2071
-7283 -2071
-7283 794
-192 794
-192 -1424
-5963 -1424
-5963 -6114
-7283 -6114
-7283 -4412
-8523 -4412
-8523 -7068
1054 -7068
1054 -6114
-4800 -6114
-4800 -4744
1054 -4744
44
-3516 -2355 6257 -2537
-246 6632
-246 4574
4335 4574
4335 4223
-246 4223
-246 -1954
-4052 -1954
-4052 -2769
-246 -2769
-246 -5204
-5480 -5204
-5480 -1954
-6107 -1954
-6107 -8827
4961 -8827
4961 -5204
2911 -5204
2911 -2769
6701 -2769
6701 -8827
8463 -8827
8463 -1954
2911 -1954
2911 -1610
8463 -1610
8463 8850
6701 8850
6701 4223
4961 4223
4961 8850
-6107 8850
-6107 8414
-4052 8414
-4052 6632
-6107 6632
-6107 -1610
-5480 -1610
-5480 4574
-4052 4574
-4052 -1610
-1956 -1610
-1956 8414
4335 8414
4335 6632
42
-2765 9381 1816 -4756
-1449 -722
1697 -722
1697 -8551
9824 -8551
9824 -4329
6700 -4329
6700 -8535
4960 -8535
4960 -130
-1449 -130
-1449 2920
6700 2920
6700 -722
9824 -722
9824 9738
6700 9738
6700 4891
4960 4891
4960 9738
-7875 9738
-7875 2920
-7491 2920
-7491 8770
1697 8770
1697 4891
-2531 4891
-2531 -4329
-2782 -4329
-2782 4891
-5766 4891
-5766 -4329
-7491 -4329
-7491 -130
-7875 -130
-7875 -8551
-7491 -8551
-7491 -5319
-2531 -5319
-2531 -8535
-5766 -8535
-5766 -8551
-1449 -8551
42
8046 8018 6621 6447
-9579 894
-5206 894
-5206 3692
158 3692
158 -6227
-3228 -6227
-3228 3383
-4696 3383
-4696 -9208
6568 -9208
6568 894
6689 894
6689 -9208
9219 -9208
9219 8161
6689 8161
6689 6538
6568 6538
6568 8161
158 8161
158 5551
6689 5551
6689 3383
6568 3383
6568 4395
-5206 4395
-5206 7866
-4696 7866
-4696 5551
-3228 5551
-3228 8161
-9611 8161
-9611 3692
-9579 3692
-9579 7866
-6924 7866
-6924 3383
-9611 3383
-9611 -9208
-5206 -9208
-5206 -6227
-9579 -6227
48
-2514 8785 7003 5397
-3890 1780
-8065 1780
-8065 2785
-8713 2785
-8713 1422
-4143 1422
-4143 -5054
-8713 -5054
-8713 -8382
-1826 -8382
-1826 1422
1428 1422
1428 -8382
1885 -8382
1885 1422
6124 1422
6124 -8382
8355 -8382
8355 2785
6124 2785
6124 1780
1885 1780
1885 7566
6124 7566
6124 3012
8355 3012
8355 9586
-4143 9586
-4143 4942
-8065 4942
-8065 9586
-8713 9586
-8713 3012
-3890 3012
-3890 7566
1428 7566
1428 4942
-2773 4942
-2773 2785
-4143 2785
-4143 1936
-1826 1936
-1826 3012
1428 3012
1428 1780
-2773 1780
-2773 -5054
-3890 -5054
40
1342 2244 1415 5365
8258 -6192
8258 -6532
1528 -6532
1528 -6713
9142 -6713
9142 -6532
8728 -6532
8728 -6192
9142 -6192
9142 4564
8258 4564
8258 3448
8819 3448
8819 -5470
-366 -5470
-366 3448
1077 3448
1077 -1113
8728 -1113
8728 488
6031 488
6031 4564
1528 4564
1528 488
1511 488
1511 6116
9142 6116
9142 6133
-3715 6133
-3715 6116
1077 6116
1077 4564
-3715 4564
-3715 -6192
1077 -6192
1077 -6532
-3715 -6532
-3715 -6713
1511 -6713
1511 -6192
44
7897 -1083 5948 4662
5875 -1516
6689 -1516
6689 -5204
8359 -5204
8359 -550
5875 -550
5875 1239
8359 1239
8359 8125
2242 8125
2242 7077
6689 7077
6689 4782
-6565 4782
-6565 2268
-9546 2268
-9546 7077
2071 7077
2071 8125
-9604 8125
-9604 1239
-6565 1239
-6565 -4067
-9546 -4067
-9546 -550
-9604 -550
-9604 -5204
1605 -5204
1605 4594
1673 4594
1673 1239
2071 1239
2071 4594
6689 4594
6689 2268
2242 2268
2242 -550
1673 -550
1673 -5204
2071 -5204
2071 -1516
2242 -1516
2242 -5204
5875 -5204
46
-3717 6321 6870 6623
-2347 -8696
8977 -8696
8977 6057
4986 6057
4986 6183
8977 6183
8977 9618
5564 9618
5564 6751
4986 6751
4986 9618
4413 9618
4413 6057
2318 6057
2318 9618
-2347 9618
-2347 6751
-4320 6751
-4320 9618
-8368 9618
-8368 7914
-4637 7914
-4637 6183
-2347 6183
-2347 3443
5564 3443
5564 -7190
2318 -7190
2318 -5204
4986 -5204
4986 -1459
-4320 -1459
-4320 6057
-4637 6057
-4637 -1459
-7439 -1459
-7439 6751
-8368 6751
-8368 -5204
-4637 -5204
-4637 -7190
-8368 -7190
-8368 -8696
-4320 -8696
-4320 -5204
-2347 -5204
40
-9040 6805 2396 -5348
-4767 -4945
-4767 3462
-3874 3462
-3874 -5346
-4985 -5346
-4985 -5487
4306 -5487
4306 -7212
-4985 -7212
-4985 -8948
5640 -8948
5640 3982
4306 3982
4306 -5346
-3026 -5346
-3026 -4945
2491 -4945
2491 1647
-3026 1647
-3026 3462
2491 3462
2491 7875
5640 7875
5640 7978
849 7978
849 3982
-3026 3982
-3026 7978
-3874 7978
-3874 3982
-4767 3982
-4767 7978
-4985 7978
-4985 1647
-8373 1647
-8373 7978
-9228 7978
-9228 -8948
-8373 -8948
-8373 -4945
56
-7044 -7787 3841 171
8567 288
8567 7881
1029 7881
1029 -2478
-3686 -2478
-3686 -3009
1029 -3009
1029 -3141
-3686 -3141
-3686 -4369
1029 -4369
1029 -6062
-3686 -6062
-3686 -7669
-6486 -7669
-6486 -6062
-7737 -6062
-7737 -4369
-6486 -4369
-6486 -3141
-7737 -3141
-7737 -3009
-6486 -3009
-6486 288
327 288
327 7881
-7248 7881
-7248 -2478
-7737 -2478
-7737 7881
-8610 7881
-8610 -7112
-7248 -7112
-7248 -7669
-8610 -7669
-8610 -7848
327 -7848
327 -7112
1029 -7112
1029 -7848
5842 -7848
5842 -7112
5901 -7112
5901 -7848
8567 -7848
8567 -6062
5842 -6062
5842 -4369
8567 -4369
8567 -3141
5842 -3141
5842 -3009
8567 -3009
8567 -2478
5842 -2478
5842 288
44
-9864 -6319 -5752 -1847
-5640 8047
-4957 8047
-4957 -527
8786 -527
8786 3192
2859 3192
2859 8047
8786 8047
8786 8245
-5640 8245
-5640 9368
8786 9368
8786 9975
-9085 9975
-9085 9368
-6109 9368
-6109 3192
-6209 3192
-6209 8245
-9085 8245
-9085 -527
-6109 -527
-6109 -1389
-9359 -1389
-9359 9975
-9977 9975
-9977 -7569
-6209 -7569
-6209 -5535
-9359 -5535
-9359 -2059
-6109 -2059
-6109 -7569
-5640 -7569
-5640 -2059
-4957 -2059
-4957 -7569
8786 -7569
8786 -1389
7845 -1389
7845 -5535
2859 -5535
2859 -1389
-5640 -1389
36
183 -2850 -1260 -5992
264 -8368
808 -8368
808 -8585
8198 -8585
8198 -636
-526 -636
-526 -206
8198 -206
8198 9227
-5590 9227
-5590 2245
808 2245
808 1287
-1208 1287
-1208 -5764
-1285 -5764
-1285 1287
-5590 1287
-5590 -636
-5818 -636
-5818 9227
-7175 9227
-7175 -5735
-5590 -5735
-5590 -5764
-7175 -5764
-7175 -8585
540 -8585
540 -8414
-5818 -8414
-5818 -8368
-526 -8368
-526 -5735
808 -5735
808 -5764
264 -5764
46
-5772 -1362 7350 -9834
4663 6093
4663 5867
-1459 5867
-1459 6684
-3262 6684
-3262 5867
-3540 5867
-3540 6684
-9708 6684
-9708 3609
-3262 3609
-3262 -1395
-3540 -1395
-3540 1117
-9708 1117
-9708 -7674
-3262 -7674
-3262 -9811
-9708 -9811
-9708 -9851
-1459 -9851
-1459 3609
3416 3609
3416 1117
-1150 1117
-1150 -9851
893 -9851
893 -7674
3416 -7674
3416 -9851
9934 -9851
9934 -9811
3631 -9811
3631 -7674
9934 -7674
9934 -1395
893 -1395
893 -463
9934 -463
9934 1117
3631 1117
3631 3609
9934 3609
9934 6684
-1150 6684
-1150 6093
50
9218 5694 617 -2682
-1227 -3037
1643 -3037
1643 -5916
3651 -5916
3651 -3037
8799 -3037
8799 -3788
5009 -3788
5009 -5916
9349 -5916
9349 -2343
8933 -2343
8933 -3788
8837 -3788
8837 -2343
3651 -2343
3651 303
5009 303
5009 -1280
8837 -1280
8837 303
8933 303
8933 -1280
9349 -1280
9349 7691
8933 7691
8933 1334
8799 1334
8799 -832
7363 -832
7363 5137
8837 5137
8837 7691
5009 7691
5009 1334
3651 1334
3651 7691
-4325 7691
-4325 5137
1643 5137
1643 1334
-4325 1334
-4325 -1280
-1227 -1280
-1227 303
1643 303
1643 -2343
-4325 -2343
-4325 -5916
-1227 -5916
48
1580 5799 -6694 -4685
5301 -4690
-135 -4690
-135 -9919
5707 -9919
5707 -9537
903 -9537
903 -5873
5707 -5873
5707 1922
-7904 1922
-7904 -4690
-8000 -4690
-8000 3209
903 3209
903 4586
5301 4586
5301 3209
5707 3209
5707 6830
-135 6830
-135 3861
-5184 3861
-5184 6830
-7904 6830
-7904 3861
-8000 3861
-8000 6830
-9258 6830
-9258 3861
-9357 3861
-9357 6830
-9633 6830
-9633 3209
-9258 3209
-9258 1922
-9633 1922
-9633 -5873
-9357 -5873
-9357 -3464
-9258 -3464
-9258 -5873
-7904 -5873
-7904 -9537
-9633 -9537
-9633 -9919
-5184 -9919
-5184 -3464
5301 -3464
44
-7353 6444 -2780 -6989
-6839 -6823
-6839 -5550
-4036 -5550
-4036 6250
-6839 6250
-6839 9531
-5964 9531
-5964 6557
-4036 6557
-4036 7007
-2184 7007
-2184 6557
-1435 6557
-1435 9546
-2184 9546
-2184 9372
-4036 9372
-4036 9546
-9002 9546
-9002 -8224
8820 -8224
8820 -6823
992 -6823
992 -5550
8820 -5550
8820 6250
992 6250
992 6557
8820 6557
8820 6647
992 6647
992 7007
8820 7007
8820 9546
8578 9546
8578 9372
992 9372
992 9546
-779 9546
-779 6250
-2184 6250
-2184 -5550
-779 -5550
-779 -6823
40
-3836 2842 -9345 -8944
3355 -7346
1796 -7346
1796 -3405
50 -3405
50 -9157
6499 -9157
6499 1530
-765 1530
-765 5975
50 5975
50 2787
6499 2787
6499 6650
3355 6650
3355 3270
1796 3270
1796 6650
-2907 6650
-2907 3270
-4363 3270
-4363 6650
-5872 6650
-5872 2787
-2907 2787
-2907 1530
-8320 1530
-8320 6650
-9365 6650
-9365 -9157
-765 -9157
-765 -3405
-2907 -3405
-2907 -7346
-8320 -7346
-8320 -6717
-4363 -6717
-4363 -3405
-8320 -3405
-8320 -2705
3355 -2705
44
-7124 -254 -2687 4960
4172 -2487
-6980 -2487
-6980 305
4172 305
4172 3289
7600 3289
7600 -2852
9757 -2852
9757 4979
-600 4979
-600 3076
-2147 3076
-2147 4979
-3252 4979
-3252 3076
-4763 3076
-4763 4979
-6685 4979
-6685 3076
-6980 3076
-6980 4979
-7535 4979
-7535 -2852
-3252 -2852
-3252 -7821
-4763 -7821
-4763 -2927
-6685 -2927
-6685 -7821
-6980 -7821
-6980 -2927
-7535 -2927
-7535 -8657
-2147 -8657
-2147 -2852
-600 -2852
-600 -6606
7600 -6606
7600 -7821
-600 -7821
-600 -8657
9757 -8657
9757 -2927
4172 -2927
38
-834 4340 -4281 4459
-6216 4583
-6216 -1147
-7857 -1147
-7857 -9918
-6970 -9918
-6970 -1643
-6132 -1643
-6132 4583
-5747 4583
-5747 -9528
-6132 -9528
-6132 -6741
-6216 -6741
-6216 -9918
-1505 -9918
-1505 -1643
595 -1643
595 -9528
125 -9528
125 -6741
-1457 -6741
-1457 -9918
6080 -9918
6080 7009
-1457 7009
-1457 4583
595 4583
595 4436
-1457 4436
-1457 3207
595 3207
595 -1147
-1505 -1147
-1505 7009
-7857 7009
-7857 3207
-6970 3207
-6970 4583
44
-2639 -5950 -2639 2035
6413 4209
825 4209
825 9271
-826 9271
-826 4209
-5468 4209
-5468 8652
-2620 8652
-2620 9271
-9022 9271
-9022 -5984
825 -5984
825 -5950
-2620 -5950
-2620 -5659
6413 -5659
6413 -5984
9288 -5984
9288 -5950
6770 -5950
6770 -5659
9288 -5659
9288 4209
8110 4209
8110 -3935
825 -3935
825 -2530
6770 -2530
6770 -928
-826 -928
-826 -3935
-2646 -3935
-2646 -5950
-5468 -5950
-5468 -2530
-2620 -2530
-2620 -928
-5468 -928
-5468 1037
6770 1037
6770 8652
9288 8652
9288 9271
6413 9271
46
3156 -242 -8481 8833
1105 9282
7929 9282
7929 9577
-6703 9577
-6703 9282
801 9282
801 9233
-6703 9233
-6703 7745
801 7745
801 5670
-7777 5670
-7777 9577
-9084 9577
-9084 1350
-6703 1350
-6703 -543
-9084 -543
-9084 -9126
-7777 -9126
-7777 -2720
-6703 -2720
-6703 -9126
9972 -9126
9972 -543
9143 -543
9143 -3034
1105 -3034
1105 -543
801 -543
801 -3034
-2176 -3034
-2176 1350
1356 1350
1356 -2720
7929 -2720
7929 1350
9972 1350
9972 5670
1105 5670
1105 7745
9972 7745
9972 9577
9143 9577
9143 9233
1105 9233
50
-4597 917 -400 8286
-7200 179
-5543 179
-5543 2943
-4602 2943
-4602 -2567
-7200 -2567
-7200 -3243
-4602 -3243
-4602 -4403
-7200 -4403
-7200 -5032
-4301 -5032
-4301 -3243
-2458 -3243
-2458 -5032
4192 -5032
4192 179
7279 179
7279 -2567
5977 -2567
5977 -3243
7279 -3243
7279 -4403
5977 -4403
5977 -5032
8165 -5032
8165 2184
6275 2184
6275 6270
7279 6270
7279 2943
8165 2943
8165 8926
5977 8926
5977 2184
-2458 2184
-2458 -2567
-4301 -2567
-4301 2943
4192 2943
4192 8926
-2458 8926
-2458 5728
-4301 5728
-4301 8926
-4602 8926
-4602 5728
-5543 5728
-5543 8926
-7200 8926
46
7042 -8645 -1746 5100
879 -5055
879 -8918
-7992 -8918
-7992 -9372
6390 -9372
6390 -8918
1002 -8918
1002 -5055
6863 -5055
6863 -9372
8262 -9372
8262 8407
1802 8407
1802 1201
6863 1201
6863 25
6390 25
6390 434
1802 434
1802 -2478
6863 -2478
6863 -3544
1002 -3544
1002 25
879 25
879 -3544
99 -3544
99 46
1002 46
1002 8407
-9059 8407
-9059 46
-8499 46
-8499 1201
879 1201
879 434
-7992 434
-7992 25
-9059 25
-9059 -2478
-7992 -2478
-7992 -3544
-9059 -3544
-9059 -9372
-8499 -9372
-8499 -5055
40
6665 -4485 9217 -2257
8966 1799
9513 1799
9513 3970
7998 3970
7998 4688
9513 4688
9513 8544
7755 8544
7755 3970
6987 3970
6987 8544
6606 8544
6606 2677
-2790 2677
-2790 8544
-6693 8544
-6693 -5180
-2790 -5180
-2790 -1933
-6240 -1933
-6240 -619
6606 -619
6606 -5180
9513 -5180
9513 -1933
6987 -1933
6987 -619
9513 -619
9513 1742
-6240 1742
-6240 4688
-4003 4688
-4003 1799
6987 1799
6987 3684
7755 3684
7755 1799
7998 1799
7998 3684
8966 3684
38
5165 -4184 8333 6313
8425 -7552
-7599 -7552
-7599 -4278
8425 -4278
8425 -353
5570 -353
5570 -4168
270 -4168
270 1703
2196 1703
2196 -1574
5045 -1574
5045 3871
5570 3871
5570 1703
8425 1703
8425 8847
2196 8847
2196 2481
270 2481
270 8847
-475 8847
-475 2481
-2448 2481
-2448 8847
-9136 8847
-9136 3871
-3826 3871
-3826 -1574
-2448 -1574
-2448 1703
-475 1703
-475 -4168
-7599 -4168
-7599 2481
-9136 2481
-9136 -8688
8425 -8688
34
8228 5571 5021 4154
-1291 -9996
-1291 -148
-3273 -148
-3273 -20
777 -20
777 -9996
8287 -9996
8287 9970
-5398 9970
-5398 6997
8200 6997
8200 -5258
7467 -5258
7467 5734
-2177 5734
-2177 5275
777 5275
777 623
-3273 623
-3273 5734
-8683 5734
-8683 9970
-9559 9970
-9559 5275
-5398 5275
-5398 -5258
-8683 -5258
-8683 623
-9559 623
-9559 -9996
-3273 -9996
-3273 -4122
-2177 -4122
-2177 -9996
38
-783 8822 2273 3687
541 -3424
541 -2183
2335 -2183
2335 8351
541 8351
541 8780
2239 8780
2239 8369
2335 8369
2335 8780
7090 8780
7090 -3196
2239 -3196
2239 -3424
9467 -3424
9467 9261
-1842 9261
-1842 8369
-1462 8369
-1462 8780
-1 8780
-1 8351
-1842 8351
-1842 3268
-5642 3268
-5642 9261
-6558 9261
-6558 -3424
-1462 -3424
-1462 -3196
-5642 -3196
-5642 -2183
-1462 -2183
-1462 3710
2239 3710
2239 3268
-1 3268
-1 -3424
38
4904 6411 -7144 -3434
1885 -6771
-4165 -6771
-4165 -5198
-172 -5198
-172 -4893
-4422 -4893
-4422 -6771
-9885 -6771
-9885 -7729
5854 -7729
5854 -6771
5561 -6771
5561 -5198
5854 -5198
5854 -4893
5561 -4893
5561 3411
5755 3411
5755 -3794
5854 -3794
5854 7390
-9885 7390
-9885 3411
-1568 3411
-1568 -3310
-172 -3310
-172 3411
1885 3411
1885 -3626
-6997 -3626
-6997 -3310
-4165 -3310
-4165 1237
-9885 1237
-9885 -5198
-6997 -5198
-6997 -3794
1885 -3794
34
2682 8908 3327 9227
6582 9629
3977 9629
3977 2104
893 2104
893 455
-1332 455
-1332 2104
-3086 2104
-3086 455
-4033 455
-4033 8119
3665 8119
3665 9629
-4789 9629
-4789 9267
893 9267
893 8843
-4789 8843
-4789 -7445
8843 -7445
8843 -5555
-4033 -5555
-4033 -1801
6582 -1801
6582 455
3665 455
3665 1367
8509 1367
8509 -1801
8843 -1801
8843 9629
8509 9629
8509 2104
6582 2104
38
2243 -1149 4103 -9189
5130 8859
-8801 8859
-8801 -1034
3071 -1034
3071 -1469
2877 -1469
2877 -1093
2228 -1093
2228 -1469
1519 -1469
1519 -1093
-5245 -1093
-5245 -1469
-6523 -1469
-6523 -1093
-8801 -1093
-8801 -2084
-5245 -2084
-5245 -5078
-8801 -5078
-8801 -5449
135 -5449
135 -9067
-8801 -9067
-8801 -9203
5130 -9203
5130 -9067
1519 -9067
1519 -5078
-1394 -5078
-1394 -1166
135 -1166
135 -2084
3071 -2084
3071 -5078
2228 -5078
2228 -5449
5130 -5449
44
8060 3852 -7210 -4631
9954 975
7730 975
7730 1303
9954 1303
9954 4754
6380 4754
6380 -3220
7998 -3220
7998 -5012
4078 -5012
4078 5494
9954 5494
9954 8281
9268 8281
9268 7037
8120 7037
8120 8281
6380 8281
6380 7183
7998 7183
7998 7037
4078 7037
4078 8281
-7922 8281
-7922 7183
-1738 7183
-1738 4754
-5445 4754
-5445 7037
-7922 7037
-7922 1303
-1738 1303
-1738 975
-7922 975
-7922 -9850
-5445 -9850
-5445 -3220
-1738 -3220
-1738 -9850
9954 -9850
9954 -5012
8120 -5012
8120 -3220
9954 -3220
38
4862 638 -8534 -8511
4481 324
3878 324
3878 111
5855 111
5855 4918
8528 4918
8528 708
9717 708
9717 8903
-8642 8903
-8642 4918
3878 4918
3878 3873
-8642 3873
-8642 -8545
-8468 -8545
-8468 -3534
-2186 -3534
-2186 -8545
9717 -8545
9717 324
8528 324
8528 -8201
5855 -8201
5855 -1759
3878 -1759
3878 -3534
4481 -3534
4481 -8201
-895 -8201
-895 324
-2186 324
-2186 -1759
-8468 -1759
-8468 708
3990 708
3990 4918
4481 4918
46
-7580 -2534 -3153 -2822
3627 9640
-1181 9640
-1181 6494
2885 6494
2885 5863
-3028 5863
-3028 9640
-3569 9640
-3569 5863
-6441 5863
-6441 9640
-8291 9640
-8291 -22
-6441 -22
-6441 5205
-3569 5205
-3569 -1305
-8291 -1305
-8291 -4076
-1181 -4076
-1181 -8089
-8291 -8089
-8291 -8307
9796 -8307
9796 3745
3771 3745
3771 -1305
3627 -1305
3627 3745
2885 3745
2885 -4076
3771 -4076
3771 -8089
1646 -8089
1646 -1305
-3028 -1305
-3028 -22
1646 -22
1646 3745
-3028 3745
-3028 5205
9796 5205
9796 9640
3771 9640
3771 5863
3627 5863
34
-1898 3081 -2828 3588
-8049 3725
-3537 3725
-3537 2324
-8049 2324
-8049 -3023
-2680 -3023
-2680 -4954
-8049 -4954
-8049 -8065
-3537 -8065
-3537 -9117
1781 -9117
1781 -8065
2138 -8065
2138 -7838
2159 -7838
2159 -9117
7874 -9117
7874 -7838
3836 -7838
3836 -4954
1781 -4954
1781 -977
1457 -977
1457 2324
-262 2324
-262 -977
-1637 -977
-1637 3725
1457 3725
1457 6999
-262 6999
-262 8236
-8049 8236
32
7101 6304 5450 6919
7495 -3929
8378 -3929
8378 7911
7495 7911
7495 6916
6642 6916
6642 7911
2781 7911
2781 6916
-707 6916
-707 7911
-1759 7911
-1759 4764
-5872 4764
-5872 -3929
-1759 -3929
-1759 -4276
2397 -4276
2397 -4416
3693 -4416
3693 -5262
4978 -5262
4978 -7365
3693 -7365
3693 -9852
8378 -9852
8378 -7365
7495 -7365
7495 -5262
8378 -5262
8378 -4416
7495 -4416
32
-3651 -4186 1868 -4693
-8511 -4351
-8511 -4521
-9770 -4521
-9770 -9371
2909 -9371
2909 -4860
7296 -4860
7296 -4521
9606 -4521
9606 -3287
7296 -3287
7296 1715
9606 1715
9606 4747
4888 4747
4888 4297
2909 4297
2909 4747
2066 4747
2066 4297
1366 4297
1366 4747
-1220 4747
-1220 4297
-8511 4297
-8511 4747
-9770 4747
-9770 -3287
-4850 -3287
-4850 -4150
-9770 -4150
-9770 -4351
38
2880 -2954 1152 4747
4233 5044
4233 5207
6139 5207
6139 5896
5631 5896
5631 6722
4233 6722
4233 7416
3656 7416
3656 5207
3190 5207
3190 5896
540 5896
540 6722
-4869 6722
-4869 7416
-9362 7416
-9362 6722
-9070 6722
-9070 5896
-9362 5896
-9362 -1198
-9070 -1198
-9070 -3023
-9362 -3023
-9362 -3347
-8091 -3347
-8091 -6776
1407 -6776
1407 -3347
3190 -3347
3190 -1198
4233 -1198
4233 2656
3656 2656
3656 4515
3190 4515
3190 5044
38
-9597 5343 4663 -439
306 -8642
306 -8678
6000 -8678
6000 -8642
8150 -8642
8150 -8678
8658 -8678
8658 5117
8150 5117
8150 5442
8658 5442
8658 9848
6000 9848
6000 198
4591 198
4591 1478
3706 1478
3706 5442
306 5442
306 5117
-8094 5117
-8094 5442
-5623 5442
-5623 9848
-8428 9848
-8428 5442
-9293 5442
-9293 9848
-9894 9848
-9894 198
-9293 198
-9293 -2491
-9894 -2491
-9894 -8642
-9293 -8642
-9293 -8678
-5623 -8678
-5623 -8642
14
2 2 14 12
0 0
16 0
16 8
12 8
12 10
18 10
18 14
10 14
10 6
8 6
8 16
6 16
6 4
0 4
12
1 1 17 2
0 0
9 0
9 3
10 3
10 1
19 1
19 5
16 5
16 19
2 19
2 4
0 4
86
-6 4 -3 4
6 -2
7 -2
7 -3
6 -3
6 -6
5 -6
5 -5
2 -5
2 -6
1 -6
1 -5
-2 -5
-2 -6
-3 -6
-3 -5
-6 -5
-6 -4
-5 -4
-5 -1
-6 -1
-6 0
-5 0
-5 5
-7 5
-7 2
-6 2
-6 1
-7 1
-7 -2
-6 -2
-6 -3
-7 -3
-7 -7
-5 -7
-5 -6
-4 -6
-4 -7
-1 -7
-1 -6
0 -6
0 -7
3 -7
3 -6
4 -6
4 -7
7 -7
7 -6
8 -6
8 -5
7 -5
7 -4
8 -4
8 -1
7 -1
7 0
8 0
8 3
7 3
7 4
6 4
6 5
3 5
3 4
2 4
2 5
-1 5
-1 4
-2 4
-2 7
-8 7
-8 6
-4 6
-4 3
0 3
0 4
1 4
1 3
4 3
4 4
5 4
5 3
6 3
6 2
7 2
7 1
6 1
100
99 -99 -99 99
-100 -100
-82 -100
-82 99
-81 99
-81 -100
-70 -100
-70 99
-69 99
-69 -100
-52 -100
-52 99
-51 99
-51 -100
-37 -100
-37 99
-36 99
-36 -100
-23 -100
-23 99
-22 99
-22 -100
-5 -100
-5 99
-4 99
-4 -100
13 -100
13 99
14 99
14 -100
27 -100
27 99
28 99
28 -100
46 -100
46 99
47 99
47 -100
62 -100
62 99
63 99
63 -100
76 -100
76 99
77 99
77 -100
93 -100
93 99
94 99
94 -100
100 -100
100 100
87 100
87 -99
86 -99
86 100
65 100
65 -99
64 -99
64 100
49 100
49 -99
48 -99
48 100
39 100
39 -99
38 -99
38 100
23 100
23 -99
22 -99
22 100
1 100
1 -99
0 -99
0 100
-11 100
-11 -99
-12 -99
-12 100
-27 100
-27 -99
-28 -99
-28 100
-46 100
-46 -99
-47 -99
-47 100
-59 100
-59 -99
-60 -99
-60 100
-74 100
-74 -99
-75 -99
-75 100
-95 100
-95 -99
-96 -99
-96 100
-100 100
100
9999 -9999 -9999 9999
10000 -10000
10000 -8995
-9999 -8995
-9999 -8994
10000 -8994
10000 -7247
-9999 -7247
-9999 -7246
10000 -7246
10000 -5709
-9999 -5709
-9999 -5708
10000 -5708
10000 -4569
-9999 -4569
-9999 -4568
10000 -4568
10000 -3026
-9999 -3026
-9999 -3025
10000 -3025
10000 -1476
-9999 -1476
-9999 -1475
10000 -1475
10000 489
-9999 489
-9999 490
10000 490
10000 2315
-9999 2315
-9999 2316
10000 2316
10000 3787
-9999 3787
-9999 3788
10000 3788
10000 4910
-9999 4910
-9999 4911
10000 4911
10000 7034
-9999 7034
-9999 7035
10000 7035
10000 8567
-9999 8567
-9999 8568
10000 8568
10000 10000
-10000 10000
-10000 9037
9999 9037
9999 9036
-10000 9036
-10000 7342
9999 7342
9999 7341
-10000 7341
-10000 6308
9999 6308
9999 6307
-10000 6307
-10000 4033
9999 4033
9999 4032
-10000 4032
-10000 2800
9999 2800
9999 2799
-10000 2799
-10000 810
9999 810
9999 809
-10000 809
-10000 -197
9999 -197
9999 -198
-10000 -198
-10000 -1929
9999 -1929
9999 -1930
-10000 -1930
-10000 -3544
9999 -3544
9999 -3545
-10000 -3545
-10000 -5706
9999 -5706
9999 -5707
-10000 -5707
-10000 -6590
9999 -6590
9999 -6591
-10000 -6591
-10000 -8594
9999 -8594
9999 -8595
-10000 -8595
-10000 -10000
38
-9584 -7501 -432 -7501
-7920 -9167
-7920 -4169
-9168 -4169
-9168 -4
-10000 -4
-10000 -10000
-9168 -10000
-9168 -5002
-8336 -5002
-8336 -10000
-16 -10000
-16 -6668
-1680 -6668
-1680 -5002
-16 -5002
-16 -4169
-2096 -4169
-2096 -7501
-848 -7501
-848 -9167
-2928 -9167
-2928 -8334
-3344 -8334
-3344 -9167
-4176 -9167
-4176 -4169
-5840 -4169
-5840 -5002
-4592 -5002
-4592 -9167
-5424 -9167
-5424 -5835
-5840 -5835
-5840 -9167
-6672 -9167
-6672 -8334
-7088 -8334
-7088 -9167
38
-9167 -9375 -1670 -5625
-9167 -5000
-9167 -7500
-10000 -7500
-10000 -10000
-8334 -10000
-8334 -7500
-7501 -7500
-7501 -6250
-4169 -6250
-4169 -5000
-6668 -5000
-6668 -2500
-5835 -2500
-5835 -1250
-4169 -1250
-4169 -2500
-3336 -2500
-3336 -6250
-2503 -6250
-2503 -7500
-1670 -7500
-1670 -10000
-4 -10000
-4 -7500
-837 -7500
-837 -5000
-1670 -5000
-1670 -2500
-2503 -2500
-2503 -625
-3336 -625
-3336 0
-6668 0
-6668 -625
-7501 -625
-7501 -2500
-8334 -2500
-8334 -5000
34
-1670 -4120 -9167 -9412
-1670 -592
-1670 -4
-10000 -4
-10000 -10000
-7501 -10000
-7501 -592
-3336 -592
-3336 -1180
-2503 -1180
-2503 -4120
-3336 -4120
-3336 -4708
-6668 -4708
-6668 -5296
-3336 -5296
-3336 -5884
-2503 -5884
-2503 -8824
-3336 -8824
-3336 -9412
-6668 -9412
-6668 -10000
-1670 -10000
-1670 -9412
-837 -9412
-837 -8824
-4 -8824
-4 -5884
-837 -5884
-837 -4120
-4 -4120
-4 -1180
-837 -1180
-837 -592
38
-9231 -5338 -1541 -9334
-8462 -1342
-8462 -2008
-9231 -2008
-9231 -2674
-10000 -2674
-10000 -6004
-9231 -6004
-9231 -7336
-8462 -7336
-8462 -8668
-7693 -8668
-7693 -9334
-6924 -9334
-6924 -10000
-3 -10000
-3 -8668
-2310 -8668
-2310 -9334
-6155 -9334
-6155 -8002
-7693 -8002
-7693 -2674
-6924 -2674
-6924 -1342
-6155 -1342
-6155 -676
-1541 -676
-1541 -1342
-772 -1342
-772 -2008
-3 -2008
-3 -676
-772 -676
-772 -10
-6924 -10
-6924 -676
-7693 -676
-7693 -1342
22
-3848 -9286 -9231 -8572
-3079 -7858
-3079 -8572
-6924 -8572
-6924 -10000
-2310 -10000
-2310 -9286
-772 -9286
-772 -7858
-3 -7858
-3 -2146
-772 -2146
-772 -718
-3079 -718
-3079 -4
-10000 -4
-10000 -10000
-7693 -10000
-7693 -1432
-3079 -1432
-3079 -2146
-2310 -2146
-2310 -7858
20
-718 -8335 -718 -1120
-10000 -10
-10000 -10000
-4 -10000
-4 -7780
-1432 -7780
-1432 -8890
-7858 -8890
-7858 -5560
-5002 -5560
-5002 -6115
-3574 -6115
-3574 -3895
-5002 -3895
-5002 -4450
-7858 -4450
-7858 -1120
-1432 -1120
-1432 -1675
-4 -1675
-4 -10
32
-9412 -9474 -1180 -1584
-7060 -10000
-7060 -8948
-7648 -8948
-7648 -6844
-7060 -6844
-7060 -5266
-4708 -5266
-4708 -5792
-3532 -5792
-3532 -4740
-2944 -4740
-2944 -3688
-4120 -3688
-4120 -4214
-7060 -4214
-7060 -1584
-6472 -1584
-6472 -1058
-1768 -1058
-1768 -2110
-592 -2110
-592 -1058
-4 -1058
-4 -6
-8236 -6
-8236 -1584
-8824 -1584
-8824 -5792
-9412 -5792
-9412 -8948
-10000 -8948
-10000 -10000
38
-1432 -8572 -9286 -5002
-2146 -7144
-2146 -8572
-2860 -8572
-2860 -9286
-7144 -9286
-7144 -8572
-7858 -8572
-7858 -7144
-8572 -7144
-8572 -2146
-7858 -2146
-7858 -1432
-7144 -1432
-7144 -718
-2860 -718
-2860 -1432
-1432 -1432
-1432 -718
-2146 -718
-2146 -4
-7858 -4
-7858 -718
-9286 -718
-9286 -2860
-10000 -2860
-10000 -7144
-9286 -7144
-9286 -9286
-7858 -9286
-7858 -10000
-1432 -10000
-1432 -9286
-718 -9286
-718 -7144
-4 -7144
-4 -6430
-2860 -6430
-2860 -7144
12
-772 -9412 -9231 -592
-8462 -4708
-8462 -4
-10000 -4
-10000 -10000
-8462 -10000
-8462 -5296
-1541 -5296
-1541 -10000
-3 -10000
-3 -4
-1541 -4
-1541 -4708
12
-5716 -2500 -5716 -7500
-4 -10000
-4 -9375
-2860 -9375
-2860 -625
-4 -625
-4 0
-10000 0
-10000 -625
-7144 -625
-7144 -9375
-10000 -9375
-10000 -10000
24
-3079 -1250 -9231 -8125
-3 -625
-3 0
-5386 0
-5386 -625
-3848 -625
-3848 -8750
-4617 -8750
-4617 -9375
-6924 -9375
-6924 -8750
-7693 -8750
-7693 -8125
-8462 -8125
-8462 -7500
-10000 -7500
-10000 -8750
-9231 -8750
-9231 -9375
-8462 -9375
-8462 -10000
-2310 -10000
-2310 -9375
-1541 -9375
-1541 -625
38
-8750 -9000 -1250 -1000
-4375 -4000
-4375 -3000
-3750 -3000
-3750 -2500
-2500 -2500
-2500 -1500
-625 -1500
-625 0
-3125 0
-3125 -1000
-4375 -1000
-4375 -2000
-5625 -2000
-5625 -3000
-6875 -3000
-6875 -4000
-8125 -4000
-8125 0
-10000 0
-10000 -10000
-8125 -10000
-8125 -5000
-6250 -5000
-6250 -4500
-5000 -4500
-5000 -6500
-3750 -6500
-3750 -8500
-2500 -8500
-2500 -10000
0 -10000
0 -8500
-1250 -8500
-1250 -6500
-2500 -6500
-2500 -4500
-3750 -4500
-3750 -4000
6
-9375 -5000 -6250 -9500
0 -10000
0 -9000
-8125 -9000
-8125 0
-10000 0
-10000 -10000
36
-9445 -8668 -565 -8668
-9445 -3340
-9445 -6670
-10000 -6670
-10000 -10000
-7780 -10000
-7780 -3340
-6670 -3340
-6670 -5338
-5560 -5338
-5560 -6004
-4450 -6004
-4450 -5338
-3340 -5338
-3340 -3340
-2230 -3340
-2230 -10000
-10 -10000
-10 -6670
-565 -6670
-565 -3340
-1120 -3340
-1120 -10
-2785 -10
-2785 -1342
-3340 -1342
-3340 -2674
-4450 -2674
-4450 -4006
-5560 -4006
-5560 -2674
-6670 -2674
-6670 -1342
-7225 -1342
-7225 -10
-8890 -10
-8890 -3340
38
-9334 -9286 -676 -718
-2008 -8572
-2008 -7858
-2674 -7858
-2674 -6430
-4006 -6430
-4006 -5002
-4672 -5002
-4672 -4288
-5338 -4288
-5338 -3574
-6004 -3574
-6004 -2146
-6670 -2146
-6670 -718
-8002 -718
-8002 -4
-10000 -4
-10000 -10000
-8668 -10000
-8668 -1432
-8002 -1432
-8002 -2146
-7336 -2146
-7336 -3574
-6670 -3574
-6670 -5002
-5338 -5002
-5338 -6430
-4672 -6430
-4672 -7858
-4006 -7858
-4006 -9286
-2674 -9286
-2674 -10000
-10 -10000
-10 -4
-1342 -4
-1342 -8572
36
-1000 -2728 -4000 -910
-8000 -1
-8000 -910
-9000 -910
-9000 -1819
-10000 -1819
-10000 -8182
-9000 -8182
-9000 -9091
-8000 -9091
-8000 -10000
-3000 -10000
-3000 -9091
-2000 -9091
-2000 -8182
0 -8182
0 -1819
-2000 -1819
-2000 -7273
-3000 -7273
-3000 -8182
-4000 -8182
-4000 -9091
-7000 -9091
-7000 -8182
-8000 -8182
-8000 -7273
-9000 -7273
-9000 -2728
-8000 -2728
-8000 -1819
-7000 -1819
-7000 -910
-5000 -910
-5000 -1819
-3000 -1819
-3000 -1
32
-7501 -9334 -5835 -5338
-6668 -10000
-6668 -8668
-7501 -8668
-7501 -676
-4169 -676
-4169 -1342
-3336 -1342
-3336 -2008
-2503 -2008
-2503 -3340
-3336 -3340
-3336 -4006
-4169 -4006
-4169 -4672
-6668 -4672
-6668 -6004
-3336 -6004
-3336 -4672
-1670 -4672
-1670 -4006
-837 -4006
-837 -3340
-4 -3340
-4 -2008
-837 -2008
-837 -1342
-1670 -1342
-1670 -676
-3336 -676
-3336 -10
-10000 -10
-10000 -10000
38
-772 -9375 -7693 -8125
-4617 -6875
-4617 -8125
-3848 -8125
-3848 -8750
-2310 -8750
-2310 -10000
-3 -10000
-3 -8750
-1541 -8750
-1541 -7500
-772 -7500
-772 -6875
-3 -6875
-3 -1250
-772 -1250
-772 -625
-3079 -625
-3079 0
-7693 0
-7693 -625
-9231 -625
-9231 -1250
-10000 -1250
-10000 -7500
-9231 -7500
-9231 -8750
-5386 -8750
-5386 -8125
-6924 -8125
-6924 -7500
-7693 -7500
-7693 -1250
-6924 -1250
-6924 -625
-3848 -625
-3848 -1250
-2310 -1250
-2310 -6875
38
-8334 -8668 -837 -9334
-7501 -10000
-7501 -676
-3336 -676
-3336 -1342
-2503 -1342
-2503 -3340
-3336 -3340
-3336 -4006
-6668 -4006
-6668 -5338
-5835 -5338
-5835 -7336
-4169 -7336
-4169 -8668
-2503 -8668
-2503 -10000
-4 -10000
-4 -8668
-1670 -8668
-1670 -7336
-2503 -7336
-2503 -6004
-4169 -6004
-4169 -5338
-5002 -5338
-5002 -4672
-2503 -4672
-2503 -4006
-837 -4006
-837 -3340
-4 -3340
-4 -1342
-837 -1342
-837 -676
-2503 -676
-2503 -10
-10000 -10
-10000 -10000
36
-1432 -1250 -9286 -8750
-2146 -5000
-2146 -4375
-6430 -4375
-6430 -3750
-7144 -3750
-7144 -1875
-6430 -1875
-6430 -1250
-2146 -1250
-2146 -1875
-4 -1875
-4 0
-6430 0
-6430 -625
-8572 -625
-8572 -1250
-9286 -1250
-9286 -5000
-7858 -5000
-7858 -5625
-3574 -5625
-3574 -6250
-2860 -6250
-2860 -8125
-3574 -8125
-3574 -8750
-7858 -8750
-7858 -8125
-10000 -8125
-10000 -10000
-3574 -10000
-3574 -9375
-1432 -9375
-1432 -8750
-718 -8750
-718 -5000
8
-9000 -772 -5000 -9231
-10000 -3
-10000 -1541
-6000 -1541
-6000 -10000
-4000 -10000
-4000 -1541
0 -1541
0 -3
28
-9375 -676 -625 -676
-6875 -8668
-6875 -8002
-7500 -8002
-7500 -10
-10000 -10
-10000 -8002
-9375 -8002
-9375 -8668
-8750 -8668
-8750 -9334
-7500 -9334
-7500 -10000
-2500 -10000
-2500 -9334
-1250 -9334
-1250 -8668
-625 -8668
-625 -8002
0 -8002
0 -10
-2500 -10
-2500 -8002
-3125 -8002
-3125 -8668
-3750 -8668
-3750 -9334
-6250 -9334
-6250 -8668
38
-9375 -676 -625 -676
-6250 -6004
-6250 -4006
-6875 -4006
-6875 -2008
-7500 -2008
-7500 -10
-10000 -10
-10000 -2008
-9375 -2008
-9375 -4006
-8750 -4006
-8750 -6004
-8125 -6004
-8125 -7336
-7500 -7336
-7500 -8002
-6875 -8002
-6875 -10000
-3125 -10000
-3125 -8002
-1875 -8002
-1875 -6004
-1250 -6004
-1250 -4006
-625 -4006
-625 -2008
0 -2008
0 -10
-2500 -10
-2500 -2008
-3125 -2008
-3125 -4006
-3750 -4006
-3750 -6004
-4375 -6004
-4375 -8002
-5625 -8002
-5625 -6004
36
-9286 -1000 -718 -1000
-7144 -7000
-7144 -6000
-7858 -6000
-7858 -3000
-8572 -3000
-8572 0
-10000 0
-10000 -3000
-9286 -3000
-9286 -6000
-8572 -6000
-8572 -10000
-6430 -10000
-6430 -9000
-5716 -9000
-5716 -8000
-4288 -8000
-4288 -9000
-3574 -9000
-3574 -10000
-1432 -10000
-1432 -6000
-718 -6000
-718 -3000
-4 -3000
-4 0
-1432 0
-1432 -3000
-2146 -3000
-2146 -6000
-2860 -6000
-2860 -7000
-4288 -7000
-4288 -1000
-5716 -1000
-5716 -7000
36
-7858 -9375 -718 -625
-10000 -8125
-10000 -10000
-7144 -10000
-7144 -8125
-6430 -8125
-6430 -6250
-3574 -6250
-3574 -8125
-2860 -8125
-2860 -10000
-4 -10000
-4 -8125
-1432 -8125
-1432 -5625
-3574 -5625
-3574 -4375
-1432 -4375
-1432 -1875
-4 -1875
-4 0
-2860 0
-2860 -1875
-3574 -1875
-3574 -3125
-6430 -3125
-6430 -1875
-7144 -1875
-7144 0
-10000 0
-10000 -1875
-8572 -1875
-8572 -4375
-6430 -4375
-6430 -5625
-8572 -5625
-8572 -8125
28
-9286 -676 -718 -676
-6430 -4672
-6430 -10000
-3574 -10000
-3574 -4672
-2146 -4672
-2146 -4006
-1432 -4006
-1432 -2008
-718 -2008
-718 -1342
-4 -1342
-4 -10
-2860 -10
-2860 -2008
-3574 -2008
-3574 -3340
-6430 -3340
-6430 -2008
-7144 -2008
-7144 -10
-10000 -10
-10000 -1342
-9286 -1342
-9286 -2008
-8572 -2008
-8572 -4006
-7858 -4006
-7858 -4672
36
-9167 -837 -837 -9167
-10000 -7501
-10000 -10000
-4 -10000
-4 -8334
-1670 -8334
-1670 -9167
-6668 -9167
-6668 -7501
-5835 -7501
-5835 -6668
-5002 -6668
-5002 -5835
-4169 -5835
-4169 -4169
-3336 -4169
-3336 -3336
-2503 -3336
-2503 -2503
-4 -2503
-4 -4
-10000 -4
-10000 -1670
-8334 -1670
-8334 -837
-3336 -837
-3336 -2503
-4169 -2503
-4169 -3336
-5002 -3336
-5002 -4169
-5835 -4169
-5835 -5835
-6668 -5835
-6668 -6668
-7501 -6668
-7501 -7501
36
-9474 -1112 -532 -1112
-6 -10000
-6 -1
-1058 -1
-1058 -8889
-1584 -8889
-1584 -1
-2110 -1
-2110 -8889
-2636 -8889
-2636 -1
-3162 -1
-3162 -8889
-3688 -8889
-3688 -1
-4214 -1
-4214 -8889
-4740 -8889
-4740 -1
-5266 -1
-5266 -8889
-5792 -8889
-5792 -1
-6318 -1
-6318 -8889
-6844 -8889
-6844 -1
-7370 -1
-7370 -8889
-7896 -8889
-7896 -1
-8422 -1
-8422 -8889
-8948 -8889
-8948 -1
-10000 -1
-10000 -10000
38
-500 -1819 -9000 -9091
-8500 -10000
-8500 -4546
-8000 -4546
-8000 -9091
-7500 -9091
-7500 -4546
-7000 -4546
-7000 -8182
-6500 -8182
-6500 -3637
-6000 -3637
-6000 -7273
-5500 -7273
-5500 -3637
-5000 -3637
-5000 -6364
-4500 -6364
-4500 -2728
-4000 -2728
-4000 -5455
-3500 -5455
-3500 -2728
-3000 -2728
-3000 -4546
-2500 -4546
-2500 -1819
-2000 -1819
-2000 -3637
-1500 -3637
-1500 -1819
-1000 -1819
-1000 -2728
0 -2728
0 -1
-10000 -1
-10000 -5455
-9500 -5455
-9500 -10000
40
9517 -4408 1730 6434
-3905 -666
-6152 -666
-6152 -6421
9902 -6421
9902 -3582
5421 -3582
5421 -666
2032 -666
2032 -3582
-5854 -3582
-5854 -1077
1370 -1077
1370 4010
5421 4010
5421 4439
1370 4439
1370 6129
6024 6129
6024 -1077
9902 -1077
9902 -666
8329 -666
8329 7157
9267 7157
9267 4010
9902 4010
9902 9020
2032 9020
2032 7157
6024 7157
6024 6537
1370 6537
1370 9020
-3905 9020
-3905 4439
-5854 4439
-5854 9020
-6152 9020
-6152 4010
-3905 4010
8
5 5 15 25
0 0
20 0
20 10
10 10
10 20
20 20
20 30
0 30
8
5 5 25 15
30 0
30 20
20 20
20 10
10 10
10 20
0 20
0 0
38
-8948 -565 -532 -8335
-3688 -1120
-3688 -1675
-5266 -1675
-5266 -3340
-6318 -3340
-6318 -4450
-7370 -4450
-7370 -5560
-8422 -5560
-8422 -6670
-9474 -6670
-9474 -7780
-10000 -7780
-10000 -9445
-9474 -9445
-9474 -10000
-6 -10000
-6 -7780
-1058 -7780
-1058 -8890
-8948 -8890
-8948 -7780
-8422 -7780
-8422 -7225
-7370 -7225
-7370 -6115
-6318 -6115
-6318 -5005
-5266 -5005
-5266 -3895
-4214 -3895
-4214 -2785
-3162 -2785
-3162 -1675
-2636 -1675
-2636 -10
-9474 -10
-9474 -1120
0
