95
2 7
3 6
2 6
1 7
3 7
4 6
1 8
3 8
1 13
3 13
1 14
2 13
4 13
1 15
2 15
3 15
2 34
3 33
2 33
2 35
4 33
1 35
2 36
3 35
1 39
2 40
1 38
1 40
2 39
2 41
3 40
1 41
1 42
2 43
3 42
2 42
3 43
3 41
4 42
3 44
1 45
1 44
1 46
2 45
1 47
2 47
2 48
3 47
2 50
3 49
2 49
3 48
4 48
5 48
5 47
5 49
3 1
3 2
4 1
5 1
6 1
7 1
7 2
8 2
3 22
3 21
4 22
4 23
5 22
4 24
5 23
6 22
5 26
5 25
4 26
6 26
6 25
6 27
6 24
7 25
5 29
4 29
5 30
6 29
6 30
7 29
7 30
8 29
7 6
7 5
6 6
7 7
8 6
8 5
9 5
10 5
6 14
7 13
6 13
7 14
7 15
8 15
8 16
9 16
6 40
6 39
6 41
7 40
8 40
9 40
9 39
9 38
6 47
7 46
6 46
6 48
6 49
6 50
7 49
7 50
8 22
8 21
7 22
9 22
8 20
9 23
9 24
8 24
9 27
9 26
8 27
9 28
10 27
9 29
11 27
10 29
8 37
9 36
8 36
9 35
10 36
10 35
10 37
11 36
8 48
9 47
8 47
8 49
9 46
9 49
10 46
9 50
10 14
9 14
10 15
10 16
11 15
10 17
11 16
9 17
9 33
10 32
9 32
10 31
10 30
11 30
11 29
12 30
10 49
11 48
10 48
11 49
11 47
12 48
12 49
12 47
11 10
12 9
11 9
11 11
12 10
12 8
11 12
12 11
12 23
12 22
11 23
13 23
12 21
13 22
13 24
14 22
12 34
12 33
11 34
12 35
12 32
12 36
13 35
12 31
12 13
13 12
12 12
12 14
13 13
13 11
14 12
13 14
13 16
12 16
13 17
14 17
14 18
15 17
14 19
15 18
12 28
13 27
12 27
12 29
13 28
13 26
14 27
13 29
14 3
14 2
13 3
14 4
15 3
15 2
16 2
16 1
13 41
14 40
13 40
14 41
15 40
14 42
15 41
15 39
13 48
14 47
13 47
13 49
15 47
13 50
14 49
15 46
14 26
14 25
15 26
15 27
16 26
16 25
16 24
17 25
16 5
15 5
16 6
17 5
16 7
18 5
15 7
16 8
15 15
15 14
15 16
16 15
16 16
17 15
16 17
17 16
16 38
16 37
17 38
18 38
19 38
19 37
20 38
19 36
18 12
17 12
18 13
19 13
19 14
20 13
19 15
18 15
18 23
17 23
19 23
19 22
19 24
20 23
19 21
21 23
18 27
17 27
18 28
19 27
18 29
19 26
17 29
18 30
18 8
19 7
18 7
19 8
19 6
19 9
20 8
19 10
18 41
19 40
18 40
19 41
19 42
20 42
20 43
20 44
20 10
20 9
20 11
21 10
22 10
22 9
23 10
22 8
21 21
21 20
20 21
22 21
22 20
23 21
23 22
24 22
22 2
21 2
22 3
23 2
23 3
23 1
23 4
24 3
21 7
21 6
21 8
22 7
23 7
23 6
23 8
23 5
21 15
22 14
21 14
21 16
23 14
22 16
23 13
22 17
21 49
22 48
21 48
21 50
22 49
22 47
23 48
23 49
22 39
23 38
22 38
22 40
23 39
23 37
22 41
23 40
23 17
23 16
24 17
25 17
25 16
26 16
26 15
26 14
24 36
23 36
24 37
25 36
25 35
25 34
25 33
26 33
23 43
24 42
23 42
24 43
25 42
25 43
26 42
26 43
25 9
24 9
25 10
25 11
26 10
27 10
27 9
27 8
25 5
25 4
26 5
26 6
27 5
26 7
27 4
28 5
26 20
25 20
26 21
26 22
27 21
27 22
28 21
28 20
25 25
26 24
25 24
25 26
26 26
26 27
27 26
27 25
26 31
26 30
25 31
27 31
26 29
28 31
29 31
29 30
27 1
26 1
27 2
28 1
29 1
29 2
30 1
29 3
28 38
28 37
27 38
29 37
30 37
30 36
30 35
31 36
28 46
27 46
28 47
29 46
28 48
29 47
29 45
27 48
28 7
29 6
28 6
29 7
30 6
30 7
30 5
31 7
29 41
29 40
28 41
29 42
30 40
29 43
30 42
30 39
30 9
29 9
30 10
31 9
30 11
31 10
32 9
32 10
31 30
30 30
31 31
32 30
32 29
32 28
33 29
32 27
31 47
31 46
30 47
31 48
31 49
31 50
32 49
30 50
32 13
31 13
32 14
32 15
33 14
31 15
32 16
34 14
32 40
31 40
32 41
33 40
33 41
34 40
33 42
34 39
33 2
33 1
32 2
33 3
34 1
33 4
35 1
33 5
33 20
33 19
32 20
33 21
33 22
32 22
33 23
34 23
34 16
33 16
35 16
35 15
35 17
35 14
36 15
35 18
34 33
35 32
34 32
35 33
35 31
36 32
35 34
36 33
35 42
35 41
34 42
35 43
36 42
35 40
35 44
36 43
35 11
36 10
35 10
35 12
36 9
37 10
37 9
37 11
35 23
36 22
35 22
35 24
36 23
36 21
37 22
36 24
36 6
36 5
37 6
37 7
38 6
37 8
38 7
38 8
38 14
37 14
39 14
39 15
40 14
40 15
40 13
41 14
38 48
38 47
37 48
38 49
39 48
38 50
40 48
37 50
38 25
39 24
38 24
40 24
40 23
40 25
41 24
41 23
39 32
39 31
38 32
39 33
40 31
40 33
40 30
41 31
40 21
40 20
39 21
41 21
40 19
41 20
41 22
40 18
40 7
41 6
40 6
41 7
41 8
42 7
43 7
43 8
41 27
42 26
41 26
41 28
42 25
41 29
42 28
42 24
42 1
42 3
43 2
41 1
42 2
43 3
44 2
45 2
43 40
43 39
42 40
43 41
43 38
44 41
44 38
45 38
42 46
43 45
42 45
42 47
43 46
44 45
42 48
44 46
43 11
43 10
43 12
44 11
45 11
45 10
45 12
46 11
44 25
44 24
43 25
44 26
45 25
44 27
46 25
43 27
44 7
45 6
44 6
45 5
45 4
46 5
45 3
46 4
44 18
44 17
44 19
45 18
46 18
46 19
46 20
47 19
44 32
44 31
44 33
45 32
45 33
46 32
46 33
46 34
45 40
46 39
45 39
46 38
47 38
47 37
48 38
47 36
45 47
45 46
45 48
45 49
46 48
46 49
47 48
46 50
47 3
47 2
46 3
47 4
48 3
47 5
48 4
47 6
46 10
46 9
47 10
48 10
48 9
48 11
48 8
49 9
47 26
46 26
47 27
48 26
49 26
49 25
49 27
50 25
47 34
47 33
47 35
48 34
49 34
50 34
50 33
50 32
48 47
48 46
47 47
48 48
49 47
49 46
48 49
50 47
