126
2 19
2 18
2 17
2 16
2 15
3 15
4 15
4 14
2 39
2 40
1 40
1 41
1 42
2 42
2 43
3 43
2 48
3 48
3 49
3 50
2 50
1 50
1 49
1 1
3 33
4 33
5 33
5 32
6 32
6 31
6 30
5 30
4 4
3 4
2 4
2 3
2 2
3 2
3 1
4 1
4 23
4 22
3 22
3 21
2 21
1 21
1 22
1 23
4 33
4 34
4 35
3 35
2 35
1 35
1 36
1 37
5 7
4 7
3 7
3 6
2 6
2 5
1 5
1 1
6 4
6 3
5 3
4 3
4 2
1 1
1 2
1 3
6 37
5 37
4 37
3 37
3 36
2 36
1 1
2 1
6 40
6 41
6 42
7 42
7 43
8 43
8 44
9 44
6 49
5 49
5 48
5 47
6 47
6 46
7 46
7 45
7 7
7 6
8 6
8 5
9 5
10 5
10 6
11 6
7 35
6 35
6 34
6 33
1 1
1 1
1 1
1 1
8 36
9 36
9 35
10 35
10 34
11 34
12 34
12 33
9 16
9 17
9 18
10 18
10 19
11 19
12 19
12 18
9 27
8 27
8 26
7 26
7 25
6 25
6 24
6 23
9 36
10 36
11 36
12 36
12 35
13 35
13 34
14 34
10 5
10 4
10 3
10 2
11 2
11 1
12 1
13 1
10 8
9 8
8 8
1 1
1 1
1 1
1 1
1 1
10 25
11 25
11 26
11 27
10 27
10 28
9 28
9 29
11 9
11 10
11 11
12 11
13 11
13 10
14 10
14 9
11 23
12 23
12 22
12 21
11 21
10 21
9 21
8 21
11 36
11 37
10 37
1 1
1 1
1 1
1 1
1 1
12 14
13 14
13 13
13 12
14 12
14 11
15 11
15 10
12 22
13 22
13 23
13 24
13 25
13 26
13 27
13 28
13 6
14 6
14 5
14 4
14 3
14 2
15 2
16 2
14 9
14 8
15 8
16 8
16 7
16 6
16 5
15 5
14 17
13 17
13 16
12 16
11 16
11 15
10 15
10 14
14 42
15 42
15 41
15 40
15 39
16 39
16 38
16 37
14 43
13 43
12 43
12 44
1 1
1 1
1 1
1 1
15 16
15 15
16 15
17 15
17 16
17 17
17 18
17 19
15 26
14 26
14 25
14 24
15 24
15 23
15 22
14 22
15 40
14 40
13 40
13 41
12 41
11 41
11 40
11 39
15 42
16 42
16 43
16 44
15 44
15 45
15 46
15 47
15 48
16 48
16 47
16 46
17 46
17 45
18 45
18 44
16 5
17 5
18 5
18 6
18 7
19 7
19 8
19 9
16 8
16 9
16 10
17 10
17 11
17 12
18 12
18 13
17 10
17 9
17 8
18 8
1 1
1 1
1 1
1 1
17 16
16 16
16 17
15 17
15 18
14 18
14 19
13 19
17 46
17 47
17 48
17 49
17 50
18 50
19 50
20 50
18 23
17 23
17 22
16 22
16 21
16 20
16 19
15 19
18 40
19 40
19 41
19 42
20 42
20 43
20 44
21 44
18 44
17 44
17 43
17 42
17 41
18 41
1 1
1 1
19 15
19 14
19 13
20 13
21 13
21 12
21 11
20 11
20 4
21 4
1 1
1 1
1 1
1 1
1 1
1 1
20 11
20 10
19 10
18 10
18 9
1 1
1 1
1 1
20 13
1 1
1 1
1 1
1 1
1 1
1 1
1 1
21 4
1 1
1 1
1 1
1 1
1 1
1 1
1 1
21 7
21 6
22 6
23 6
23 7
23 8
22 8
22 9
22 3
22 2
23 2
23 1
24 1
25 1
26 1
27 1
22 33
21 33
21 32
21 31
21 30
21 29
20 29
20 28
22 41
22 40
22 39
22 38
23 38
23 37
23 36
24 36
22 46
22 47
22 48
22 49
21 49
21 50
1 1
1 1
23 13
23 14
22 14
21 14
21 15
21 16
22 16
23 16
23 19
23 20
23 21
23 22
24 22
25 22
26 22
27 22
23 22
23 23
22 23
22 24
21 24
21 25
20 25
20 26
23 37
24 37
25 37
25 38
25 39
25 40
26 40
27 40
23 43
23 42
24 42
25 42
26 42
26 43
27 43
27 44
26 7
26 8
27 8
27 9
27 10
26 10
25 10
25 9
26 27
26 26
27 26
27 25
28 25
28 24
29 24
30 24
26 42
27 42
27 41
28 41
29 41
29 42
30 42
31 42
27 10
28 10
28 9
29 9
30 9
31 9
31 10
32 10
27 21
28 21
28 20
28 19
29 19
30 19
30 20
30 21
27 40
28 40
29 40
30 40
31 40
32 40
32 41
33 41
28 20
27 20
26 20
25 20
25 21
24 21
1 1
1 1
28 48
27 48
27 47
27 46
28 46
29 46
29 45
30 45
30 11
30 10
1 1
1 1
1 1
1 1
1 1
1 1
30 22
30 23
31 23
32 23
32 22
33 22
33 21
33 20
31 10
1 1
1 1
1 1
1 1
1 1
1 1
1 1
31 47
31 46
31 45
32 45
33 45
33 44
33 43
33 42
32 2
33 2
33 1
34 1
35 1
36 1
37 1
38 1
32 15
31 15
31 14
31 13
32 13
1 1
1 1
1 1
32 41
32 42
32 43
32 44
31 44
30 44
29 44
28 44
33 28
33 29
34 29
34 30
34 31
35 31
35 32
35 33
33 29
32 29
32 30
31 30
31 31
31 32
30 32
29 32
34 7
33 7
32 7
31 7
30 7
30 6
30 5
31 5
34 9
33 9
32 9
32 8
1 1
1 1
1 1
1 1
34 16
35 16
35 17
35 18
36 18
36 19
37 19
38 19
34 29
35 29
35 30
36 30
36 31
36 32
36 33
36 34
35 17
34 17
34 18
33 18
33 19
32 19
32 20
31 20
35 22
35 23
34 23
33 23
33 24
33 25
34 25
34 26
35 27
35 26
36 26
37 26
37 27
37 28
37 29
38 29
35 31
1 1
1 1
1 1
1 1
1 1
1 1
1 1
35 32
34 32
34 33
34 34
33 34
32 34
32 33
31 33
35 33
35 34
35 35
35 36
36 36
37 36
38 36
38 35
35 42
36 42
36 43
36 44
35 44
34 44
34 43
1 1
36 13
35 13
35 12
35 11
35 10
36 10
37 10
37 9
36 33
37 33
37 32
38 32
39 32
39 33
40 33
40 34
36 43
35 43
1 1
1 1
1 1
1 1
1 1
1 1
37 8
37 7
38 7
38 6
38 5
38 4
37 4
36 4
37 14
38 14
39 14
39 15
40 15
40 16
41 16
41 17
37 22
37 21
36 21
35 21
34 21
34 22
1 1
1 1
38 7
38 8
39 8
39 9
40 9
41 9
42 9
42 8
38 49
38 48
38 47
38 46
39 46
39 45
39 44
40 44
39 24
38 24
38 25
38 26
38 27
38 28
39 28
39 29
39 32
39 31
40 31
40 30
41 30
41 29
41 28
42 28
40 15
41 15
41 14
41 13
42 13
43 13
44 13
45 13
40 38
41 38
42 38
43 38
43 39
43 40
42 40
41 40
40 47
40 46
40 45
41 45
42 45
43 45
43 46
44 46
41 17
40 17
40 18
40 19
40 20
41 20
41 21
41 22
41 28
41 27
41 26
42 26
42 25
42 24
41 24
41 23
41 34
41 33
42 33
42 32
42 31
41 31
1 1
1 1
42 9
42 10
43 10
43 11
44 11
45 11
45 12
46 12
42 13
42 14
43 14
43 15
43 16
42 16
42 17
42 18
42 28
43 28
44 28
44 27
44 26
44 25
45 25
46 25
42 40
42 41
42 42
41 42
41 43
40 43
39 43
38 43
43 2
43 3
42 3
42 4
41 4
40 4
40 3
40 2
43 10
44 10
45 10
46 10
46 9
46 8
46 7
47 7
44 28
45 28
46 28
46 29
47 29
48 29
49 29
49 30
44 31
44 32
44 33
45 33
46 33
46 32
1 1
1 1
44 43
45 43
46 43
46 44
47 44
47 45
47 46
48 46
45 11
46 11
47 11
48 11
48 10
48 9
49 9
49 8
45 12
44 12
43 12
42 12
41 12
41 11
40 11
40 10
46 9
45 9
45 8
44 8
43 8
43 7
42 7
41 7
46 25
46 26
47 26
47 27
48 27
49 27
49 26
49 25
46 33
46 34
47 34
47 35
47 36
48 36
48 37
48 38
47 19
46 19
46 18
45 18
44 18
44 17
43 17
1 1
47 36
47 37
47 38
46 38
46 39
45 39
45 40
45 41
48 7
49 7
49 6
50 6
1 1
1 1
1 1
1 1
48 11
49 11
49 12
50 12
50 13
50 14
49 14
1 1
48 36
49 36
50 36
50 37
50 38
50 39
49 39
48 39
48 47
48 48
48 49
48 50
49 50
50 50
50 49
50 48
49 7
50 7
50 8
50 9
50 10
49 10
1 1
1 1
49 27
1 1
1 1
1 1
1 1
1 1
1 1
1 1
49 32
48 32
48 31
47 31
47 30
46 30
1 1
1 1
