91
0 2
0 1
0 0
3 1
3 3
2 2
2 1
4 1
4 0
5 3
8 0
1 2
7 2
11 0
11 1
6 2
14 1
14 0
14 3
16 2
16 1
18 1
18 0
22 0
23 0
25 1
25 0
27 1
27 0
10 3
30 3
24 1
31 3
33 2
33 3
12 2
28 1
28 0
37 0
37 2
20 2
34 2
36 2
43 2
43 3
45 2
39 1
29 3
44 2
44 1
35 0
51 0
46 2
52 0
50 2
54 3
53 2
56 0
57 1
57 2
60 1
60 2
58 0
42 2
62 2
62 1
62 3
67 3
67 2
68 0
68 2
63 0
72 0
69 2
65 2
73 3
73 1
76 3
70 0
71 2
74 2
79 3
82 0
83 0
75 2
85 2
84 0
86 3
86 2
89 3
77
0 2
0 0
0 3
2 0
2 3
5 3
5 0
3 3
3 2
9 3
9 2
1 2
11 3
11 2
4 0
14 3
14 2
14 1
15 3
15 0
20 0
20 3
18 2
17 3
17 2
22 0
25 1
25 2
27 2
29 2
30 3
30 2
21 1
21 0
33 0
34 0
31 2
32 2
35 0
39 0
40 0
40 1
41 1
43 1
43 0
38 1
38 2
46 2
44 0
48 2
49 1
51 1
52 1
50 2
53 2
54 1
55 2
56 2
58 1
59 1
57 1
60 1
61 2
63 1
64 2
62 1
65 2
66 1
66 0
68 1
68 0
71 0
71 1
72 0
72 1
75 0
171
0 2
1 3
2 0
2 2
4 2
5 1
6 2
7 1
8 0
9 0
10 0
11 0
12 0
13 3
14 0
15 0
16 0
17 0
10 3
8 1
20 2
21 2
22 2
23 2
24 2
25 2
26 1
27 2
28 2
29 1
30 1
31 2
32 3
33 2
34 3
35 2
36 2
37 1
38 0
39 1
40 2
41 2
42 1
43 2
44 3
45 3
46 0
44 1
43 0
49 0
50 0
51 3
51 0
53 0
54 0
55 0
56 0
57 0
58 0
59 3
60 2
61 3
62 0
63 0
64 1
65 1
66 0
67 0
68 3
69 0
70 1
71 0
72 0
73 0
74 0
75 0
76 0
77 0
78 3
79 0
80 3
81 3
81 2
83 2
84 2
85 2
86 1
87 0
88 0
87 2
90 3
91 2
92 2
93 2
94 2
95 2
96 1
93 1
98 0
80 1
100 1
62 2
102 2
103 1
104 2
105 3
104 0
35 0
7 3
109 2
110 2
111 1
112 0
111 3
114 2
115 2
116 1
117 0
117 2
119 3
120 2
121 3
122 3
123 2
124 2
125 2
126 2
127 2
128 2
129 2
130 2
131 1
132 1
133 0
134 0
135 0
136 0
137 0
138 0
139 3
140 2
141 2
142 2
143 2
144 2
140 0
146 1
147 1
148 0
148 2
131 3
151 3
123 0
153 0
154 0
155 0
156 0
157 0
158 0
159 0
160 0
161 0
162 0
163 0
164 0
165 0
166 0
167 3
168 3
167 1
54
0 2
1 2
2 2
3 1
4 0
5 0
6 0
7 0
8 3
9 0
10 1
11 0
12 0
13 3
14 2
14 0
16 0
17 1
18 0
19 0
20 0
21 3
22 2
23 2
22 3
25 3
21 1
18 2
4 2
29 3
30 2
31 2
32 1
33 2
34 3
35 2
36 2
37 2
38 2
39 2
40 2
41 2
42 1
43 0
44 0
45 0
46 0
47 0
48 0
43 1
42 3
51 3
33 0
77
0 2
0 0
0 3
2 0
2 3
5 3
5 0
3 3
3 2
9 3
9 2
1 2
11 3
11 2
4 0
14 3
14 2
14 1
15 3
15 0
20 0
20 3
18 2
17 3
17 2
22 0
25 1
25 2
27 2
29 2
30 3
30 2
21 1
21 0
33 0
34 0
31 2
32 2
35 0
39 0
40 0
40 1
41 1
43 1
43 0
38 1
38 2
46 2
44 0
48 2
49 1
51 1
52 1
50 2
53 2
54 1
55 2
56 2
58 1
59 1
57 1
60 1
61 2
63 1
64 2
62 1
65 2
66 1
66 0
68 1
68 0
71 0
71 1
72 0
72 1
75 0
86
0 2
1 3
2 2
3 2
4 1
5 2
6 3
7 2
8 1
9 2
10 1
11 1
12 1
13 1
14 1
15 0
16 1
17 2
17 1
19 0
20 3
21 0
22 1
23 0
24 0
25 1
26 2
25 0
28 0
29 0
30 3
31 2
32 2
33 2
34 2
31 0
36 3
37 2
37 3
39 0
40 3
41 3
42 3
43 3
44 0
45 3
46 0
47 0
48 1
49 2
49 0
51 0
52 0
53 0
54 3
55 2
56 2
57 2
55 0
59 1
60 0
61 3
62 0
63 1
64 0
65 3
66 0
67 0
68 3
69 3
68 1
71 1
71 2
46 2
74 2
75 2
76 2
77 2
77 1
79 0
80 0
10 3
82 3
83 3
5 0
77
0 1
1 2
2 2
3 3
4 0
3 2
6 1
7 2
8 2
9 2
10 1
11 2
12 1
13 1
14 1
15 1
16 1
17 0
18 3
18 1
20 0
21 0
22 3
23 2
20 2
8 3
1 0
27 0
28 0
29 0
30 0
31 3
32 2
33 3
34 2
35 1
36 2
37 3
37 2
34 0
40 0
41 1
42 1
43 0
44 0
45 0
46 0
47 0
48 0
49 1
50 2
50 0
52 0
53 1
54 0
55 3
55 1
57 0
58 1
59 1
60 1
61 2
62 2
63 1
64 2
65 1
66 2
67 2
58 3
52 3
48 3
71 2
72 2
73 2
74 2
75 3
91
0 2
0 1
0 0
3 1
3 3
2 2
2 1
4 1
4 0
5 3
8 0
1 2
7 2
11 0
11 1
6 2
14 1
14 0
14 3
16 2
16 1
18 1
18 0
22 0
23 0
25 1
25 0
27 1
27 0
10 3
30 3
24 1
31 3
33 2
33 3
12 2
28 1
28 0
37 0
37 2
20 2
34 2
36 2
43 2
43 3
45 2
39 1
29 3
44 2
44 1
35 0
51 0
46 2
52 0
50 2
54 3
53 2
56 0
57 1
57 2
60 1
60 2
58 0
42 2
62 2
62 1
62 3
67 3
67 2
68 0
68 2
63 0
72 0
69 2
65 2
73 3
73 1
76 3
70 0
71 2
74 2
79 3
82 0
83 0
75 2
85 2
84 0
86 3
86 2
89 3
77
0 3
1 3
2 3
3 2
4 3
5 3
6 2
7 2
8 2
9 3
10 2
11 2
12 2
13 3
14 2
15 1
16 2
17 3
18 3
19 2
20 1
21 1
22 2
23 3
24 3
25 2
26 2
27 2
28 1
29 2
30 2
31 2
32 2
33 1
34 0
35 0
36 0
37 0
38 0
39 0
40 3
41 2
34 2
43 2
44 1
45 2
46 2
47 1
48 2
49 1
50 1
51 1
52 1
53 0
54 1
55 1
56 0
57 0
58 3
59 2
56 2
61 3
45 0
14 0
64 0
11 1
10 0
7 1
5 0
0 2
70 2
71 1
72 2
73 1
74 2
75 2
171
0 1
1 1
2 2
2 1
3 2
5 2
6 2
7 2
8 2
9 2
10 2
11 2
12 2
13 2
14 2
15 2
16 2
17 2
18 2
18 1
20 2
20 1
19 2
21 1
21 2
25 1
25 2
27 1
27 3
27 2
28 2
22 1
22 0
31 2
34 3
34 2
32 2
32 0
29 2
26 1
35 3
35 2
41 2
33 0
42 2
36 2
43 2
38 0
44 0
46 2
45 2
49 1
49 0
53 1
51 3
54 0
54 1
56 1
56 0
55 3
59 0
59 1
62 1
62 0
61 0
63 1
63 0
66 2
68 2
65 0
65 1
71 0
71 1
69 2
74 2
73 0
75 2
60 3
77 2
79 1
76 0
72 0
81 0
70 0
82 0
80 1
80 2
86 2
86 1
86 0
89 2
89 1
89 0
92 2
92 0
85 0
93 0
87 2
90 0
91 2
98 2
98 1
96 0
97 1
97 0
104 0
100 2
100 1
101 1
101 2
99 0
111 0
103 0
112 1
112 0
114 0
114 1
117 0
118 0
115 0
116 0
113 0
121 0
107 2
107 1
124 1
124 3
124 2
119 0
123 0
123 3
128 3
128 2
128 1
110 2
133 2
133 1
133 3
135 2
138 2
131 0
137 2
141 0
136 2
140 2
129 0
146 0
142 2
143 1
143 0
148 1
147 0
152 0
152 3
154 0
150 0
155 0
157 1
157 0
157 3
158 0
159 0
159 3
163 0
164 0
165 3
165 1
161 0
167 1
169 1
54
0 0
0 3
0 2
3 2
3 3
5 2
1 0
1 3
7 0
7 3
4 2
10 0
12 0
6 2
9 0
15 0
16 0
16 3
11 2
18 0
17 0
20 0
21 0
22 0
19 2
19 3
23 1
25 2
25 3
24 3
29 2
28 2
30 3
32 3
32 2
34 2
36 2
35 2
37 2
38 2
39 2
40 2
42 2
43 3
43 2
44 2
45 2
47 2
47 3
49 2
48 1
50 3
52 3
107
0 3
1 3
0 1
3 1
4 0
5 0
6 3
7 2
8 3
9 0
10 0
11 1
12 1
13 1
14 0
15 0
16 3
17 3
18 3
19 0
20 0
21 0
22 0
23 0
24 0
25 0
26 0
27 0
28 0
29 0
30 0
31 0
32 0
33 0
34 0
35 0
36 0
37 3
38 3
37 1
19 2
41 1
42 1
17 0
44 1
45 1
46 0
47 3
48 3
48 0
50 0
51 1
52 2
53 1
54 0
55 0
56 0
57 3
58 2
59 3
58 0
61 1
62 0
63 1
64 2
64 0
66 0
67 1
68 1
69 0
70 0
71 0
72 0
73 0
74 3
75 2
76 2
77 3
78 2
79 2
80 1
81 0
75 0
83 1
84 0
85 0
69 2
87 2
88 2
89 2
90 2
91 2
92 2
93 2
94 2
95 2
96 2
97 2
98 2
99 2
100 2
101 3
101 1
67 3
104 2
63 3
92
0 0
1 3
2 0
3 0
4 1
5 2
5 0
7 0
8 3
9 3
10 2
11 1
11 2
13 2
14 2
15 2
16 2
17 2
18 2
19 2
20 2
21 2
22 2
23 2
24 2
25 2
26 1
27 2
28 3
29 2
30 2
31 2
32 2
33 3
34 3
35 3
36 3
37 0
38 3
39 2
39 0
41 0
42 1
43 2
33 1
45 1
46 0
47 0
48 3
49 0
50 1
51 0
52 0
53 0
54 0
55 3
56 2
56 0
58 1
59 0
60 3
61 0
62 1
63 0
64 0
65 0
66 0
67 3
68 2
69 2
70 2
68 0
49 2
46 1
74 1
75 1
76 1
77 0
78 0
79 0
10 0
81 1
82 0
83 0
84 3
85 3
85 2
84 1
88 2
89 2
88 1
87
0 1
1 2
2 3
3 2
4 1
5 2
6 3
7 2
8 2
9 2
10 1
11 1
12 1
13 1
14 1
15 1
16 2
17 3
17 2
16 0
20 0
11 0
22 0
11 2
24 3
25 2
26 2
27 2
28 2
29 1
30 0
31 0
32 0
30 2
34 3
35 2
36 1
37 2
38 3
39 2
40 1
41 2
42 3
43 3
44 3
42 1
46 1
47 1
48 1
49 1
50 1
51 1
52 1
53 0
54 3
54 0
56 0
1 0
58 3
59 0
60 1
61 0
62 0
63 0
64 0
65 0
66 1
67 1
68 1
69 1
70 1
71 1
72 1
73 2
74 1
75 2
76 2
77 2
75 0
66 3
80 3
81 3
80 2
83 2
84 2
85 2
127
0 0
0 3
1 3
1 0
4 0
4 3
2 2
2 3
8 2
6 0
10 0
11 0
11 1
12 0
12 1
13 1
9 3
17 3
15 0
5 1
19 0
21 3
22 0
22 3
23 3
25 3
26 0
18 3
28 3
29 3
27 3
31 3
31 0
33 0
33 3
32 3
36 0
36 3
37 3
37 0
30 0
30 3
34 0
34 3
42 3
42 0
43 0
43 3
43 1
38 3
38 2
48 0
51 2
51 3
50 0
46 0
52 0
57 1
55 0
58 1
58 0
59 0
59 1
61 1
61 0
41 0
63 0
45 3
62 0
66 0
65 1
65 0
53 3
53 2
64 1
56 0
72 1
75 0
49 0
73 2
67 0
81 0
82 0
82 3
77 0
77 1
86 0
70 0
74 2
89 3
89 2
84 0
90 2
93 2
92 0
87 0
87 1
95 1
95 0
99 1
99 0
96 1
96 0
96 3
100 0
101 0
106 1
106 0
107 0
103 1
103 0
109 0
108 0
113 0
114 3
114 1
110 1
110 0
115 3
118 1
118 0
111 0
116 1
122 3
121 1
125 1
107
0 3
1 3
0 1
3 1
4 0
5 0
6 3
7 2
8 3
9 0
10 0
11 1
12 1
13 1
14 0
15 0
16 3
17 3
18 3
19 0
20 0
21 0
22 0
23 0
24 0
25 0
26 0
27 0
28 0
29 0
30 0
31 0
32 0
33 0
34 0
35 0
36 0
37 3
38 3
37 1
19 2
41 1
42 1
17 0
44 1
45 1
46 0
47 3
48 3
48 0
50 0
51 1
52 2
53 1
54 0
55 0
56 0
57 3
58 2
59 3
58 0
61 1
62 0
63 1
64 2
64 0
66 0
67 1
68 1
69 0
70 0
71 0
72 0
73 0
74 3
75 2
76 2
77 3
78 2
79 2
80 1
81 0
75 0
83 1
84 0
85 0
69 2
87 2
88 2
89 2
90 2
91 2
92 2
93 2
94 2
95 2
96 2
97 2
98 2
99 2
100 2
101 3
101 1
67 3
104 2
63 3
91
0 2
0 1
0 0
3 1
3 3
2 2
2 1
4 1
4 0
5 3
8 0
1 2
7 2
11 0
11 1
6 2
14 1
14 0
14 3
16 2
16 1
18 1
18 0
22 0
23 0
25 1
25 0
27 1
27 0
10 3
30 3
24 1
31 3
33 2
33 3
12 2
28 1
28 0
37 0
37 2
20 2
34 2
36 2
43 2
43 3
45 2
39 1
29 3
44 2
44 1
35 0
51 0
46 2
52 0
50 2
54 3
53 2
56 0
57 1
57 2
60 1
60 2
58 0
42 2
62 2
62 1
62 3
67 3
67 2
68 0
68 2
63 0
72 0
69 2
65 2
73 3
73 1
76 3
70 0
71 2
74 2
79 3
82 0
83 0
75 2
85 2
84 0
86 3
86 2
89 3
92
0 2
1 2
2 1
3 2
4 3
5 2
6 2
7 2
8 1
9 1
10 2
11 2
12 2
13 3
14 0
15 0
16 3
17 2
18 2
19 2
20 1
21 2
22 2
23 1
24 2
25 3
26 2
27 3
28 2
29 2
30 2
31 1
32 2
33 1
34 2
35 3
36 2
37 2
38 1
39 2
40 3
41 3
42 2
43 3
44 3
45 3
46 3
47 0
48 0
49 0
50 3
51 2
52 2
53 2
43 1
55 1
56 1
57 1
58 1
59 1
60 0
61 0
62 0
42 0
64 0
65 0
66 0
39 0
34 0
69 0
70 3
71 0
72 1
73 0
28 0
75 0
76 0
24 0
78 0
10 0
80 0
81 0
82 0
83 0
84 0
85 3
86 2
85 1
81 3
89 2
0 3
54
0 0
0 3
0 2
3 2
3 3
5 2
1 0
1 3
7 0
7 3
4 2
10 0
12 0
6 2
9 0
15 0
16 0
16 3
11 2
18 0
17 0
20 0
21 0
22 0
19 2
19 3
23 1
25 2
25 3
24 3
29 2
28 2
30 3
32 3
32 2
34 2
36 2
35 2
37 2
38 2
39 2
40 2
42 2
43 3
43 2
44 2
45 2
47 2
47 3
49 2
48 1
50 3
52 3
102
0 2
1 3
2 3
3 2
4 2
5 2
6 2
7 2
8 1
9 2
10 1
11 0
12 0
13 3
14 0
15 0
16 0
17 1
18 2
19 2
11 2
21 3
22 2
23 2
24 1
25 0
25 2
27 2
28 1
29 2
30 2
31 1
32 2
33 1
34 1
35 1
36 1
37 0
38 1
39 0
40 0
41 1
42 0
43 0
44 0
45 1
46 2
46 0
48 3
49 0
50 0
51 1
52 0
53 3
54 0
55 1
56 0
57 3
58 0
59 1
60 0
61 0
62 0
63 0
64 0
65 3
66 3
67 0
68 1
69 0
70 3
71 0
72 0
73 3
74 0
75 3
76 3
77 3
78 3
79 2
80 3
81 2
82 2
83 2
84 3
85 2
86 3
87 2
88 2
89 2
89 1
91 0
85 0
66 2
94 2
95 2
96 2
52 2
44 3
99 2
29 0
107
0 3
1 3
0 1
3 1
4 0
5 0
6 3
7 2
8 3
9 0
10 0
11 1
12 1
13 1
14 0
15 0
16 3
17 3
18 3
19 0
20 0
21 0
22 0
23 0
24 0
25 0
26 0
27 0
28 0
29 0
30 0
31 0
32 0
33 0
34 0
35 0
36 0
37 3
38 3
37 1
19 2
41 1
42 1
17 0
44 1
45 1
46 0
47 3
48 3
48 0
50 0
51 1
52 2
53 1
54 0
55 0
56 0
57 3
58 2
59 3
58 0
61 1
62 0
63 1
64 2
64 0
66 0
67 1
68 1
69 0
70 0
71 0
72 0
73 0
74 3
75 2
76 2
77 3
78 2
79 2
80 1
81 0
75 0
83 1
84 0
85 0
69 2
87 2
88 2
89 2
90 2
91 2
92 2
93 2
94 2
95 2
96 2
97 2
98 2
99 2
100 2
101 3
101 1
67 3
104 2
63 3
91
0 2
1 3
2 0
3 0
4 3
5 0
6 1
7 1
8 2
8 1
10 0
11 0
12 0
13 3
14 2
15 2
14 0
17 0
18 1
19 1
20 2
21 3
21 2
20 0
24 0
25 3
26 0
27 0
28 1
29 0
30 0
31 1
32 0
33 1
34 0
35 3
36 0
37 0
38 1
39 1
40 0
41 3
42 3
43 0
44 3
44 1
46 1
47 1
40 2
49 3
34 2
33 3
32 2
53 2
54 2
55 3
55 2
30 3
58 3
59 3
60 3
61 3
62 3
63 3
64 0
65 0
66 0
67 3
68 0
69 0
70 0
71 0
72 3
73 3
72 1
63 2
76 2
77 2
26 2
6 0
80 0
81 3
82 0
83 0
84 0
5 2
2 2
87 2
88 1
89 0
66
0 2
1 2
2 2
3 1
4 0
5 0
6 0
7 0
8 3
9 0
10 1
11 0
12 0
13 0
14 0
15 0
16 1
17 1
18 1
19 1
20 1
21 1
22 1
23 2
24 1
25 2
26 2
27 2
25 0
16 3
30 3
31 3
30 2
33 2
34 2
35 2
4 2
37 2
38 3
39 2
40 2
41 2
42 2
43 2
44 2
45 2
46 1
47 0
48 0
49 0
50 0
51 0
52 0
47 2
54 3
55 2
56 2
57 2
58 1
59 1
59 0
61 0
58 3
63 3
39 0
77
0 3
1 3
2 3
3 2
4 3
5 3
6 2
7 2
8 2
9 3
10 2
11 2
12 2
13 3
14 2
15 1
16 2
17 3
18 3
19 2
20 1
21 1
22 2
23 3
24 3
25 2
26 2
27 2
28 1
29 2
30 2
31 2
32 2
33 1
34 0
35 0
36 0
37 0
38 0
39 0
40 3
41 2
34 2
43 2
44 1
45 2
46 2
47 1
48 2
49 1
50 1
51 1
52 1
53 0
54 1
55 1
56 0
57 0
58 3
59 2
56 2
61 3
45 0
14 0
64 0
11 1
10 0
7 1
5 0
0 2
70 2
71 1
72 2
73 1
74 2
75 2
102
0 2
0 3
2 0
3 0
4 0
4 3
5 3
1 1
7 0
9 3
9 0
11 0
11 3
8 1
13 0
15 0
12 0
17 0
14 1
19 1
18 0
18 3
20 0
21 0
21 3
22 3
23 1
24 0
24 3
27 0
26 0
29 0
29 3
33 0
34 0
35 1
35 0
28 0
30 0
39 0
39 1
40 1
40 0
37 1
42 0
38 0
46 0
47 3
47 0
49 0
49 3
51 0
52 0
45 0
45 1
53 1
56 0
55 0
58 0
59 0
59 3
57 1
57 0
61 0
63 1
65 0
66 0
60 0
68 0
68 3
67 1
70 0
72 0
71 0
74 1
69 0
75 1
77 1
73 0
78 1
80 2
76 0
82 0
81 1
83 0
83 3
86 0
85 0
84 2
88 0
88 3
90 0
90 3
93 0
89 2
95 2
95 1
97 2
96 2
94 0
92 0
66
0 0
0 1
2 0
2 2
4 2
1 3
5 2
6 3
8 3
9 3
10 3
11 3
12 3
13 3
13 2
15 2
15 3
16 2
16 3
18 3
18 2
14 3
20 2
23 2
21 2
22 3
25 2
27 2
27 3
28 3
28 2
30 2
32 2
33 1
33 2
34 2
35 2
36 2
38 2
37 2
40 2
39 2
42 2
41 2
44 2
43 2
46 2
45 2
47 2
49 2
49 3
51 2
52 2
53 2
53 1
54 2
54 1
57 2
58 2
59 3
59 2
60 2
62 3
61 1
63 3
66
0 0
0 1
2 0
2 2
4 2
1 3
5 2
6 3
8 3
9 3
10 3
11 3
12 3
13 3
13 2
15 2
15 3
16 2
16 3
18 3
18 2
14 3
20 2
23 2
21 2
22 3
25 2
27 2
27 3
28 3
28 2
30 2
32 2
33 1
33 2
34 2
35 2
36 2
38 2
37 2
40 2
39 2
42 2
41 2
44 2
43 2
46 2
45 2
47 2
49 2
49 3
51 2
52 2
53 2
53 1
54 2
54 1
57 2
58 2
59 3
59 2
60 2
62 3
61 1
63 3
87
0 2
1 2
2 2
3 2
4 2
5 2
6 1
7 0
8 0
9 0
10 0
11 0
12 0
13 0
14 0
15 0
16 0
17 3
18 0
19 1
20 0
21 0
22 0
23 1
24 1
25 1
26 1
27 1
28 1
29 1
30 2
31 1
32 0
32 2
34 2
35 2
23 3
37 3
38 3
37 2
40 2
18 2
42 2
43 2
8 1
45 1
46 1
47 1
48 1
49 2
50 3
50 2
49 0
53 0
7 2
55 2
56 3
57 0
57 2
59 1
60 2
61 3
62 2
63 2
64 1
65 2
66 3
67 2
68 2
69 1
70 1
71 1
72 1
73 1
74 1
75 1
76 1
77 1
78 0
79 0
80 0
79 3
70 0
69 3
84 3
65 0
101
0 1
1 2
2 2
3 2
4 2
5 1
6 2
7 2
8 1
9 2
10 2
11 1
12 2
13 1
14 1
15 1
16 1
17 0
18 1
19 0
20 1
21 2
22 2
23 3
21 0
25 3
9 0
6 0
28 0
29 0
30 0
31 0
32 0
33 0
34 3
35 2
36 3
37 0
38 0
39 1
40 1
41 0
42 0
43 3
44 0
45 0
46 1
47 2
47 0
49 3
49 1
51 0
52 0
53 0
54 0
55 1
56 0
57 1
58 1
59 1
60 1
61 2
62 2
63 1
64 0
64 2
66 2
67 2
68 1
69 0
70 0
69 2
72 2
73 3
74 2
75 2
76 2
77 2
78 2
79 3
80 3
79 1
82 0
83 1
84 2
84 0
86 3
87 0
88 1
89 0
90 3
74 0
58 2
56 2
53 3
95 2
44 2
97 3
37 2
99 1
54
0 0
0 3
0 2
3 2
3 3
5 2
1 0
1 3
7 0
7 3
4 2
10 0
12 0
6 2
9 0
15 0
16 0
16 3
11 2
18 0
17 0
20 0
21 0
22 0
19 2
19 3
23 1
25 2
25 3
24 3
29 2
28 2
30 3
32 3
32 2
34 2
36 2
35 2
37 2
38 2
39 2
40 2
42 2
43 3
43 2
44 2
45 2
47 2
47 3
49 2
48 1
50 3
52 3
91
0 2
1 3
2 0
3 0
4 3
5 0
6 1
7 1
8 2
8 1
10 0
11 0
12 0
13 3
14 2
15 2
14 0
17 0
18 1
19 1
20 2
21 3
21 2
20 0
24 0
25 3
26 0
27 0
28 1
29 0
30 0
31 1
32 0
33 1
34 0
35 3
36 0
37 0
38 1
39 1
40 0
41 3
42 3
43 0
44 3
44 1
46 1
47 1
40 2
49 3
34 2
33 3
32 2
53 2
54 2
55 3
55 2
30 3
58 3
59 3
60 3
61 3
62 3
63 3
64 0
65 0
66 0
67 3
68 0
69 0
70 0
71 0
72 3
73 3
72 1
63 2
76 2
77 2
26 2
6 0
80 0
81 3
82 0
83 0
84 0
5 2
2 2
87 2
88 1
89 0
92
0 2
0 1
0 0
0 3
3 1
3 0
3 3
7 0
1 3
1 1
9 3
5 0
6 0
8 0
12 0
14 0
11 3
17 3
18 3
10 1
13 0
16 0
21 0
21 1
20 1
25 1
23 1
23 0
27 0
28 3
28 0
31 1
31 0
31 3
33 1
33 0
33 3
35 0
36 0
36 3
40 0
38 0
39 0
43 0
43 3
43 1
26 1
45 0
44 0
44 1
48 0
51 0
49 1
49 0
52 0
47 0
54 0
54 1
56 0
57 1
57 0
61 3
61 1
61 0
64 0
64 3
64 1
59 0
67 0
19 0
19 3
71 0
66 0
69 0
72 0
73 0
76 1
76 0
77 0
79 1
79 0
81 0
81 3
81 1
82 3
82 1
85 3
75 1
75 0
86 1
88 0
87
0 1
1 2
2 3
3 2
4 1
5 2
6 3
7 2
8 2
9 2
10 1
11 1
12 1
13 1
14 1
15 1
16 2
17 3
17 2
16 0
20 0
11 0
22 0
11 2
24 3
25 2
26 2
27 2
28 2
29 1
30 0
31 0
32 0
30 2
34 3
35 2
36 1
37 2
38 3
39 2
40 1
41 2
42 3
43 3
44 3
42 1
46 1
47 1
48 1
49 1
50 1
51 1
52 1
53 0
54 3
54 0
56 0
1 0
58 3
59 0
60 1
61 0
62 0
63 0
64 0
65 0
66 1
67 1
68 1
69 1
70 1
71 1
72 1
73 2
74 1
75 2
76 2
77 2
75 0
66 3
80 3
81 3
80 2
83 2
84 2
85 2
86
0 2
0 0
0 3
3 2
3 0
4 2
1 2
2 0
5 0
6 2
8 1
9 3
10 1
10 2
13 2
12 3
14 2
15 2
18 2
19 2
19 3
20 3
20 2
23 3
23 2
25 2
25 3
26 3
26 2
28 2
30 2
29 2
29 1
33 1
32 2
34 1
35 2
35 3
38 2
37 2
40 3
40 2
42 3
42 2
44 2
44 3
46 2
47 2
36 1
49 2
48 2
48 1
51 2
51 1
53 3
53 1
55 3
56 1
58 1
59 1
60 1
61 1
62 1
62 0
63 0
50 1
65 0
65 1
66 2
66 1
70 2
68 0
72 0
67 0
73 0
71 1
71 2
74 0
75 1
75 0
77 1
77 2
78 0
80 1
80 0
127
0 0
0 3
1 3
1 0
4 0
4 3
2 2
2 3
8 2
6 0
10 0
11 0
11 1
12 0
12 1
13 1
9 3
17 3
15 0
5 1
19 0
21 3
22 0
22 3
23 3
25 3
26 0
18 3
28 3
29 3
27 3
31 3
31 0
33 0
33 3
32 3
36 0
36 3
37 3
37 0
30 0
30 3
34 0
34 3
42 3
42 0
43 0
43 3
43 1
38 3
38 2
48 0
51 2
51 3
50 0
46 0
52 0
57 1
55 0
58 1
58 0
59 0
59 1
61 1
61 0
41 0
63 0
45 3
62 0
66 0
65 1
65 0
53 3
53 2
64 1
56 0
72 1
75 0
49 0
73 2
67 0
81 0
82 0
82 3
77 0
77 1
86 0
70 0
74 2
89 3
89 2
84 0
90 2
93 2
92 0
87 0
87 1
95 1
95 0
99 1
99 0
96 1
96 0
96 3
100 0
101 0
106 1
106 0
107 0
103 1
103 0
109 0
108 0
113 0
114 3
114 1
110 1
110 0
115 3
118 1
118 0
111 0
116 1
122 3
121 1
125 1
102
0 3
1 3
2 3
3 3
4 2
5 3
6 2
7 2
8 3
9 2
10 2
11 2
12 2
13 3
14 0
15 0
14 2
17 1
18 2
19 2
20 2
21 3
22 0
23 0
24 3
25 2
26 2
27 2
28 2
29 2
30 1
31 2
32 1
33 0
34 0
35 0
36 3
37 2
33 2
39 3
40 2
41 2
42 1
43 2
44 2
45 1
46 2
47 2
48 1
49 2
50 1
51 1
52 1
53 1
54 0
55 1
56 0
57 0
58 1
59 0
60 0
61 1
62 0
63 0
64 0
65 0
66 3
67 0
68 1
69 0
70 0
71 3
72 0
73 1
74 0
75 0
76 0
77 0
78 0
79 3
80 3
81 0
82 1
83 0
84 3
85 0
86 0
87 3
80 2
89 2
90 2
91 2
72 2
67 2
94 2
95 2
61 3
97 2
46 0
43 0
10 1
101
0 0
0 2
0 1
2 1
2 2
5 1
1 1
1 0
8 1
8 0
10 1
6 2
6 1
4 1
7 1
15 2
15 0
17 0
13 2
18 0
11 0
12 2
20 0
21 0
24 0
22 2
22 1
25 1
25 0
27 2
30 2
26 2
31 2
33 2
33 1
28 0
34 1
36 1
36 0
37 2
39 1
39 0
42 1
43 0
44 1
44 0
46 1
40 2
47 1
47 0
49 0
48 1
52 2
53 1
51 1
55 1
54 1
57 1
58 1
56 1
59 1
59 0
62 1
60 2
64 2
64 1
66 2
63 1
63 0
68 2
68 0
69 0
72 1
67 2
74 2
74 1
75 2
75 1
78 2
79 2
77 2
80 2
82 3
82 2
83 2
84 2
84 1
86 3
86 2
86 1
90 2
88 2
89 2
92 2
94 2
93 2
93 1
97 2
95 3
99 3
127
0 0
0 3
1 3
1 0
4 0
4 3
2 2
2 3
8 2
6 0
10 0
11 0
11 1
12 0
12 1
13 1
9 3
17 3
15 0
5 1
19 0
21 3
22 0
22 3
23 3
25 3
26 0
18 3
28 3
29 3
27 3
31 3
31 0
33 0
33 3
32 3
36 0
36 3
37 3
37 0
30 0
30 3
34 0
34 3
42 3
42 0
43 0
43 3
43 1
38 3
38 2
48 0
51 2
51 3
50 0
46 0
52 0
57 1
55 0
58 1
58 0
59 0
59 1
61 1
61 0
41 0
63 0
45 3
62 0
66 0
65 1
65 0
53 3
53 2
64 1
56 0
72 1
75 0
49 0
73 2
67 0
81 0
82 0
82 3
77 0
77 1
86 0
70 0
74 2
89 3
89 2
84 0
90 2
93 2
92 0
87 0
87 1
95 1
95 0
99 1
99 0
96 1
96 0
96 3
100 0
101 0
106 1
106 0
107 0
103 1
103 0
109 0
108 0
113 0
114 3
114 1
110 1
110 0
115 3
118 1
118 0
111 0
116 1
122 3
121 1
125 1
91
0 2
0 1
0 0
3 1
3 3
2 2
2 1
4 1
4 0
5 3
8 0
1 2
7 2
11 0
11 1
6 2
14 1
14 0
14 3
16 2
16 1
18 1
18 0
22 0
23 0
25 1
25 0
27 1
27 0
10 3
30 3
24 1
31 3
33 2
33 3
12 2
28 1
28 0
37 0
37 2
20 2
34 2
36 2
43 2
43 3
45 2
39 1
29 3
44 2
44 1
35 0
51 0
46 2
52 0
50 2
54 3
53 2
56 0
57 1
57 2
60 1
60 2
58 0
42 2
62 2
62 1
62 3
67 3
67 2
68 0
68 2
63 0
72 0
69 2
65 2
73 3
73 1
76 3
70 0
71 2
74 2
79 3
82 0
83 0
75 2
85 2
84 0
86 3
86 2
89 3
171
0 1
1 1
2 2
2 1
3 2
5 2
6 2
7 2
8 2
9 2
10 2
11 2
12 2
13 2
14 2
15 2
16 2
17 2
18 2
18 1
20 2
20 1
19 2
21 1
21 2
25 1
25 2
27 1
27 3
27 2
28 2
22 1
22 0
31 2
34 3
34 2
32 2
32 0
29 2
26 1
35 3
35 2
41 2
33 0
42 2
36 2
43 2
38 0
44 0
46 2
45 2
49 1
49 0
53 1
51 3
54 0
54 1
56 1
56 0
55 3
59 0
59 1
62 1
62 0
61 0
63 1
63 0
66 2
68 2
65 0
65 1
71 0
71 1
69 2
74 2
73 0
75 2
60 3
77 2
79 1
76 0
72 0
81 0
70 0
82 0
80 1
80 2
86 2
86 1
86 0
89 2
89 1
89 0
92 2
92 0
85 0
93 0
87 2
90 0
91 2
98 2
98 1
96 0
97 1
97 0
104 0
100 2
100 1
101 1
101 2
99 0
111 0
103 0
112 1
112 0
114 0
114 1
117 0
118 0
115 0
116 0
113 0
121 0
107 2
107 1
124 1
124 3
124 2
119 0
123 0
123 3
128 3
128 2
128 1
110 2
133 2
133 1
133 3
135 2
138 2
131 0
137 2
141 0
136 2
140 2
129 0
146 0
142 2
143 1
143 0
148 1
147 0
152 0
152 3
154 0
150 0
155 0
157 1
157 0
157 3
158 0
159 0
159 3
163 0
164 0
165 3
165 1
161 0
167 1
169 1
171
0 1
1 1
2 1
3 1
4 0
5 0
6 0
7 0
8 0
9 0
10 0
11 1
12 0
13 0
14 0
15 0
16 0
17 0
18 0
19 0
20 1
21 2
22 2
23 2
22 1
25 1
26 2
27 2
28 2
29 2
30 2
31 2
32 1
33 2
34 2
35 2
36 1
37 2
38 1
39 0
40 0
41 1
42 0
43 3
44 0
45 0
46 1
47 2
47 0
49 0
50 0
51 0
52 0
53 3
54 2
55 3
56 2
57 2
58 2
59 2
60 2
61 2
62 2
59 1
64 0
65 0
56 0
67 0
68 1
69 1
70 0
71 0
72 0
73 0
74 3
75 3
76 2
77 2
78 1
79 0
79 2
81 3
76 0
83 1
84 1
85 0
86 0
87 3
88 0
89 3
90 2
91 2
92 1
90 3
89 1
95 1
42 2
97 2
98 2
99 3
100 3
101 2
102 3
103 0
104 0
102 2
106 2
107 1
108 1
109 1
109 0
111 0
112 3
113 2
25 0
115 0
116 0
117 0
118 0
119 3
120 2
121 3
122 2
123 2
124 1
125 0
120 0
127 0
128 0
129 0
17 3
131 2
132 2
133 2
134 2
135 3
136 2
137 3
138 2
139 2
140 2
141 1
142 0
143 0
142 2
145 3
146 2
147 2
148 1
149 0
138 0
151 0
152 0
153 0
154 0
155 0
156 0
157 0
158 0
159 0
160 0
161 0
162 0
163 0
164 0
165 0
166 3
167 3
166 1
12 2
54
0 0
0 3
0 2
3 2
3 3
5 2
1 0
1 3
7 0
7 3
4 2
10 0
12 0
6 2
9 0
15 0
16 0
16 3
11 2
18 0
17 0
20 0
21 0
22 0
19 2
19 3
23 1
25 2
25 3
24 3
29 2
28 2
30 3
32 3
32 2
34 2
36 2
35 2
37 2
38 2
39 2
40 2
42 2
43 3
43 2
44 2
45 2
47 2
47 3
49 2
48 1
50 3
52 3
107
0 3
1 3
0 1
3 1
4 0
5 0
6 3
7 2
8 3
9 0
10 0
11 1
12 1
13 1
14 0
15 0
16 3
17 3
18 3
19 0
20 0
21 0
22 0
23 0
24 0
25 0
26 0
27 0
28 0
29 0
30 0
31 0
32 0
33 0
34 0
35 0
36 0
37 3
38 3
37 1
19 2
41 1
42 1
17 0
44 1
45 1
46 0
47 3
48 3
48 0
50 0
51 1
52 2
53 1
54 0
55 0
56 0
57 3
58 2
59 3
58 0
61 1
62 0
63 1
64 2
64 0
66 0
67 1
68 1
69 0
70 0
71 0
72 0
73 0
74 3
75 2
76 2
77 3
78 2
79 2
80 1
81 0
75 0
83 1
84 0
85 0
69 2
87 2
88 2
89 2
90 2
91 2
92 2
93 2
94 2
95 2
96 2
97 2
98 2
99 2
100 2
101 3
101 1
67 3
104 2
63 3
101
0 0
1 0
2 0
3 0
4 3
5 3
6 2
7 2
8 2
9 1
10 0
11 0
10 2
13 3
14 3
15 3
6 0
17 1
18 0
19 0
20 3
21 2
21 0
23 1
24 0
25 3
26 0
27 3
28 0
29 1
29 0
31 3
32 3
33 3
34 3
35 2
36 3
37 2
38 2
39 3
40 2
41 2
42 3
43 2
44 2
45 2
46 2
47 3
48 2
49 2
50 2
51 2
52 1
53 2
54 3
54 2
56 1
57 0
58 0
59 0
60 0
61 3
62 2
62 0
64 1
65 0
66 0
67 0
68 0
57 2
70 3
71 2
72 2
73 1
74 2
75 1
76 2
77 3
77 2
79 2
80 1
81 2
82 1
83 1
84 1
85 1
86 1
87 1
88 0
89 3
90 3
90 0
92 0
93 1
94 2
74 0
42 1
97 0
38 1
36 1
77
0 1
1 2
2 2
3 3
4 0
3 2
6 1
7 2
8 2
9 2
10 1
11 2
12 1
13 1
14 1
15 1
16 1
17 0
18 3
18 1
20 0
21 0
22 3
23 2
20 2
8 3
1 0
27 0
28 0
29 0
30 0
31 3
32 2
33 3
34 2
35 1
36 2
37 3
37 2
34 0
40 0
41 1
42 1
43 0
44 0
45 0
46 0
47 0
48 0
49 1
50 2
50 0
52 0
53 1
54 0
55 3
55 1
57 0
58 1
59 1
60 1
61 2
62 2
63 1
64 2
65 1
66 2
67 2
58 3
52 3
48 3
71 2
72 2
73 2
74 2
75 3
102
0 3
1 3
2 3
3 3
4 2
5 3
6 2
7 2
8 3
9 2
10 2
11 2
12 2
13 3
14 0
15 0
14 2
17 1
18 2
19 2
20 2
21 3
22 0
23 0
24 3
25 2
26 2
27 2
28 2
29 2
30 1
31 2
32 1
33 0
34 0
35 0
36 3
37 2
33 2
39 3
40 2
41 2
42 1
43 2
44 2
45 1
46 2
47 2
48 1
49 2
50 1
51 1
52 1
53 1
54 0
55 1
56 0
57 0
58 1
59 0
60 0
61 1
62 0
63 0
64 0
65 0
66 3
67 0
68 1
69 0
70 0
71 3
72 0
73 1
74 0
75 0
76 0
77 0
78 0
79 3
80 3
81 0
82 1
83 0
84 3
85 0
86 0
87 3
80 2
89 2
90 2
91 2
72 2
67 2
94 2
95 2
61 3
97 2
46 0
43 0
10 1
107
0 0
0 2
0 1
2 2
2 1
4 3
4 2
4 1
7 3
7 2
7 1
10 2
10 1
10 3
12 3
12 1
1 1
17 0
16 2
15 3
15 2
20 2
22 2
23 3
23 2
23 1
25 3
25 2
25 1
28 3
28 2
19 2
31 3
31 2
32 2
33 3
33 2
34 2
35 2
38 3
36 2
40 3
40 2
39 2
43 3
43 2
18 0
44 2
48 2
49 2
50 2
46 3
52 3
52 2
54 3
54 2
53 0
56 3
56 2
59 3
58 3
60 2
60 3
55 3
61 3
51 2
66 2
65 0
65 2
69 2
70 2
70 1
67 2
62 2
72 2
75 2
71 2
77 3
73 2
76 1
78 3
79 2
82 2
83 1
83 3
68 0
86 0
87 0
88 0
89 0
90 0
91 0
92 0
93 0
94 0
95 0
96 0
97 0
98 0
99 0
100 0
101 0
102 0
103 3
103 1
104 3
92
0 0
1 3
2 0
3 0
4 1
5 2
5 0
7 0
8 3
9 3
10 2
11 1
11 2
13 2
14 2
15 2
16 2
17 2
18 2
19 2
20 2
21 2
22 2
23 2
24 2
25 2
26 1
27 2
28 3
29 2
30 2
31 2
32 2
33 3
34 3
35 3
36 3
37 0
38 3
39 2
39 0
41 0
42 1
43 2
33 1
45 1
46 0
47 0
48 3
49 0
50 1
51 0
52 0
53 0
54 0
55 3
56 2
56 0
58 1
59 0
60 3
61 0
62 1
63 0
64 0
65 0
66 0
67 3
68 2
69 2
70 2
68 0
49 2
46 1
74 1
75 1
76 1
77 0
78 0
79 0
10 0
81 1
82 0
83 0
84 3
85 3
85 2
84 1
88 2
89 2
88 1
87
0 2
1 2
2 2
3 2
4 2
5 2
6 1
7 0
8 0
9 0
10 0
11 0
12 0
13 0
14 0
15 0
16 0
17 3
18 0
19 1
20 0
21 0
22 0
23 1
24 1
25 1
26 1
27 1
28 1
29 1
30 2
31 1
32 0
32 2
34 2
35 2
23 3
37 3
38 3
37 2
40 2
18 2
42 2
43 2
8 1
45 1
46 1
47 1
48 1
49 2
50 3
50 2
49 0
53 0
7 2
55 2
56 3
57 0
57 2
59 1
60 2
61 3
62 2
63 2
64 1
65 2
66 3
67 2
68 2
69 1
70 1
71 1
72 1
73 1
74 1
75 1
76 1
77 1
78 0
79 0
80 0
79 3
70 0
69 3
84 3
65 0
91
0 2
1 1
2 0
3 1
4 1
5 0
6 1
7 0
8 0
9 1
10 0
11 1
12 0
13 0
14 3
15 0
16 1
17 0
18 3
19 0
20 1
20 0
22 3
23 0
24 1
24 0
26 3
27 0
28 3
29 3
30 3
31 3
32 3
33 3
34 3
35 2
36 2
37 2
38 2
39 1
40 0
41 0
42 0
43 1
15 3
45 2
46 2
47 3
48 2
49 3
50 2
51 2
52 3
53 0
54 3
55 2
56 3
57 2
58 3
59 2
60 2
61 3
62 2
63 1
63 2
65 2
66 2
67 2
68 1
69 2
70 2
71 1
72 2
73 1
74 1
75 1
76 1
77 0
78 1
79 1
80 2
80 0
82 0
83 3
84 2
61 1
86 0
51 1
46 1
10 2
92
0 2
1 2
2 1
3 2
4 3
5 2
6 2
7 2
8 1
9 1
10 2
11 2
12 2
13 3
14 0
15 0
16 3
17 2
18 2
19 2
20 1
21 2
22 2
23 1
24 2
25 3
26 2
27 3
28 2
29 2
30 2
31 1
32 2
33 1
34 2
35 3
36 2
37 2
38 1
39 2
40 3
41 3
42 2
43 3
44 3
45 3
46 3
47 0
48 0
49 0
50 3
51 2
52 2
53 2
43 1
55 1
56 1
57 1
58 1
59 1
60 0
61 0
62 0
42 0
64 0
65 0
66 0
39 0
34 0
69 0
70 3
71 0
72 1
73 0
28 0
75 0
76 0
24 0
78 0
10 0
80 0
81 0
82 0
83 0
84 0
85 3
86 2
85 1
81 3
89 2
0 3
5
0 0
1 1
1 0
1 3
12
0 0
1 0
2 3
3 3
4 3
5 2
6 2
7 2
8 1
9 1
10 1
10
0 2
1 2
2 2
1 1
4 1
5 1
6 1
7 1
0 0
119
0 3
1 3
1 2
2 3
3 2
4 2
4 0
5 1
6 2
7 0
10 1
10 3
11 1
12 3
14 0
14 2
15 0
13 1
16 2
17 1
17 3
20 1
21 3
23 0
23 2
22 1
19 2
26 1
24 0
27 2
25 2
31 2
28 1
32 2
34 2
35 2
29 3
29 1
37 3
38 1
40 1
39 0
39 2
42 0
44 3
44 1
46 1
43 2
48 2
41 1
45 3
47 1
52 1
51 2
51 0
53 1
56 1
54 2
49 2
58 2
60 2
50 1
55 0
59 2
57 1
65 1
64 2
66 1
61 2
67 2
63 3
63 1
69 2
71 3
62 1
73 2
72 1
74 0
74 2
75 1
70 2
76 2
77 1
78 0
83 1
79 2
84 1
85 1
86 2
89 2
88 1
87 1
91 1
82 2
92 1
94 2
95 1
90 2
93 1
97 1
98 2
101 2
100 1
102 2
103 1
104 2
106 2
105 1
108 1
99 1
110 1
109 1
107 2
113 2
112 1
111 1
115 1
117 1
119
0 2
1 2
2 1
3 1
4 1
5 1
6 1
2 3
8 3
9 2
10 2
11 1
12 1
13 1
14 1
15 1
16 1
17 1
11 3
19 3
20 0
21 0
22 0
23 0
24 0
25 0
26 0
27 0
20 2
29 2
30 3
31 3
32 2
33 2
34 1
35 1
36 1
37 1
38 1
39 1
40 1
41 1
42 1
43 1
44 1
34 3
46 3
47 0
48 0
49 0
50 0
51 0
52 0
53 0
54 0
55 0
56 0
57 0
58 0
47 2
60 2
61 1
62 1
63 1
64 1
65 1
66 1
67 1
68 1
69 1
70 1
71 1
72 1
73 1
32 0
75 0
76 0
77 0
78 0
79 0
80 0
81 0
82 0
83 0
30 1
85 1
86 1
87 1
88 1
89 1
90 1
91 1
92 1
9 0
94 0
95 0
96 0
97 0
98 0
0 1
100 1
101 1
102 1
103 1
101 0
105 0
106 1
107 1
108 1
108 0
110 0
111 1
106 0
113 0
0 0
115 0
116 0
117 0
162
0 2
1 2
2 2
3 2
4 2
5 2
6 2
7 2
8 2
9 2
10 2
11 3
12 3
13 0
14 0
15 0
16 0
17 0
18 0
19 0
20 0
21 0
22 0
23 0
24 0
25 0
13 3
27 3
28 0
29 0
30 0
31 0
32 0
33 0
34 0
35 0
36 0
37 0
38 0
28 3
40 3
41 0
42 0
43 0
44 0
45 0
46 0
47 0
48 0
49 0
41 3
51 3
52 0
53 0
54 0
55 0
56 0
57 0
58 0
52 3
60 3
61 0
62 0
63 0
64 0
65 0
61 3
67 3
68 0
69 0
70 0
68 3
72 3
73 0
73 3
75 3
76 0
77 0
78 0
79 0
80 0
81 0
82 0
83 0
84 0
85 0
86 0
87 0
88 0
89 0
90 0
91 0
92 1
93 1
94 1
95 1
96 2
97 2
98 2
99 2
100 2
101 2
102 2
103 2
104 2
105 2
106 2
96 1
108 1
109 2
110 2
111 2
112 2
113 2
114 2
115 2
116 2
117 2
109 1
119 1
120 2
121 2
122 2
123 2
124 2
125 2
126 2
120 1
128 1
129 2
130 2
131 2
132 2
133 2
129 1
135 1
136 2
137 2
138 2
136 1
140 1
141 2
141 1
143 1
144 2
145 2
146 2
147 2
94 2
149 2
150 2
151 2
152 2
153 2
154 2
155 2
156 2
157 2
158 2
159 2
160 2
196
0 1
1 2
2 1
3 2
4 3
5 3
6 2
7 2
8 3
9 0
10 0
11 0
12 0
13 0
14 0
15 3
16 0
17 1
18 0
19 0
20 3
21 0
22 1
23 1
24 2
25 2
26 2
27 2
28 2
29 1
30 1
31 2
32 1
33 1
34 0
35 1
36 2
37 2
38 3
39 2
40 2
41 3
42 3
43 2
44 3
45 2
46 3
47 3
48 3
49 0
50 0
51 0
52 0
53 0
54 0
55 3
56 2
57 2
58 2
59 2
60 2
61 2
56 0
63 0
64 0
65 0
66 0
67 0
68 1
69 0
70 1
71 2
72 1
73 1
74 2
75 2
76 2
77 1
78 2
79 3
80 2
81 1
82 1
83 1
84 0
85 3
86 0
87 1
88 1
89 1
90 1
91 0
92 3
93 0
94 3
95 3
96 3
97 0
98 0
99 1
100 2
101 1
102 1
103 1
104 2
105 1
106 0
107 0
108 1
109 1
110 2
111 3
112 2
113 1
114 2
115 2
116 2
117 3
118 2
119 3
120 0
121 3
122 2
123 3
124 0
125 3
126 2
124 2
128 2
129 2
130 2
131 2
132 2
133 3
134 2
135 3
136 0
137 3
138 2
139 3
135 1
141 1
142 0
143 1
144 2
145 1
146 1
147 0
148 0
149 0
150 0
151 0
152 0
153 0
153 3
155 3
156 3
157 2
158 2
159 2
160 2
161 1
162 1
163 0
164 0
165 0
166 3
167 2
168 2
163 2
134 0
171 0
121 0
173 1
174 0
175 3
108 3
177 3
178 3
99 3
180 3
181 3
180 2
183 2
184 2
185 1
186 1
187 1
83 2
70 3
65 1
45 0
42 0
193 0
12 1
180
0 0
1 0
2 0
3 0
4 3
5 0
6 1
6 3
8 3
9 3
10 3
11 3
12 3
13 3
14 3
15 3
16 3
17 3
18 3
19 3
20 3
21 3
22 3
23 3
24 3
25 3
26 3
27 3
28 3
29 2
30 1
31 2
32 1
33 2
34 1
35 2
36 1
37 2
38 1
39 2
40 1
41 2
42 1
43 2
44 1
45 2
46 1
47 2
48 1
49 2
50 1
51 1
52 1
53 0
54 1
55 0
56 1
57 0
58 1
59 0
60 1
61 0
62 1
63 0
64 1
65 0
66 1
67 0
68 1
69 0
70 1
52 2
72 3
73 2
74 3
75 2
76 3
77 2
78 3
79 2
80 3
81 2
82 3
83 2
84 3
85 2
86 3
87 2
88 3
89 2
90 3
91 2
92 3
93 3
94 2
95 2
96 1
97 1
98 1
99 1
100 1
101 1
102 1
103 1
104 1
105 1
106 1
107 1
108 1
109 1
110 1
111 1
112 1
113 1
114 1
115 1
116 1
117 1
118 1
119 0
120 3
121 0
122 1
123 0
124 0
125 0
126 0
127 0
128 0
129 0
130 0
131 0
132 0
133 0
134 0
135 0
136 0
137 0
138 0
122 3
140 0
141 3
142 0
143 3
144 0
145 3
146 0
147 3
148 0
149 3
150 0
151 3
152 0
153 3
154 0
155 3
156 0
157 3
97 0
94 0
160 0
161 0
162 0
163 0
164 0
165 0
166 0
167 0
168 0
169 0
170 0
171 0
172 0
173 0
174 0
175 0
176 0
177 0
178 0
199
0 0
1 0
2 0
3 1
4 1
5 1
6 1
7 1
8 1
9 1
10 1
11 1
12 1
13 2
14 2
15 2
16 2
17 2
18 2
19 2
20 2
21 2
22 2
23 2
24 2
25 3
26 3
27 3
28 3
29 3
30 3
31 3
32 3
33 3
34 3
35 3
36 3
37 0
38 0
39 0
40 0
41 0
42 0
43 0
44 0
45 0
46 0
47 0
48 0
49 0
50 0
51 1
52 1
53 1
54 1
55 1
56 1
57 1
58 1
59 1
60 1
61 1
62 1
63 1
64 1
65 2
66 2
67 2
68 2
69 2
70 2
71 2
72 2
73 2
74 2
75 2
76 2
77 2
78 2
79 2
80 2
81 3
82 3
83 3
84 3
85 3
86 3
87 3
88 3
89 3
90 3
91 3
92 3
93 3
94 3
95 3
96 3
97 0
98 0
99 0
100 0
101 0
102 0
103 0
104 0
105 0
106 0
107 0
108 0
109 0
110 0
111 0
112 0
113 0
114 0
115 1
116 1
117 1
118 1
119 1
120 1
121 1
122 1
123 1
124 1
125 1
126 1
127 1
128 1
129 1
130 1
131 1
132 1
133 2
134 2
135 2
136 2
137 2
138 2
139 2
140 2
141 2
142 2
143 2
144 2
145 2
146 2
147 2
148 2
149 2
0 2
151 2
152 2
153 2
154 2
155 2
156 2
157 1
158 1
159 1
160 1
161 1
162 1
163 1
164 1
165 0
166 0
167 0
168 0
169 0
170 0
171 0
172 0
173 3
174 3
175 3
176 3
177 3
178 3
179 2
180 2
181 2
182 2
183 2
184 2
185 1
186 1
187 1
188 1
189 0
190 0
191 3
192 3
193 0
194 0
195 1
196 1
197 2
199
0 0
0 2
2 2
1 0
4 0
5 0
3 2
6 0
8 0
9 0
7 2
10 0
12 0
13 0
14 0
11 2
16 2
17 2
18 2
15 0
19 2
20 0
21 2
23 2
24 2
22 0
25 2
26 0
28 0
29 0
27 2
31 2
32 2
30 0
33 2
34 0
35 2
37 2
36 0
39 0
40 0
41 0
42 0
43 0
38 2
44 0
46 0
45 2
47 0
49 0
50 0
51 0
48 2
52 0
54 0
55 0
53 2
57 2
56 0
58 2
59 0
60 2
62 2
61 0
64 0
63 2
65 0
67 0
66 2
69 2
70 2
68 0
71 2
72 0
74 0
73 2
75 0
77 0
78 0
79 0
80 0
81 0
82 0
83 0
84 0
85 0
76 2
87 2
88 2
86 0
89 2
90 0
92 0
93 0
94 0
91 2
96 2
97 2
95 0
98 2
100 2
99 0
101 2
102 0
104 0
103 2
106 2
105 0
108 0
107 2
109 0
111 0
110 2
113 2
114 2
115 2
116 2
117 2
118 2
112 0
119 2
120 0
122 0
123 0
121 2
124 0
125 2
127 2
128 2
129 2
126 0
131 0
132 0
133 0
134 0
130 2
136 2
135 0
138 0
137 2
140 2
139 0
141 2
143 2
144 2
145 2
146 2
142 0
147 2
148 0
149 2
151 2
152 2
153 2
154 2
155 2
150 0
156 2
158 2
157 0
160 0
161 0
162 0
159 2
164 2
165 2
166 2
167 2
168 2
163 0
170 0
169 2
172 2
173 2
174 2
171 0
176 0
177 0
178 0
179 0
180 0
181 0
182 0
183 0
184 0
185 0
186 0
187 0
188 0
189 0
190 0
191 0
192 0
193 0
194 0
195 0
196 0
197 0
101
0 1
1 1
2 0
0 0
0 2
5 2
6 3
7 3
8 3
9 3
10 0
11 0
12 0
12 3
14 3
15 0
8 2
17 2
18 2
19 2
20 3
21 3
22 0
23 0
24 3
25 3
26 3
27 3
26 0
29 0
30 3
31 3
32 0
33 0
22 3
35 3
36 3
37 3
22 2
39 2
40 3
41 3
42 3
43 3
42 2
45 2
46 3
47 3
48 2
49 2
20 2
51 2
52 2
53 2
54 1
55 1
56 2
57 2
58 2
58 1
60 1
61 2
54 3
63 3
64 2
65 2
66 3
67 3
68 2
66 2
20 1
71 1
72 2
73 2
74 1
75 1
76 2
77 2
78 1
79 1
80 2
81 2
76 1
83 1
72 1
85 1
86 1
87 1
72 0
89 0
90 1
91 1
92 1
93 1
92 0
95 0
96 1
97 1
98 0
99 0
199
0 1
0 3
2 3
3 3
4 3
5 3
6 3
7 3
8 3
9 3
10 3
11 3
12 3
13 3
14 3
15 3
16 3
17 3
18 3
19 3
20 3
21 3
22 3
23 3
24 3
25 3
26 3
27 3
28 3
29 3
30 3
31 3
32 3
33 3
34 3
35 3
36 3
37 3
38 3
39 3
40 3
41 3
42 3
43 3
44 3
45 3
46 3
47 3
48 3
49 3
50 3
51 3
52 3
53 3
54 3
55 3
56 3
57 3
58 3
59 3
60 3
61 3
62 3
63 3
64 3
65 3
66 3
67 3
68 3
69 3
70 3
71 3
72 3
73 3
74 3
75 3
76 3
77 3
78 3
79 3
80 3
81 3
82 3
83 3
84 3
85 3
86 3
87 3
88 3
89 3
90 3
91 3
92 3
93 3
94 3
95 3
96 3
97 3
98 3
99 3
100 3
101 3
102 3
103 3
104 3
105 3
106 3
107 3
108 3
109 3
110 3
111 3
112 3
113 3
114 3
115 3
116 3
117 3
118 3
119 3
120 3
121 3
122 3
123 3
124 3
125 3
126 3
127 3
128 3
129 3
130 3
131 3
132 3
133 3
134 3
135 3
136 3
137 3
138 3
139 3
140 3
141 3
142 3
143 3
144 3
145 3
146 3
147 3
148 3
149 3
150 3
151 3
152 3
153 3
154 3
155 3
156 3
157 3
158 3
159 3
160 3
161 3
162 3
163 3
164 3
165 3
166 3
167 3
168 3
169 3
170 3
171 3
172 3
173 3
174 3
175 3
176 3
177 3
178 3
179 3
180 3
181 3
182 3
183 3
184 3
185 3
186 3
187 3
188 3
189 3
190 3
191 3
192 3
193 3
194 3
195 3
196 3
197 3
199
0 1
1 2
2 1
3 2
4 1
5 2
6 1
7 2
8 1
9 2
10 1
11 2
12 1
13 2
14 1
15 2
16 1
17 2
18 1
19 2
20 1
21 2
22 1
23 2
24 1
25 2
26 1
27 2
28 1
29 2
30 1
31 2
32 1
33 2
34 1
35 2
36 1
37 2
38 1
39 2
40 1
41 2
42 1
0 0
44 3
45 0
46 3
47 0
48 3
49 0
50 3
51 0
52 3
53 0
54 3
55 0
56 3
57 0
58 3
59 0
60 3
61 0
62 3
63 0
64 3
65 0
66 3
67 0
68 3
69 0
70 3
71 0
72 3
73 0
74 3
75 0
76 3
77 0
78 3
79 0
80 3
81 0
82 3
83 0
84 3
85 0
86 3
87 0
88 3
89 0
90 3
91 0
92 3
93 0
94 3
95 0
96 3
97 0
98 3
99 0
100 3
101 0
102 3
103 0
104 3
105 0
106 3
107 0
108 3
109 0
110 3
111 0
112 3
113 0
114 3
115 0
116 3
117 0
118 3
119 0
120 3
121 0
122 3
123 0
124 3
125 0
126 3
127 0
128 3
129 0
130 3
131 0
132 3
133 0
134 3
135 0
136 3
137 0
138 3
139 0
140 3
141 0
142 3
143 0
144 3
145 0
146 3
147 0
148 3
149 0
150 3
151 0
152 3
153 0
154 3
155 0
156 3
157 0
158 3
159 0
160 3
161 0
162 3
163 0
164 3
165 0
166 3
167 0
168 3
169 0
170 3
171 0
172 3
173 0
174 3
175 0
176 3
177 0
178 3
179 0
180 3
181 0
182 3
183 0
184 3
185 0
186 3
187 0
188 3
189 0
190 3
191 0
192 3
193 0
194 3
195 0
196 3
197 0
0
