3,1,5,10=9=8=7=6=4=2
2,1,3,4,5
1,2,3
5=2=1,4=3
2=1
5=4=3=2=1
6,49,5,44,15,30,32,23,22,45,20,18,33,9,16,8,21,31,1,19,11,35,41,36,2,47,38,4,40,25,10,17,43,3,14,42,24,12,50,7,34,48,29,27,46=39=37=28=26=13
3,37,12,13,5,31,9,28,21,10,16,25,17,35,20,22,39,23,26,40,1,33,4,34,32,38,29,27,11,36=14,18,19,2,7,24,6,8,15,30
1,29,27,4,25,14,20,2,19,24,18,23,28,31,17,15,11,3,12,8,21,6,32,30,22,26,5,13,9,10,7,33,16
1,26,21,38,6,16,40,22,17,8,35,39,4,11,12,28,41=15,30,37,32,29,34=18,2,19=5,3,36,9,14,7,31,27,23,33,10,20,13,24,25
42=41=40=39=38=37=36=35=34=33=32=31=30=29=28=27=26=25=24=23=22=21=20=19=18=17=16=15=14=13=12=11=10=9=8=7=6=5=4=3=2=1
16,17,13,10,27,28,6,24,38,7,35,32,40,46,2,14,12,33,3,22,43,8,9,42,45,39,36,1,41,31,5,34=20,29,26,11,4,37,44=18,15,23,21,19,30,25
3,29,2,37,42,32,34,41=4,45,35,23,7,12,44,17,11,28,43,40=39=38=36=33=31=30=27=26=25=24=22=21=20=19=18=16=15=14=13=10=9=8=6=5=1
21=20=19=18=17=16=15=14=13=12=11=10=9=8=7=6=5=4=3=2=1
9,16,14,10,1,33,27,19,36,30,32,15,28,38,41,40,4,31,34,8,11,39,6,12,37=23,21=13,3,29=26,22,25,35=24=20=18=17=7=5=2
34=29,6,27=25,22,21=9=8,19=14,10,16,28=15,26=12,33,30=1,24=5,31=18=17,13,32,11,4=2,23=20,7=3
10,4,24,25,17,8,18=14=7,21,23,6,19,20=3,22=12,9,16,15=11,1,5,13,2
10,38,36,35,23,18,29,25,3,20,8,33,4,39,11,9,30,13,21,2,12,27,14,37,15,16,26,31,22,1,17,24,7,19,40,6,34,5,32=28
18,24,2,8,22,14,3,21,13,19,10,16,12,5,9,6,11,7,20,1,15,17,23=4
22,21,17,2,33,25,40,29,41,43,28,16,39,36,26,14,24=10,19,15,27,30,3,9,32,49,48,11,42,44,50,37,46,34,5,4,20,6,31,12,47=13,23,35,45=38=18=8=7=1
50=49=48=47=46=45=44=43=42=41=40=39=38=37=36=35=34=33=32=31=30=29=28=27=26=25=24=23=22=21=20=19=18=17=16=15=14=13=12=11=10=9=8=7=6=5=4=3=2=1
4,20=19=18=17=16=15=14=13=12=11=10=9=8=7=6=5=3=2=1
15,20=19=18=17=16=14=13=12=11=10=9=8=7=6=5=4=3=2=1
1
23,22,16,12,6,35,32,29,31,24,27,34,7,28,13,8,37=36=33=30=26=25=21=20=19=18=17=15=14=11=10=9=5=4=3=2=1
10,3,6,15,1,7,13,12,16,17,18,2,5=4,11=9,8,14
1,2,3,4,5,6,7,8,9,10,11,12,13,14,15,16,17,18,19,20,21,22,23,24,25,26,27,28,29,30,31,32,33,34,35,36,37
1,3,5,7,9,11,13,15,17,19,21,23,25,27,29,31,33,35,37,36=34=32=30=28=26=24=22=20=18=16=14=12=10=8=6=4=2
25,30,5,22,26,15,7,20,1,27,10,18,32,21,14,12,28,29,23,2,4,16,31,8,13,3,24,11,17,6,19,9
19=9=7=6=2,32=21=17=15=14=10=3,26=25=12=4,28=23=20=8=1,30=29=27=22=16=11=5,31=24=18=13
11,8,26,16,1,12,28,23,24,17,22,25,9,7,13,20,18,4,21,27=19=15=14=10=6=5=3=2
