100
2 1
100 20
200 10
2 2
100 20
200 10
3 2
100 10
100 10
100 10
4 2
9 3
7 1
10 1
8 4
10 6
639311 233715
422784 240907
243019 444585
884257 276500
90959 604696
575961 799195
173636 96714
491620 630299
859349 849239
314320 424569
6 4
188419 375605
118422 597618
83891 843608
267678 264389
633480 111718
335564 210902
6 4
402209 188647
257460 294708
242099 313407
155752 487156
91764 826855
143190 529894
10 6
246636 63714
22878 686868
21607 727272
220779 71176
39627 396552
29822 526932
43214 363636
846486 18564
123318 127428
18204 863226
9 6
18544 30
3120 336140
3174 314795
3419 357553
3694 342868
3205 305617
3745 383477
3274 350891
17900 10
10 7
256618 360684
391327 885926
593534 379045
915432 321481
651090 294170
150146 583525
703231 270781
320137 242162
958382 705255
370965 374386
5 2
20859 2304
209829 98
209992 99
28491 2101
22128 2764
3 1
24694 2047
22911 2937
276882 45
8 5
21314 2696
237591 32
21453 2448
20254 2427
21480 2290
238175 58
22145 2918
20046 2397
9 4
554674 43887
745962 32633
42409 574005
554674 43887
256366 94954
405021 60103
470323 51758
28141 865036
51012 477201
4 3
358701 34056
34314 356004
754908 16182
34162 357588
9 3
11148 34
3350 301915
3393 368119
3670 339838
3055 360020
3506 343426
3216 397599
11105 15
3905 352930
9 2
255310 249326
122488 519687
709063 89774
409515 155441
679223 93718
143144 444695
249878 254746
425507 149599
98934 643413
6 4
150696 81141
151317 80808
347208 35217
973692 12558
158508 77142
19656 622081
2 1
3427 306224
14645 43
7 2
106508 528668
204580 275234
501446 112290
959812 58665
536276 104997
147027 382973
462381 121777
10 2
3267 332886
3331 397847
3123 339476
11084 66
3328 364408
17304 70
3802 337295
3801 394192
15987 25
3392 387909
8 5
382858 51084
264132 74046
104632 186921
186921 104632
128412 152306
82984 235683
62307 313896
28536 685377
4 3
495118 217964
34115 795862
484486 778869
136560 326054
1 1
1 1
2 1
914812 686103
577257 42091
3 2
64066 595090
58580 650820
268052 142230
7 1
959286 412334
355961 701271
427177 3285
504811 615051
92320 29206
711720 554668
323685 101451
2 1
561028 129657
237662 306070
8 5
23529 540792
424908 29946
30636 415338
21924 580382
66526 191268
15022 847044
23436 542938
79112 160839
8 5
29568 2757
24288 2955
24288 2432
23293 2262
27687 2775
205029 18
262871 89
27476 2361
2 1
15121 95
3448 319798
5 3
3083 333621
3694 352801
16147 37
14908 48
3501 327278
4 2
10023 22
3344 364815
3511 344458
3496 308194
2 1
10799 60
3103 346959
7 3
3014 330175
15170 57
3681 375020
3608 389943
10322 99
3759 335762
3349 342332
8 4
476407 40604
92204 209796
815275 23727
346947 55755
360043 53727
492942 39242
45727 423033
287939 67181
4 2
25198 2463
26976 2811
259479 50
20740 2277
10 2
825873 61856
107006 477405
150320 339843
463320 110259
101463 503486
82253 621074
72694 702743
178923 285515
260917 195791
53972 946513
2 1
26443 2779
253359 61
10 10
1000000 1000000
1000000 1000000
1000000 1000000
1000000 1000000
1000000 1000000
1000000 1000000
1000000 1000000
1000000 1000000
1000000 1000000
1000000 1000000
10 2
27484 2916
26356 2732
289459 40
261416 82
22858 2631
20125 2953
28119 2329
247974 18
22332 2011
28593 2343
8 6
470265 173071
899587 90474
232972 349352
310869 261812
101321 803281
489418 166298
148186 549237
308792 263573
5 3
413114 190842
538341 146449
122353 644361
852660 92463
133367 591147
9 2
175496 263502
405301 760745
53673 989525
673915 558456
563364 411860
408089 87905
155426 418218
97419 316640
412740 146032
3 1
497833 303303
17333 780709
354727 5791
3 2
22153 2024
23581 2772
267017 97
4 3
3011 329644
18927 52
3792 369888
3737 359445
8 6
25907 2241
205054 9
23815 2761
294585 13
23231 2853
26615 2568
27545 2204
22691 2765
5 3
376216 35343
18648 713031
61992 214489
50061 265608
88319 150552
4 1
246079 334397
351681 233985
102961 799216
671893 122472
5 2
24670 2862
29147 2159
28820 2487
236918 21
202744 19
4 2
170074 59092
10957 917223
238525 42134
710650 14142
7 4
3775 371587
3265 303774
15382 21
12199 68
3519 371895
3685 330105
3843 375269
3 1
717703 610531
214834 495439
922911 380932
2 1
17749 24
3565 349000
8 6
3807 312266
12087 41
18257 24
3596 378716
3939 367562
3176 331693
3461 381186
3261 319263
4 3
253810 44
26080 2618
21687 2664
29949 2786
6 2
12629 5
3138 362661
3524 396170
3935 354204
3153 387119
10733 41
9 2
466089 526434
896668 802688
233831 155279
38670 11431
701665 393849
790240 823732
595547 230742
381910 995297
563529 924908
10 3
25709 2040
225704 80
27403 2751
27620 2358
218536 76
22236 2611
28046 2230
27523 2847
28725 2263
256893 10
6 1
974911 215270
754000 54842
236783 159943
578621 253231
989625 219487
900075 4155
9 4
811086 809994
265748 468297
728578 694415
711916 244552
555256 585983
331404 742654
981806 899462
174122 128020
781569 1770
3 1
27603 2740
25492 2806
282316 6
10 6
7254 644028
63427 73656
761124 6138
322014 14508
58344 80073
6188 754974
12792 365211
6851 681912
9594 486948
604996 7722
8 2
15762 29
3800 335321
3612 385078
3426 368989
3280 392989
3997 301874
3231 337409
12944 25
7 4
15498 932756
333207 43384
50184 288057
987624 14637
53592 269739
42804 337722
235683 61336
6 3
910346 271656
192844 255415
190238 648790
506666 914144
230868 327473
58374 89296
2 1
3149 387788
15294 19
2 1
950216 381514
255339 506321
7 4
453096 77367
423243 82824
122264 286713
274536 127687
49938 701964
80852 433566
81918 427924
7 5
740747 42454
186276 168823
722105 43550
86946 361692
140208 224293
850903 36958
133289 235936
8 6
989552 61067
78598 768836
82808 729748
345660 174822
189126 319517
555541 108775
318208 189904
492586 122677
5 2
22784 2199
265726 72
27295 2108
22393 2456
215616 21
2 1
638031 884885
675609 59482
10 6
121693 25704
83538 37444
309672 10101
307692 10166
14467 216216
15939 196248
621621 5032
68376 45747
65416 47817
636548 4914
10 5
980676 29272
284157 935546
516219 899522
777759 518183
499483 260309
588326 677665
896565 49275
625329 863405
629064 276294
380535 383881
5 2
92053 422330
722106 53838
43018 903732
718078 54140
222935 174386
8 5
427679 125420
394469 135979
214558 250000
64640 829819
130132 412193
683872 78435
90095 595366
772614 69426
10 6
299628 105006
791874 39732
66822 470844
116809 269352
400488 78561
128412 245014
133496 235683
232716 135198
56826 553668
715778 43956
10 6
835016 47601
148092 268398
93912 423243
157768 251937
960876 41366
95202 417508
137514 289044
123876 320866
80073 496392
160146 248196
4 1
542473 901143
414003 18856
924034 674856
730081 117550
6 4
324306 479005
383379 68619
1191 591477
109220 383862
513844 607121
680660 825299
3 2
238208 100
22924 2552
21694 2994
8 3
220121 13
28499 2705
21986 2191
20170 2930
26033 2243
289586 18
21475 2019
24688 2898
2 2
34658 244188
361114 23436
3 2
365211 5928
739908 2926
3224 671517
10 7
28879 2981
212988 57
255979 52
22273 2992
27242 2039
211902 16
23131 2359
21285 2774
21064 2534
28984 2252
10 2
15468 22
3674 308423
3512 338507
3246 336946
15442 31
18644 20
3516 327270
3812 356506
3388 385918
3193 354407
2 1
149933 478986
90711 791699
4 1
745458 73534
639991 85652
724090 75704
906058 60500
7 4
212454 32844
911064 7659
437784 15939
10626 656676
419543 16632
21252 328338
249458 27972
4 3
30702 645012
967518 20468
61047 324392
368424 53751
10 2
112702 493781
221794 410946
644048 124915
636155 936532
560856 679469
424746 565262
947842 568672
628098 419750
868712 848273
388546 954805
3 1
13054 85
3145 375851
3385 341148
7 4
213528 190791
89913 453096
209496 194463
306762 132804
453747 89784
80073 508776
259284 157122
9 3
942439 411601
92148 341405
451375 306820
896752 952641
852431 94538
749128 154495
801103 21836
48053 605092
648700 839134
3 2
94392 329189
113183 274536
240219 129352
10 4
29940 2253
258380 54
259279 44
22096 2845
24568 2036
24098 2258
21617 2046
28326 2433
26601 2588
207945 15
7 4
3711 331005
3969 324089
3490 382201
3555 378107
3390 320777
11296 54
10620 60
8 5
6426 539396
268632 12903
55692 62238
507416 6831
552552 6273
16744 207009
23023 150552
19448 178227
