100
1 1
540 600
840 900
2 0
900 1260
180 540
1 1
1439 1440
0 1
2 0
934 1008
1008 1440
1 1
1133 1440
505 1133
1 0
762 1440
0 2
541 901
180 540
0 2
955 1440
841 953
2 0
1151 1346
1346 1440
2 0
707 837
412 696
1 1
1083 1440
713 1083
0 2
1421 1440
1046 1421
2 0
806 1374
1374 1440
2 0
814 927
927 1440
0 2
1337 1440
1088 1337
2 0
594 690
162 594
0 2
203 393
393 867
2 0
10 360
1080 1430
0 2
1421 1440
868 1421
0 2
1080 1440
10 360
0 2
1439 1440
0 1
0 2
1045 1440
997 1045
0 2
1217 1243
866 1091
0 2
1385 1440
690 705
0 2
522 893
1284 1440
1 1
0 1
1439 1440
1 0
1354 1440
0 2
843 1425
723 843
0 2
0 360
1080 1440
0 1
1218 1363
0 1
786 1440
0 2
1196 1255
1255 1440
2 0
499 604
1419 1440
0 2
1106 1278
987 1094
0 2
113 298
1391 1440
1 0
926 1440
2 0
1360 1424
1424 1440
0 1
899 1440
0 2
1232 1235
1235 1440
1 1
1252 1372
1372 1440
2 0
1079 1429
0 360
0 1
1425 1440
2 0
1271 1440
815 942
2 0
1374 1440
317 820
2 0
870 907
907 1440
2 0
262 377
222 244
2 0
875 1150
679 875
0 2
114 348
1278 1366
1 0
1404 1440
2 0
1036 1317
1317 1440
0 1
264 674
0 1
698 858
1 0
950 1392
1 1
644 1183
1183 1440
0 1
777 1440
1 0
1071 1440
2 0
348 861
1346 1440
1 0
631 864
0 2
946 1097
860 946
0 2
540 900
180 540
2 0
1333 1409
295 623
0 2
509 1035
1035 1175
0 1
14 543
0 2
837 1232
1232 1440
2 0
725 932
552 610
2 0
773 845
456 773
0 2
1375 1440
707 1123
0 2
1080 1440
11 361
0 2
540 900
179 539
2 0
841 1223
1223 1440
2 0
677 829
1007 1135
2 0
1387 1440
100 555
2 0
1079 1429
10 360
0 2
73 367
53 73
1 1
1072 1440
20 382
0 2
912 952
298 744
1 0
1385 1409
1 1
816 1440
695 816
1 1
641 919
919 1031
2 0
833 1352
555 559
2 0
422 698
1071 1440
2 0
1178 1434
745 850
2 0
1439 1440
0 1
2 0
928 1048
855 928
2 0
1348 1440
720 1348
2 0
1051 1186
1186 1440
1 0
1268 1440
1 0
9 107
2 0
1001 1017
401 1001
2 0
1273 1440
1233 1273
2 0
165 186
432 749
1 1
973 1440
802 973
2 0
1386 1409
1014 1367
2 0
0 360
1080 1430
0 1
1281 1440
2 0
11 361
1080 1430
2 0
1167 1440
487 868
0 2
806 1440
734 806
0 2
217 859
1164 1165
0 2
820 822
822 1423
