100
4 4
1.4000
0.5000 0.7000 0.8000 0.6000
2 2
1.0000
0.0000 0.0000
2 2
0.0000
0.9000 0.8000
2 2
0.1000
0.4000 0.5000
45 45
16.4949
0.9486 0.7946 0.7915 0.2078 0.2610 0.4192 0.1018 0.6674 0.0349 0.3575 0.1680 0.8886 0.0684 0.9174 0.7588 0.8280 0.5965 0.7642 0.5676 0.1491 0.6726 0.0196 0.0536 0.8251 0.5895 0.1570 0.1482 0.7023 0.8129 0.2749 0.9568 0.9519 0.1407 0.1236 0.0596 0.8749 0.2785 0.2943 0.3039 0.9720 0.0444 0.8881 0.3174 0.1469 0.5169
49 49
26.2040
0.6005 0.7823 0.1750 0.7241 0.2763 0.0686 0.1932 0.3711 0.4867 0.8636 0.4885 0.9043 0.6339 0.2247 0.0407 0.2533 0.5366 0.3082 0.8615 0.9018 0.1303 0.6032 0.0452 0.3348 0.2854 0.1586 0.2213 0.0539 0.3118 0.8476 0.1640 0.9413 0.3627 0.1314 0.6731 0.2704 0.3399 0.6669 0.1761 0.0870 0.0761 0.3902 0.0993 0.2118 0.3753 0.9694 0.7553 0.1767 0.2951
48 48
18.4268
0.3829 0.9635 0.5090 0.1886 0.6283 0.8848 0.8845 0.7111 0.0117 0.9473 0.9271 0.1898 0.6223 0.3435 0.1143 0.6167 0.8538 0.3318 0.6637 0.0645 0.2018 0.8035 0.0017 0.3204 0.5753 0.7839 0.0160 0.3751 0.3248 0.5493 0.2325 0.2021 0.6520 0.7654 0.0993 0.8255 0.0997 0.8812 0.0715 0.1532 0.1305 0.5413 0.0056 0.7143 0.1829 0.9531 0.3398 0.6495
50 50
21.5068
0.5353 0.2077 0.0142 0.5819 0.0410 0.4921 0.2686 0.9766 0.5888 0.1178 0.5044 0.0008 0.0467 0.1758 0.0839 0.2678 0.5543 0.1254 0.9811 0.7191 0.6677 0.8867 0.1838 0.6659 0.3900 0.3015 0.0091 0.1514 0.1526 0.9425 0.3812 0.3433 0.4635 0.1479 0.0869 0.0744 0.0174 0.7686 0.9585 0.3058 0.5591 0.6273 0.2987 0.2769 0.4157 0.1023 0.0206 0.1224 0.8831 0.7179
48 48
17.0432
0.2807 0.0082 0.0409 0.8708 0.3868 0.5093 0.3224 0.7201 0.7384 0.4751 0.2587 0.8214 0.5937 0.4491 0.2607 0.2376 0.5210 0.4385 0.9262 0.5832 0.3310 0.6973 0.8734 0.1529 0.7746 0.6653 0.8345 0.4363 0.9485 0.4885 0.8788 0.3137 0.3556 0.8853 0.9964 0.2450 0.8943 0.5364 0.5348 0.9662 0.5915 0.6655 0.4940 0.5124 0.2517 0.6880 0.1484 0.9901
50 50
0.0000
0.9999 0.9999 0.9999 0.9999 0.9999 0.9999 0.9999 0.9999 0.9999 0.9999 0.9999 0.9999 0.9999 0.9999 0.9999 0.9999 0.9999 0.9999 0.9999 0.9999 0.9999 0.9999 0.9999 0.9999 0.9999 0.9999 0.9999 0.9999 0.9999 0.9999 0.9999 0.9999 0.9999 0.9999 0.9999 0.9999 0.9999 0.9999 0.9999 0.9999 0.9999 0.9999 0.9999 0.9999 0.9999 0.9999 0.9999 0.9999 0.9999 0.9999
46 46
17.7964
0.9472 0.9773 0.9458 0.2869 0.0787 0.4991 0.6296 0.6865 0.3660 0.1329 0.8753 0.6931 0.3589 0.3775 0.1716 0.0019 0.9632 0.4059 0.8053 0.4519 0.0384 0.5008 0.1697 0.3830 0.0318 0.9443 0.2563 0.6495 0.1913 0.3578 0.4070 0.7674 0.6108 0.5047 0.4604 0.3415 0.1160 0.9743 0.9281 0.2058 0.5451 0.1827 0.4733 0.7249 0.6186 0.7291
48 48
22.6277
0.7110 0.2669 0.2053 0.4323 0.1829 0.1948 0.5489 0.9476 0.1383 0.6407 0.3151 0.1966 0.1169 0.7718 0.9862 0.6431 0.6071 0.0341 0.8146 0.0941 0.2950 0.4619 0.1160 0.9661 0.4637 0.9518 0.8698 0.1793 0.4073 0.2981 0.5101 0.0824 0.3666 0.4517 0.7780 0.2002 0.0876 0.8738 0.6077 0.6511 0.3950 0.3347 0.8511 0.8692 0.7340 0.1080 0.9846 0.0599
49 49
14.5644
0.4557 0.9426 0.7603 0.7511 0.4478 0.3125 0.3480 0.1729 0.6471 0.8831 0.2305 0.5744 0.4583 0.8326 0.4052 0.0396 0.5230 0.6991 0.4517 0.6737 0.5284 0.4179 0.7128 0.0513 0.3004 0.5201 0.8417 0.4342 0.3323 0.5984 0.7514 0.9189 0.9749 0.6739 0.6744 0.7552 0.8361 0.9610 0.8874 0.9106 0.9635 0.9536 0.4605 0.8764 0.1590 0.0804 0.3768 0.2402 0.0179
50 50
0.6901
0.7951 0.8265 0.6598 0.8928 0.5983 0.7742 0.1842 0.9641 0.9318 0.8764 0.5160 0.6196 0.5154 0.2215 0.8733 0.1761 0.3483 0.3724 0.2108 0.7205 0.1546 0.0857 0.2443 0.6986 0.2791 0.7287 0.0863 0.2683 0.8091 0.0539 0.1224 0.0507 0.5109 0.2187 0.9438 0.6759 0.3303 0.1090 0.7255 0.2665 0.7417 0.8871 0.7744 0.3512 0.0770 0.3158 0.3337 0.0932 0.6915 0.9926
45 45
15.7053
0.4556 0.9290 0.7284 0.9295 0.5374 0.8080 0.0516 0.2464 0.0344 0.8134 0.7610 0.5739 0.9437 0.3777 0.5301 0.4829 0.7246 0.3310 0.6610 0.2616 0.2827 0.3424 0.1107 0.8252 0.2306 0.5934 0.4244 0.9567 0.7168 0.5689 0.6430 0.3965 0.2687 0.5200 0.8077 0.5392 0.3829 0.8248 0.3084 0.9218 0.5304 0.9482 0.3279 0.8851 0.6044
50 50
1.0000
0.0000 0.0000 0.0000 0.0000 0.0000 0.0000 0.0000 0.0000 0.0000 0.0000 0.0000 0.0000 0.0000 0.0000 0.0000 0.0000 0.0000 0.0000 0.0000 0.0000 0.0000 0.0000 0.0000 0.0000 0.0000 0.0000 0.0000 0.0000 0.0000 0.0000 0.0000 0.0000 0.0000 0.0000 0.0000 0.0000 0.0000 0.0000 0.0000 0.0000 0.0000 0.0000 0.0000 0.0000 0.0000 0.0000 0.0000 0.0000 0.0000 0.0000
48 48
14.6080
0.6224 0.6989 0.3130 0.7974 0.5876 0.8494 0.9136 0.1784 0.1730 0.5710 0.8571 0.7414 0.6627 0.7511 0.0200 0.9081 0.7692 0.2305 0.9815 0.4093 0.6178 0.0893 0.8308 0.9330 0.7024 0.3575 0.0612 0.5612 0.9427 0.6736 0.4644 0.2132 0.5182 0.6284 0.0767 0.7883 0.0152 0.8152 0.2914 0.1590 0.9004 0.1050 0.3734 0.6272 0.5863 0.6549 0.8727 0.3171
1 1
0.3333
0.0000
50 50
0.0000
0.8765 0.8765 0.8765 0.8765 0.8765 0.8765 0.8765 0.8765 0.8765 0.8765 0.8765 0.8765 0.8765 0.8765 0.8765 0.8765 0.8765 0.8765 0.8765 0.8765 0.8765 0.8765 0.8765 0.8765 0.8765 0.8765 0.8765 0.8765 0.8765 0.8765 0.8765 0.8765 0.8765 0.8765 0.8765 0.8765 0.8765 0.8765 0.8765 0.8765 0.8765 0.8765 0.8765 0.8765 0.8765 0.8765 0.8765 0.8765 0.8765 0.8765
49 49
20.5772
0.4775 0.4150 0.2876 0.9986 0.3295 0.6738 0.4684 0.4258 0.9624 0.7149 0.0245 0.2983 0.2079 0.0074 0.9492 0.2461 0.4214 0.1351 0.8240 0.2394 0.4619 0.8268 0.9105 0.5597 0.8612 0.6007 0.0781 0.6230 0.5510 0.7633 0.4205 0.8650 0.7463 0.0365 0.9827 0.5565 0.9356 0.8545 0.7388 0.9686 0.1106 0.9304 0.1869 0.1579 0.6772 0.0798 0.3508 0.5684 0.5288
48 48
15.5206
0.8872 0.7024 0.2663 0.3333 0.1101 0.5738 0.3772 0.5678 0.6574 0.9524 0.6548 0.1147 0.5864 0.8737 0.9798 0.2069 0.2585 0.6699 0.1779 0.9461 0.7702 0.8608 0.5612 0.0817 0.7812 0.7711 0.9211 0.1443 0.3755 0.5851 0.6515 0.6844 0.2355 0.9104 0.7980 0.1816 0.6704 0.0057 0.2046 0.4467 0.0036 0.3918 0.4736 0.6206 0.5917 0.7344 0.7703 0.1396
46 46
18.8848
0.8878 0.9220 0.4941 0.9499 0.8567 0.3062 0.8962 0.2249 0.1633 0.1329 0.3645 0.1534 0.3974 0.3824 0.7985 0.1159 0.5153 0.0496 0.1174 0.4643 0.5415 0.1676 0.6182 0.8355 0.1285 0.6966 0.2956 0.2049 0.3742 0.7393 0.8272 0.2641 0.1673 0.9426 0.0592 0.3175 0.1636 0.7909 0.3753 0.8251 0.8663 0.6682 0.5773 0.6523 0.9786 0.5354
1 1
1.0000
0.0000
49 49
20.5072
0.1975 0.5679 0.7031 0.2139 0.4854 0.6776 0.2195 0.2492 0.9413 0.0247 0.8931 0.6822 0.1599 0.2537 0.9836 0.5106 0.8478 0.4757 0.6281 0.5248 0.2134 0.1566 0.8980 0.5108 0.3113 0.7893 0.7891 0.2342 0.4723 0.3555 0.1154 0.0812 0.1325 0.9738 0.4467 0.8927 0.0174 0.0133 0.9219 0.1433 0.4198 0.2078 0.1211 0.9359 0.1370 0.7620 0.4791 0.9722 0.1151
50 50
0.0000
0.0000 0.0000 0.0000 0.0000 0.0000 0.0000 0.0000 0.0000 0.0000 0.0000 0.0000 0.0000 0.0000 0.0000 0.0000 0.0000 0.0000 0.0000 0.0000 0.0000 0.0000 0.0000 0.0000 0.0000 0.0000 0.0000 0.0000 0.0000 0.0000 0.0000 0.0000 0.0000 0.0000 0.0000 0.0000 0.0000 0.0000 0.0000 0.0000 0.0000 0.0000 0.0000 0.0000 0.0000 0.0000 0.0000 0.0000 0.0000 0.0000 0.0000
47 47
2.2784
0.3364 0.3635 0.0239 0.1902 0.0708 0.7586 0.4495 0.8419 0.5550 0.2816 0.1370 0.1277 0.1539 0.2346 0.1664 0.9963 0.6506 0.6483 0.7958 0.9056 0.6852 0.1259 0.5519 0.1028 0.1305 0.3084 0.6562 0.7939 0.8489 0.8156 0.1637 0.9042 0.1427 0.7511 0.8278 0.6641 0.3204 0.8840 0.4354 0.3553 0.9460 0.6587 0.9917 0.1005 0.8193 0.4923 0.9770
50 50
0.0000
0.8700 0.8700 0.8700 0.8700 0.8700 0.8700 0.8700 0.8700 0.8700 0.8700 0.8700 0.8700 0.8700 0.8700 0.8700 0.8700 0.8700 0.8700 0.8700 0.8700 0.8700 0.8700 0.8700 0.8700 0.8700 0.8700 0.8700 0.8700 0.8700 0.8700 0.8700 0.8700 0.8700 0.8700 0.8700 0.8700 0.8700 0.8700 0.8700 0.8700 0.8700 0.8700 0.8700 0.8700 0.8700 0.8700 0.8700 0.8700 0.8700 0.8700
47 47
0.5837
0.4096 0.5373 0.0343 0.8867 0.5956 0.9918 0.6131 0.7999 0.5646 0.4740 0.3602 0.7335 0.8177 0.8738 0.3950 0.6586 0.0082 0.6248 0.7167 0.3793 0.8463 0.2916 0.8207 0.8003 0.2756 0.3682 0.5064 0.2637 0.3154 0.1457 0.7970 0.6048 0.1291 0.0304 0.9137 0.4499 0.5026 0.4186 0.9160 0.1213 0.7619 0.7741 0.2976 0.5603 0.7012 0.6696 0.8283
2 2
0.0000
1.0000 1.0000
48 48
16.4406
0.0452 0.9644 0.1817 0.9129 0.2703 0.7415 0.9715 0.7664 0.6588 0.1811 0.9199 0.7763 0.4420 0.1093 0.8252 0.2470 0.3457 0.7720 0.2324 0.1121 0.6186 0.8457 0.3484 0.4991 0.7779 0.2214 0.0533 0.2263 0.6248 0.6014 0.7122 0.3539 0.0205 0.3851 0.0010 0.2199 0.6469 0.6942 0.5604 0.6223 0.6501 0.4636 0.8622 0.8765 0.0968 0.1831 0.0018 0.8978
48 48
17.9999
0.7400 0.4840 0.2186 0.6152 0.9875 0.7109 0.4503 0.3995 0.6644 0.2397 0.9711 0.3950 0.1721 0.4225 0.0202 0.0120 0.8610 0.8682 0.1976 0.9327 0.4439 0.5682 0.1437 0.6595 0.7914 0.7351 0.3321 0.0604 0.2709 0.8434 0.7899 0.9906 0.3374 0.9206 0.3243 0.9536 0.8758 0.3445 0.1393 0.8904 0.6552 0.4980 0.9121 0.5952 0.6324 0.4297 0.0419 0.1298
45 45
15.8937
0.4584 0.5158 0.3411 0.8396 0.4413 0.2948 0.2886 0.3310 0.9652 0.3463 0.5751 0.8248 0.3794 0.6453 0.9204 0.8323 0.5210 0.4751 0.1102 0.5197 0.3798 0.2120 0.1826 0.4635 0.2862 0.1302 0.9441 0.9936 0.7377 0.3953 0.3247 0.4813 0.0018 0.7299 0.8974 0.8767 0.8859 0.5997 0.7531 0.3977 0.6113 0.4189 0.4636 0.8699 0.3091
49 49
14.8196
0.9743 0.1957 0.6888 0.7211 0.5181 0.9290 0.1876 0.6216 0.5499 0.7267 0.7871 0.2647 0.0404 0.2685 0.9641 0.5321 0.7969 0.9869 0.9181 0.4420 0.0349 0.6566 0.6028 0.4099 0.6625 0.9508 0.3157 0.6040 0.6943 0.2250 0.5188 0.4107 0.6306 0.6988 0.7060 0.8582 0.1420 0.1526 0.7521 0.2839 0.5407 0.2064 0.5050 0.9041 0.2804 0.7710 0.4131 0.7786 0.6918
45 45
16.9792
0.4103 0.1003 0.9996 0.2537 0.6900 0.4037 0.9909 0.5881 0.6880 0.2566 0.2918 0.0448 0.1971 0.7340 0.0580 0.1964 0.4791 0.5948 0.7772 0.3001 0.0259 0.4860 0.7378 0.1086 0.0487 0.2403 0.7894 0.4133 0.7643 0.4085 0.2551 0.2594 0.2036 0.8005 0.6820 0.8042 0.5984 0.6248 0.5147 0.3489 0.3685 0.1200 0.2933 0.2539 0.8552
47 47
25.5141
0.3612 0.3207 0.9117 0.8345 0.1222 0.6550 0.1910 0.7695 0.8234 0.5790 0.3928 0.6129 0.4567 0.3419 0.8223 0.0219 0.4330 0.6292 0.1305 0.0049 0.3189 0.0048 0.0323 0.9203 0.1080 0.3857 0.3162 0.0079 0.4995 0.7907 0.4845 0.2848 0.9086 0.1788 0.6918 0.2114 0.2629 0.2601 0.8175 0.3340 0.1743 0.3139 0.3238 0.7643 0.6477 0.3043 0.6315
45 45
16.1075
0.4768 0.1110 0.0225 0.2964 0.0945 0.4851 0.7049 0.0320 0.1039 0.4029 0.4194 0.7927 0.9163 0.4213 0.1013 0.1200 0.9213 0.5954 0.3699 0.1730 0.8427 0.7866 0.4088 0.9119 0.3306 0.8167 0.4949 0.5285 0.2686 0.9344 0.9180 0.7982 0.6439 0.3631 0.7939 0.7240 0.3765 0.5150 0.7994 0.0375 0.9038 0.1672 0.6249 0.9547 0.6275
49 49
2.2603
0.6942 0.7001 0.4795 0.7932 0.6125 0.7961 0.8378 0.9229 0.1329 0.2017 0.7809 0.4856 0.6857 0.4266 0.2831 0.5154 0.1762 0.4581 0.1679 0.4606 0.5095 0.4379 0.0852 0.7213 0.7694 0.7444 0.0739 0.5347 0.2368 0.5337 0.3545 0.8354 0.5352 0.0706 0.3106 0.8691 0.8491 0.5509 0.7481 0.5165 0.3850 0.2235 0.1160 0.6047 0.7064 0.2869 0.6873 0.2062 0.8561
45 45
3.5904
0.3308 0.1847 0.3085 0.3892 0.3252 0.7122 0.3028 0.5679 0.4972 0.8075 0.4581 0.2414 0.3655 0.4654 0.7398 0.1272 0.9563 0.4820 0.7976 0.3233 0.5221 0.1018 0.7715 0.4520 0.8945 0.2692 0.6697 0.3324 0.1720 0.4568 0.8268 0.3880 0.2361 0.1824 0.1036 0.5776 0.4244 0.6942 0.7248 0.4465 0.9111 0.8465 0.5127 0.4031 0.3448
49 49
17.7319
0.0659 0.6028 0.6074 0.6571 0.6391 0.7506 0.3742 0.6107 0.8100 0.4617 0.3195 0.5991 0.1038 0.5430 0.1311 0.4000 0.6132 0.7381 0.3401 0.6247 0.7280 0.7237 0.8818 0.6910 0.4295 0.9830 0.0871 0.9157 0.1511 0.7039 0.7340 0.4659 0.4253 0.1993 0.9732 0.7669 0.3863 0.1758 0.7317 0.4695 0.5594 0.5208 0.0644 0.5048 0.7732 0.3106 0.0700 0.0935 0.0717
48 48
21.6614
0.7088 0.4412 0.8722 0.5341 0.4044 0.4850 0.3380 0.7662 0.4615 0.3250 0.8613 0.2193 0.2507 0.5680 0.1263 0.3678 0.1987 0.3962 0.1865 0.4150 0.3182 0.0158 0.1542 0.9141 0.9389 0.1879 0.0689 0.2989 0.8592 0.4282 0.3932 0.3331 0.4568 0.4700 0.4621 0.1323 0.4268 0.7619 0.4440 0.5474 0.4489 0.6494 0.2703 0.3101 0.8137 0.3045 0.5405 0.0791
45 45
15.5259
0.9385 0.1851 0.8516 0.6372 0.7829 0.5882 0.3096 0.1838 0.7829 0.2437 0.4405 0.5426 0.5808 0.0663 0.7994 0.2684 0.7210 0.1270 0.1343 0.8689 0.1013 0.5670 0.9004 0.7598 0.7292 0.7577 0.9791 0.2263 0.1947 0.0604 0.7262 0.5360 0.8598 0.8214 0.6573 0.2944 0.6129 0.0923 0.9165 0.9346 0.4872 0.7229 0.6841 0.1270 0.1245
46 46
20.0774
0.4625 0.3535 0.4501 0.1406 0.2944 0.9490 0.1752 0.9345 0.7685 0.1497 0.9180 0.8005 0.6784 0.6349 0.5807 0.5775 0.3225 0.1623 0.9929 0.7235 0.8641 0.3538 0.6624 0.3854 0.5715 0.0861 0.8554 0.1191 0.5456 0.0417 0.1460 0.6962 0.4643 0.7630 0.5992 0.6087 0.9626 0.7266 0.4829 0.3071 0.0224 0.6430 0.5477 0.1927 0.4487 0.5627
46 46
16.4681
0.6767 0.6748 0.8558 0.2792 0.0266 0.1664 0.8203 0.3772 0.8033 0.1612 0.1956 0.1758 0.9214 0.1504 0.0706 0.2047 0.0947 0.9183 0.1152 0.0701 0.7981 0.1065 0.1739 0.1656 0.1356 0.6979 0.5911 0.2116 0.6273 0.9529 0.7482 0.8123 0.5802 0.4667 0.3078 0.2174 0.7740 0.9892 0.9622 0.7177 0.3713 0.3914 0.6450 0.6762 0.6590 0.3144
50 50
33.3350
0.3333 0.3333 0.3333 0.3333 0.3333 0.3333 0.3333 0.3333 0.3333 0.3333 0.3333 0.3333 0.3333 0.3333 0.3333 0.3333 0.3333 0.3333 0.3333 0.3333 0.3333 0.3333 0.3333 0.3333 0.3333 0.3333 0.3333 0.3333 0.3333 0.3333 0.3333 0.3333 0.3333 0.3333 0.3333 0.3333 0.3333 0.3333 0.3333 0.3333 0.3333 0.3333 0.3333 0.3333 0.3333 0.3333 0.3333 0.3333 0.3333 0.3333
48 48
23.2606
0.5486 0.5835 0.2292 0.4784 0.3716 0.1521 0.8227 0.7062 0.2410 0.1225 0.8850 0.7455 0.7332 0.2883 0.4091 0.1939 0.9207 0.0598 0.7394 0.1437 0.4433 0.6881 0.8504 0.8922 0.2894 0.2391 0.2603 0.1102 0.2098 0.7129 0.6948 0.5133 0.5282 0.1986 0.7524 0.5210 0.4476 0.8933 0.1832 0.6751 0.3492 0.9022 0.3369 0.7304 0.0560 0.4067 0.3297 0.3872
49 49
19.7652
0.5477 0.6409 0.1933 0.9838 0.1846 0.9346 0.4238 0.3557 0.3180 0.6661 0.7629 0.1185 0.0029 0.9080 0.1365 0.5174 0.8637 0.8981 0.8140 0.7496 0.8857 0.6492 0.0558 0.6833 0.6777 0.1137 0.9639 0.3348 0.2806 0.3681 0.5113 0.5141 0.9041 0.9902 0.5706 0.4028 0.2362 0.0436 0.4735 0.9415 0.4260 0.2182 0.9054 0.2845 0.0817 0.6053 0.7676 0.5609 0.4792
46 46
15.4019
0.3449 0.5243 0.1433 0.9689 0.6624 0.9803 0.6719 0.9688 0.6611 0.9764 0.3173 0.9341 0.9961 0.1429 0.3559 0.1769 0.0568 0.1432 0.2300 0.5854 0.8865 0.3975 0.7213 0.1827 0.6682 0.6710 0.7773 0.4324 0.9707 0.8811 0.3948 0.0180 0.7472 0.5217 0.1450 0.5949 0.3199 0.8094 0.8243 0.1148 0.3483 0.6060 0.1837 0.9200 0.4458 0.6803
47 47
15.5633
0.4472 0.3282 0.0458 0.8420 0.9300 0.5033 0.9425 0.8000 0.0245 0.2508 0.7745 0.6972 0.2541 0.1578 0.6314 0.6079 0.4693 0.7640 0.8091 0.0588 0.6817 0.5601 0.7424 0.6921 0.3334 0.6877 0.5738 0.0583 0.7746 0.6349 0.9884 0.0403 0.8540 0.6429 0.7905 0.8877 0.3642 0.2658 0.6727 0.3751 0.5019 0.6690 0.1301 0.0385 0.7762 0.5244 0.8048
48 48
15.8661
0.0941 0.7937 0.0994 0.1054 0.8575 0.7928 0.9908 0.1159 0.5346 0.3338 0.5611 0.1930 0.7375 0.4143 0.3646 0.9045 0.2315 0.8117 0.8318 0.8441 0.2727 0.4459 0.1433 0.0881 0.9810 0.2273 0.7189 0.5137 0.9474 0.1866 0.6019 0.8394 0.8673 0.5672 0.6328 0.5817 0.4298 0.3461 0.0201 0.9734 0.3793 0.2450 0.5044 0.0218 0.8984 0.7718 0.6669 0.2274
50 50
21.1262
0.6048 0.4913 0.2648 0.3403 0.5095 0.5969 0.7556 0.9653 0.3832 0.1327 0.3291 0.8959 0.4551 0.9983 0.1152 0.1641 0.2467 0.1080 0.0772 0.0053 0.3260 0.1503 0.6864 0.4433 0.9404 0.0054 0.3625 0.8153 0.7436 0.2996 0.7636 0.2908 0.3067 0.8754 0.6356 0.0221 0.5684 0.7523 0.1332 0.9796 0.4410 0.6312 0.5994 0.6256 0.3909 0.2423 0.5585 0.8367 0.9929 0.1345
48 48
19.7812
0.4965 0.7193 0.4918 0.1349 0.5689 0.6812 0.2531 0.6798 0.5391 0.5174 0.7967 0.1579 0.0254 0.5463 0.2577 0.3055 0.9477 0.2136 0.0998 0.4820 0.2259 0.8955 0.9222 0.2016 0.8785 0.7931 0.3767 0.1502 0.0727 0.1222 0.5280 0.2978 0.1880 0.0054 0.6436 0.0040 0.4959 0.7437 0.2938 0.4578 0.7197 0.6495 0.8159 0.4693 0.3918 0.6980 0.2681 0.1363
45 45
15.4543
0.3415 0.7323 0.6112 0.7514 0.0017 0.4265 0.2648 0.2605 0.1316 0.9604 0.6547 0.9978 0.9287 0.4364 0.5430 0.0172 0.6530 0.8037 0.8826 0.1058 0.4399 0.5697 0.4097 0.7263 0.9684 0.9780 0.5046 0.3780 0.6536 0.2395 0.4549 0.5039 0.2004 0.4054 0.2571 0.9445 0.5033 0.2174 0.8025 0.6924 0.0061 0.7170 0.8723 0.9004 0.2401
49 49
19.8875
0.0219 0.0911 0.9648 0.9416 0.6218 0.5308 0.7897 0.9971 0.6810 0.3677 0.2034 0.5513 0.6924 0.7070 0.9299 0.5093 0.8891 0.4761 0.4947 0.8060 0.6712 0.6338 0.1695 0.7034 0.8404 0.2687 0.7837 0.5672 0.1624 0.3138 0.6780 0.0736 0.2734 0.2320 0.0416 0.4423 0.3141 0.5814 0.0046 0.5560 0.5315 0.8247 0.7654 0.2403 0.4320 0.3667 0.4762 0.6488 0.2058
50 50
1.0000
0.3333 0.3333 0.3333 0.3333 0.3333 0.3333 0.3333 0.3333 0.3333 0.3333 0.3333 0.3333 0.3333 0.3333 0.3333 0.3333 0.3333 0.3333 0.3333 0.3333 0.3333 0.3333 0.3333 0.3333 0.3333 0.3333 0.3333 0.3333 0.3333 0.3333 0.3333 0.3333 0.3333 0.3333 0.3333 0.3333 0.3333 0.3333 0.3333 0.3333 0.3333 0.3333 0.3333 0.3333 0.3333 0.3333 0.3333 0.3333 0.3333 0.3333
49 49
18.0698
0.6978 0.6071 0.3161 0.1884 0.0616 0.5391 0.2687 0.4482 0.5140 0.9705 0.2874 0.2668 0.0670 0.2812 0.0519 0.4023 0.4100 0.3045 0.7040 0.1330 0.6049 0.2378 0.8462 0.1918 0.6272 0.8388 0.2964 0.2614 0.2059 0.0371 0.3333 0.2280 0.0765 0.3322 0.9353 0.8360 0.9452 0.9273 0.5344 0.2570 0.0038 0.2800 0.5543 0.9725 0.5858 0.3810 0.5835 0.6787 0.8483
45 45
15.0591
0.3877 0.1144 0.2261 0.0548 0.8331 0.9579 0.8253 0.3995 0.2733 0.0993 0.2032 0.0432 0.7317 0.9635 0.9030 0.9151 0.4244 0.3225 0.7228 0.3917 0.0151 0.5483 0.2177 0.1638 0.7873 0.3079 0.8576 0.8548 0.5302 0.7923 0.1988 0.5443 0.5091 0.7467 0.4511 0.8530 0.6866 0.5560 0.5449 0.0554 0.4251 0.8988 0.8158 0.6172 0.8979
50 50
19.4334
0.5754 0.4203 0.8345 0.9557 0.4380 0.6529 0.4740 0.1783 0.1530 0.5655 0.3710 0.3293 0.5229 0.6320 0.2158 0.0052 0.9212 0.0471 0.3154 0.0631 0.0628 0.7875 0.2914 0.6292 0.7403 0.1818 0.1919 0.0531 0.4433 0.3752 0.0200 0.4329 0.8982 0.6863 0.0999 0.0137 0.7079 0.4124 0.1374 0.0982 0.7251 0.7072 0.8012 0.9840 0.7850 0.1359 0.8322 0.9620 0.0370 0.6153
47 47
17.9473
0.4798 0.0775 0.2567 0.4657 0.6142 0.4952 0.8321 0.9178 0.4902 0.2495 0.9122 0.9681 0.7541 0.6958 0.8276 0.6493 0.5442 0.2738 0.3621 0.5187 0.6360 0.4433 0.5356 0.1749 0.5388 0.5496 0.1192 0.4363 0.9068 0.5198 0.9162 0.3709 0.2964 0.3665 0.8364 0.2421 0.6990 0.8748 0.2188 0.3477 0.8342 0.2332 0.1821 0.5718 0.0427 0.7081 0.0908
49 49
21.1888
0.1484 0.3333 0.0247 0.8906 0.4937 0.3317 0.2982 0.0823 0.5908 0.9606 0.2928 0.9068 0.1864 0.3712 0.8208 0.2179 0.4878 0.8100 0.5194 0.4137 0.3634 0.0003 0.3035 0.8513 0.2005 0.8698 0.1294 0.0898 0.5664 0.1429 0.1848 0.1838 0.7164 0.4994 0.4735 0.0307 0.3852 0.3889 0.7170 0.3473 0.4883 0.9257 0.1176 0.3179 0.0157 0.9377 0.2374 0.3653 0.0688
46 46
22.4641
0.8448 0.0203 0.6500 0.1554 0.2253 0.2571 0.9363 0.0157 0.9119 0.5278 0.5472 0.7121 0.5912 0.1185 0.0926 0.4619 0.3302 0.4699 0.6749 0.3576 0.4225 0.6666 0.1856 0.3013 0.1634 0.4728 0.7684 0.2651 0.7273 0.0547 0.3150 0.3606 0.5979 0.9326 0.9370 0.6547 0.5320 0.2660 0.3261 0.0326 0.7069 0.9253 0.5951 0.6874 0.3886 0.1008
47 47
15.7586
0.5423 0.8157 0.5099 0.0727 0.9722 0.5030 0.8093 0.5479 0.3740 0.2895 0.3390 0.3767 0.6323 0.5362 0.4598 0.9219 0.6321 0.5280 0.5506 0.6632 0.7740 0.9065 0.1580 0.8687 0.7048 0.2080 0.5689 0.7859 0.7093 0.5569 0.0956 0.1103 0.3588 0.2310 0.3443 0.4703 0.5681 0.7257 0.2417 0.3783 0.1535 0.8436 0.8875 0.3098 0.8598 0.3594 0.6723
47 47
16.5331
0.2526 0.0058 0.5158 0.5167 0.3331 0.1633 0.2424 0.6336 0.0771 0.7861 0.5645 0.8819 0.7087 0.2652 0.8373 0.6393 0.9659 0.1563 0.5168 0.2805 0.9261 0.4976 0.1954 0.5387 0.4888 0.2244 0.1223 0.1126 0.4670 0.9427 0.3465 0.2302 0.5922 0.6349 0.4554 0.8391 0.6110 0.7722 0.1939 0.9722 0.4285 0.1183 0.0623 0.4773 0.5135 0.6766 0.4791
45 45
18.6081
0.4441 0.7844 0.9435 0.3784 0.3607 0.0202 0.0802 0.0283 0.3309 0.8559 0.7048 0.5473 0.2803 0.8740 0.6483 0.5057 0.7016 0.7545 0.0590 0.9570 0.3861 0.4161 0.5610 0.4528 0.0102 0.9215 0.3140 0.9333 0.9391 0.5551 0.6685 0.2264 0.5596 0.6913 0.0076 0.0893 0.0359 0.2496 0.6112 0.5067 0.8541 0.2453 0.7393 0.2023 0.8046
4 4
1.3999
0.8000 0.6000 0.7000 0.5000
50 50
19.9693
0.1836 0.2027 0.5770 0.1363 0.8430 0.9195 0.1215 0.0856 0.8901 0.5271 0.5966 0.4468 0.4892 0.2784 0.2003 0.8835 0.5302 0.9201 0.6043 0.2544 0.6239 0.3360 0.2937 0.0795 0.1342 0.7089 0.3672 0.5184 0.2168 0.0543 0.8105 0.3383 0.3584 0.8121 0.7704 0.7026 0.3300 0.0648 0.9815 0.0449 0.1776 0.7570 0.6490 0.0101 0.7424 0.4164 0.7323 0.9747 0.5086 0.2484
50 50
0.0050
0.9999 0.9999 0.9999 0.9999 0.9999 0.9999 0.9999 0.9999 0.9999 0.9999 0.9999 0.9999 0.9999 0.9999 0.9999 0.9999 0.9999 0.9999 0.9999 0.9999 0.9999 0.9999 0.9999 0.9999 0.9999 0.9999 0.9999 0.9999 0.9999 0.9999 0.9999 0.9999 0.9999 0.9999 0.9999 0.9999 0.9999 0.9999 0.9999 0.9999 0.9999 0.9999 0.9999 0.9999 0.9999 0.9999 0.9999 0.9999 0.9999 0.9999
2 2
0.5000
0.5000 0.5000
50 50
50.0000
0.0000 0.0000 0.0000 0.0000 0.0000 0.0000 0.0000 0.0000 0.0000 0.0000 0.0000 0.0000 0.0000 0.0000 0.0000 0.0000 0.0000 0.0000 0.0000 0.0000 0.0000 0.0000 0.0000 0.0000 0.0000 0.0000 0.0000 0.0000 0.0000 0.0000 0.0000 0.0000 0.0000 0.0000 0.0000 0.0000 0.0000 0.0000 0.0000 0.0000 0.0000 0.0000 0.0000 0.0000 0.0000 0.0000 0.0000 0.0000 0.0000 0.0000
50 50
23.1952
0.2636 0.6963 0.3275 0.9927 0.2896 0.0782 0.7568 0.1719 0.0443 0.7525 0.2617 0.5688 0.0377 0.2876 0.8324 0.1140 0.3750 0.2774 0.8687 0.5861 0.4783 0.3540 0.4247 0.9530 0.8321 0.7184 0.1244 0.0303 0.4987 0.7905 0.3097 0.6341 0.6238 0.5105 0.4616 0.9142 0.3457 0.3219 0.2506 0.9117 0.6787 0.2459 0.9094 0.8855 0.4051 0.9565 0.2848 0.3644 0.7021 0.0325
50 50
0.0049
0.9999 0.9999 0.9999 0.9999 0.9999 0.9999 0.9999 0.9999 0.9999 0.9999 0.9999 0.9999 0.9999 0.9999 0.9999 0.9999 0.9999 0.9999 0.9999 0.9999 0.9999 0.9999 0.9999 0.9999 0.9999 0.9999 0.9999 0.9999 0.9999 0.9999 0.9999 0.9999 0.9999 0.9999 0.9999 0.9999 0.9999 0.9999 0.9999 0.9999 0.9999 0.9999 0.9999 0.9999 0.9999 0.9999 0.9999 0.9999 0.9999 0.9999
47 47
26.2671
0.4703 0.1616 0.5753 0.0685 0.0073 0.7171 0.3567 0.6486 0.1090 0.5232 0.3041 0.4222 0.0802 0.4352 0.4875 0.0274 0.7461 0.5604 0.0499 0.1745 0.4951 0.3029 0.8490 0.5921 0.0052 0.0367 0.3074 0.8983 0.2118 0.0167 0.6434 0.9939 0.1676 0.2635 0.4897 0.6453 0.3073 0.9371 0.6660 0.3018 0.9907 0.8095 0.0129 0.9595 0.3064 0.7138 0.8755
48 48
20.5748
0.8370 0.4245 0.4019 0.0336 0.3778 0.3576 0.1132 0.5007 0.6884 0.6342 0.1118 0.6512 0.3942 0.3507 0.2451 0.0402 0.1656 0.8514 0.0405 0.2034 0.8013 0.4344 0.7716 0.6641 0.7725 0.2445 0.0011 0.1959 0.8132 0.4060 0.6540 0.9676 0.0041 0.6537 0.5955 0.5733 0.8500 0.6507 0.3483 0.1698 0.5516 0.9907 0.2209 0.4704 0.0881 0.4085 0.1687 0.0889
47 47
15.6643
0.9470 0.8382 0.7088 0.8528 0.5855 0.6781 0.9005 0.4152 0.7736 0.8260 0.7834 0.9425 0.2069 0.9885 0.8827 0.3065 0.5702 0.6370 0.4199 0.8014 0.8704 0.4695 0.1749 0.4408 0.7927 0.5940 0.1762 0.1479 0.1948 0.9458 0.0667 0.5739 0.2935 0.6531 0.6826 0.6334 0.4929 0.3829 0.2553 0.2054 0.0553 0.6670 0.9685 0.1343 0.3531 0.5690 0.6731
47 47
18.2442
0.5816 0.9626 0.4408 0.7510 0.0198 0.3471 0.1688 0.8221 0.5416 0.2641 0.4650 0.5949 0.4097 0.7466 0.2072 0.5223 0.9225 0.3296 0.5960 0.4281 0.9301 0.9582 0.1357 0.2528 0.9748 0.3789 0.6517 0.0011 0.8015 0.0311 0.2292 0.5191 0.4750 0.6987 0.0711 0.5221 0.4942 0.1453 0.3533 0.0824 0.3446 0.2644 0.2368 0.2786 0.2039 0.7726 0.3890
1 1
0.0000
1.0000
2 2
0.3333
0.0000 0.0000
48 48
17.5538
0.3144 0.2997 0.5875 0.9892 0.4097 0.8752 0.8477 0.3726 0.9640 0.3716 0.6597 0.3032 0.0529 0.5082 0.3938 0.1509 0.1320 0.8724 0.5940 0.1135 0.1149 0.9194 0.8535 0.3903 0.0507 0.0762 0.3882 0.8865 0.5087 0.4458 0.0451 0.2217 0.5718 0.5406 0.3020 0.5464 0.4058 0.2002 0.0268 0.8665 0.3088 0.9372 0.5845 0.8205 0.2860 0.0463 0.2626 0.9384
47 47
18.5654
0.9309 0.4946 0.8855 0.8572 0.9056 0.7156 0.8587 0.3728 0.3066 0.8159 0.1119 0.6733 0.2346 0.9540 0.6869 0.4579 0.9510 0.9834 0.7158 0.0552 0.1420 0.3798 0.4483 0.3207 0.4434 0.2747 0.7214 0.0418 0.5428 0.4868 0.7310 0.8080 0.3194 0.6070 0.2582 0.6482 0.6544 0.1600 0.8669 0.9677 0.9327 0.7407 0.7335 0.6438 0.8777 0.0754 0.4026
48 48
22.8774
0.4818 0.2334 0.4224 0.8212 0.2119 0.3855 0.1273 0.3735 0.6633 0.2582 0.7330 0.3210 0.1522 0.5422 0.8812 0.0219 0.5766 0.2436 0.4282 0.0500 0.1034 0.5612 0.2021 0.3207 0.8133 0.7494 0.4454 0.0256 0.8433 0.7068 0.8780 0.4284 0.4759 0.7335 0.3072 0.3340 0.2450 0.0661 0.5070 0.1740 0.2679 0.2915 0.6281 0.3168 0.8739 0.0697 0.7550 0.2922
50 50
18.7317
0.9379 0.6240 0.3350 0.9565 0.1122 0.0312 0.6726 0.3572 0.6182 0.2262 0.4784 0.5991 0.0126 0.2033 0.4131 0.7328 0.5135 0.0439 0.5878 0.4984 0.1173 0.8887 0.6052 0.4054 0.7176 0.5948 0.0340 0.3551 0.2581 0.3382 0.4998 0.2043 0.4665 0.4917 0.0982 0.2159 0.8383 0.1704 0.5929 0.9810 0.6141 0.8559 0.1467 0.8219 0.1211 0.1022 0.5390 0.9226 0.9746 0.6493
48 48
20.4667
0.2194 0.0610 0.3917 0.4402 0.2118 0.6992 0.0679 0.2118 0.9057 0.6370 0.5277 0.6667 0.3252 0.6159 0.2585 0.7538 0.9453 0.1427 0.5673 0.8015 0.0541 0.0311 0.5537 0.6944 0.5829 0.5936 0.6661 0.5419 0.8819 0.0330 0.9167 0.7478 0.6071 0.4171 0.9349 0.8961 0.2324 0.1350 0.0885 0.7255 0.3743 0.0396 0.6056 0.3858 0.8801 0.4885 0.9868 0.5685
45 45
18.5087
0.5756 0.9688 0.4617 0.6976 0.1886 0.9967 0.5568 0.3835 0.7782 0.1468 0.0404 0.0238 0.3491 0.6629 0.6028 0.5384 0.7270 0.0245 0.7793 0.2450 0.5851 0.8865 0.7424 0.1110 0.1689 0.6522 0.5956 0.6456 0.5411 0.0675 0.6760 0.6722 0.3629 0.6866 0.2607 0.6484 0.5108 0.8146 0.9814 0.8118 0.4592 0.7308 0.7506 0.8853 0.3059
46 46
18.3634
0.5536 0.2164 0.5972 0.0356 0.3960 0.5662 0.7786 0.1036 0.4343 0.1260 0.4251 0.0715 0.6304 0.2549 0.2394 0.6047 0.0794 0.9966 0.0668 0.3656 0.8437 0.1023 0.3199 0.2486 0.9051 0.8780 0.8429 0.5219 0.9126 0.4895 0.9706 0.8551 0.6702 0.0020 0.9565 0.5603 0.6756 0.6090 0.2750 0.6012 0.0514 0.1291 0.8779 0.3389 0.6537 0.9573
1 1
0.5000
0.5000
46 46
15.9503
0.1913 0.8943 0.3221 0.3247 0.0965 0.0338 0.5387 0.8989 0.5858 0.9977 0.3001 0.4573 0.8801 0.3435 0.8704 0.7943 0.2641 0.4877 0.4447 0.8132 0.9828 0.9274 0.0424 0.3034 0.4966 0.2394 0.8683 0.8074 0.0146 0.2281 0.3367 0.5681 0.5566 0.4537 0.9019 0.5814 0.2056 0.5888 0.1019 0.6380 0.3231 0.0952 0.6178 0.5262 0.6988 0.5527
50 50
17.0047
0.2633 0.9801 0.5167 0.9501 0.6677 0.0094 0.8322 0.5546 0.9421 0.6243 0.4559 0.9707 0.5332 0.7418 0.9004 0.0076 0.4912 0.7299 0.5308 0.9556 0.4619 0.4393 0.0032 0.4436 0.1295 0.0079 0.7113 0.0968 0.9869 0.6341 0.9518 0.7483 0.9104 0.8366 0.2925 0.9836 0.6334 0.3754 0.1103 0.1328 0.3114 0.5697 0.4360 0.2963 0.4700 0.7822 0.5135 0.1891 0.8148 0.1398
48 48
16.2055
0.0860 0.7248 0.2839 0.3891 0.6140 0.1595 0.4869 0.6390 0.5371 0.6879 0.7697 0.9064 0.3099 0.0387 0.5185 0.1521 0.6477 0.8783 0.6216 0.3855 0.9733 0.8481 0.6078 0.4580 0.7294 0.2038 0.9418 0.1795 0.0950 0.3944 0.1799 0.6337 0.9885 0.2995 0.5943 0.2576 0.2479 0.5610 0.0538 0.8929 0.7913 0.5891 0.7409 0.8644 0.3034 0.4936 0.5495 0.6796
4 4
0.0001
0.0000 0.0000 0.0000 0.0000
48 48
19.9251
0.5717 0.7389 0.4692 0.5123 0.3371 0.6777 0.7199 0.6934 0.9801 0.4352 0.3291 0.6244 0.5888 0.3129 0.7172 0.7687 0.2701 0.1366 0.3087 0.4100 0.1060 0.9573 0.6396 0.0484 0.9837 0.1036 0.8130 0.8689 0.8266 0.5382 0.0501 0.2705 0.4072 0.0284 0.3433 0.6323 0.8974 0.9962 0.3172 0.8404 0.8885 0.6658 0.7133 0.2207 0.4662 0.1507 0.0872 0.6508
45 45
20.3231
0.3351 0.6494 0.9624 0.1565 0.6046 0.3200 0.1457 0.4087 0.7408 0.9800 0.0829 0.8282 0.8755 0.0778 0.2983 0.1353 0.8448 0.1308 0.9279 0.0879 0.0997 0.0138 0.1298 0.8941 0.4798 0.3748 0.1549 0.0891 0.2001 0.8237 0.1798 0.5200 0.2202 0.5884 0.6359 0.6591 0.8934 0.5521 0.1056 0.6032 0.8736 0.1983 0.1215 0.2599 0.0736
45 45
20.0366
0.5804 0.3081 0.0302 0.6340 0.8808 0.7306 0.2871 0.2481 0.6140 0.8567 0.6082 0.9900 0.2945 0.1116 0.1539 0.8507 0.9050 0.4629 0.8513 0.7028 0.5541 0.5838 0.2703 0.6972 0.3975 0.6110 0.3175 0.4746 0.7016 0.1703 0.0755 0.0960 0.1817 0.5730 0.8738 0.7976 0.3141 0.8253 0.1355 0.7695 0.0386 0.4977 0.3969 0.9428 0.9837
45 45
16.1917
0.3654 0.2233 0.1864 0.8069 0.2491 0.6024 0.4125 0.8352 0.8490 0.6225 0.5918 0.4978 0.3327 0.7664 0.0863 0.2284 0.3947 0.5925 0.5930 0.7322 0.2258 0.6050 0.7997 0.6937 0.6909 0.6252 0.0033 0.8188 0.4925 0.8932 0.4470 0.2001 0.3944 0.5546 0.5945 0.9810 0.8301 0.2752 0.8903 0.7958 0.8580 0.9092 0.0632 0.5184 0.3029
2 2
0.3333
0.5000 0.5000
47 47
17.6993
0.8249 0.8858 0.6941 0.3382 0.6730 0.6114 0.2639 0.6321 0.4332 0.2699 0.5308 0.5325 0.0745 0.8358 0.8028 0.2340 0.0963 0.1395 0.1487 0.9117 0.0820 0.6289 0.3831 0.7066 0.0359 0.7787 0.0508 0.1504 0.1102 0.3843 0.7578 0.4997 0.2977 0.3766 0.5761 0.4023 0.9593 0.9179 0.8443 0.2937 0.0053 0.2469 0.7391 0.7592 0.7477 0.9708 0.2050
47 47
20.9159
0.2052 0.1133 0.2468 0.4115 0.6446 0.9262 0.6753 0.6478 0.1644 0.6881 0.4947 0.3809 0.5660 0.1093 0.2373 0.2281 0.8890 0.3985 0.8678 0.1443 0.6487 0.9202 0.3484 0.4600 0.7686 0.6453 0.2541 0.9882 0.5900 0.9680 0.5928 0.2349 0.9476 0.2468 0.3852 0.9577 0.9712 0.1433 0.6350 0.8735 0.3347 0.1137 0.0194 0.3537 0.3936 0.0542 0.3665
50 50
0.0000
1.0000 1.0000 1.0000 1.0000 1.0000 1.0000 1.0000 1.0000 1.0000 1.0000 1.0000 1.0000 1.0000 1.0000 1.0000 1.0000 1.0000 1.0000 1.0000 1.0000 1.0000 1.0000 1.0000 1.0000 1.0000 1.0000 1.0000 1.0000 1.0000 1.0000 1.0000 1.0000 1.0000 1.0000 1.0000 1.0000 1.0000 1.0000 1.0000 1.0000 1.0000 1.0000 1.0000 1.0000 1.0000 1.0000 1.0000 1.0000 1.0000 1.0000
50 50
0.0000
0.3333 0.3333 0.3333 0.3333 0.3333 0.3333 0.3333 0.3333 0.3333 0.3333 0.3333 0.3333 0.3333 0.3333 0.3333 0.3333 0.3333 0.3333 0.3333 0.3333 0.3333 0.3333 0.3333 0.3333 0.3333 0.3333 0.3333 0.3333 0.3333 0.3333 0.3333 0.3333 0.3333 0.3333 0.3333 0.3333 0.3333 0.3333 0.3333 0.3333 0.3333 0.3333 0.3333 0.3333 0.3333 0.3333 0.3333 0.3333 0.3333 0.3333
1 1
0.3333
0.5000
47 47
19.7401
0.3823 0.9588 0.4782 0.5439 0.1041 0.3544 0.3483 0.1639 0.8829 0.3778 0.2112 0.7977 0.2399 0.0881 0.2373 0.3256 0.7687 0.2502 0.2602 0.5154 0.6228 0.0666 0.4262 0.1058 0.5647 0.2853 0.0109 0.9394 0.5433 0.4809 0.7551 0.1509 0.3643 0.4297 0.4397 0.1339 0.4730 0.9261 0.8624 0.1628 0.4395 0.5850 0.0098 0.2697 0.8204 0.9602 0.3248
48 48
19.1828
0.9398 0.8816 0.8602 0.5408 0.4658 0.7934 0.0635 0.1369 0.7243 0.4642 0.1865 0.8872 0.4797 0.9451 0.6974 0.0025 0.0313 0.3708 0.5820 0.1720 0.8486 0.4534 0.6512 0.5669 0.4934 0.3027 0.2657 0.9791 0.2682 0.7406 0.1510 0.6736 0.3138 0.7649 0.5277 0.7435 0.8373 0.7475 0.1142 0.2196 0.1737 0.7227 0.5327 0.8158 0.3415 0.7458 0.7894 0.4160
