100
4 4
1.4000
0.5000 0.7000 0.8000 0.6000
2 2
1.0000
0.0000 0.0000
2 2
0.0000
0.9000 0.8000
2 2
0.1000
0.4000 0.5000
47 47
2.2784
0.6852 0.0708 0.9056 0.9460 0.8840 0.8156 0.1637 0.3084 0.7939 0.3364 0.1370 0.1305 0.3635 0.6562 0.9770 0.5550 0.9042 0.6506 0.6483 0.1427 0.8193 0.6587 0.7511 0.2816 0.8489 0.1539 0.1277 0.4923 0.1902 0.5519 0.1259 0.9917 0.7586 0.1028 0.3204 0.1664 0.2346 0.8419 0.9963 0.0239 0.3553 0.7958 0.1005 0.6641 0.8278 0.4495 0.4354
50 50
18.9530
0.0341 0.9453 0.9259 0.3445 0.0783 0.1982 0.5426 0.6124 0.6203 0.7607 0.6670 0.7051 0.8862 0.0885 0.8271 0.4449 0.4352 0.9549 0.8139 0.1291 0.4419 0.3196 0.9689 0.3479 0.9836 0.1579 0.4220 0.8033 0.9023 0.2321 0.9269 0.0721 0.1553 0.0573 0.7032 0.3008 0.8850 0.1715 0.6311 0.1359 0.9161 0.0079 0.0982 0.4756 0.8014 0.7566 0.1865 0.2228 0.7251 0.3711
50 50
33.3350
0.3333 0.3333 0.3333 0.3333 0.3333 0.3333 0.3333 0.3333 0.3333 0.3333 0.3333 0.3333 0.3333 0.3333 0.3333 0.3333 0.3333 0.3333 0.3333 0.3333 0.3333 0.3333 0.3333 0.3333 0.3333 0.3333 0.3333 0.3333 0.3333 0.3333 0.3333 0.3333 0.3333 0.3333 0.3333 0.3333 0.3333 0.3333 0.3333 0.3333 0.3333 0.3333 0.3333 0.3333 0.3333 0.3333 0.3333 0.3333 0.3333 0.3333
46 46
16.6555
0.6062 0.3199 0.8267 0.3510 0.5160 0.5530 0.1131 0.9345 0.9887 0.9058 0.6477 0.1663 0.8782 0.5136 0.2265 0.4533 0.6198 0.4933 0.8265 0.4404 0.6420 0.7378 0.4582 0.8667 0.5993 0.7298 0.1830 0.5306 0.2848 0.7714 0.1218 0.4389 0.3616 0.2932 0.4642 0.6968 0.2507 0.8028 0.4151 0.2426 0.7624 0.2197 0.0895 0.7696 0.0397 0.2621
47 47
22.1402
0.8236 0.3275 0.4166 0.1858 0.1350 0.0217 0.8877 0.0313 0.5520 0.2107 0.7290 0.5044 0.5131 0.3529 0.6471 0.7429 0.0940 0.5986 0.3713 0.9278 0.0268 0.6744 0.8187 0.9736 0.8970 0.2195 0.6709 0.7422 0.6927 0.8182 0.6048 0.6550 0.2464 0.6617 0.1130 0.6052 0.2109 0.4726 0.5010 0.5112 0.3715 0.2661 0.8044 0.3622 0.4053 0.4283 0.9299
49 49
18.6893
0.9929 0.1977 0.0738 0.5665 0.6087 0.7913 0.7493 0.1966 0.5035 0.7976 0.2101 0.7186 0.1798 0.3302 0.0309 0.4387 0.2190 0.3180 0.8171 0.0311 0.7433 0.9281 0.0032 0.0379 0.8060 0.7897 0.6816 0.3279 0.6328 0.5225 0.2667 0.6882 0.4963 0.8676 0.8985 0.8699 0.5910 0.8716 0.6287 0.2410 0.6821 0.4447 0.2984 0.7484 0.3724 0.4308 0.6904 0.9608 0.7744
50 50
16.1555
0.8767 0.3243 0.4872 0.8353 0.4631 0.8073 0.7298 0.6626 0.2604 0.2556 0.9406 0.4764 0.8859 0.9980 0.7995 0.7963 0.2426 0.3786 0.6067 0.8900 0.6370 0.9895 0.3573 0.3088 0.4649 0.5505 0.7985 0.6402 0.8076 0.1287 0.7783 0.1036 0.1381 0.3339 0.2866 0.2799 0.5174 0.2239 0.9991 0.3899 0.1599 0.8527 0.1676 0.4754 0.0419 0.9749 0.6464 0.6345 0.9850 0.0264
2 2
0.3333
0.5000 0.5000
45 45
3.5904
0.3028 0.8945 0.2361 0.6942 0.1018 0.4654 0.5127 0.4520 0.4581 0.7398 0.3892 0.6697 0.4244 0.3308 0.8465 0.3880 0.7122 0.4568 0.4031 0.5221 0.7248 0.4972 0.7976 0.1824 0.1036 0.5776 0.3448 0.4465 0.1720 0.8268 0.2692 0.8075 0.1847 0.1272 0.3252 0.9563 0.2414 0.3324 0.3655 0.9111 0.3085 0.3233 0.7715 0.5679 0.4820
50 50
16.6863
0.5584 0.4005 0.1211 0.9300 0.8472 0.8140 0.5407 0.1467 0.4069 0.1354 0.4835 0.3170 0.5401 0.3672 0.0478 0.9555 0.6963 0.5163 0.5285 0.8519 0.5485 0.2861 0.2590 0.1722 0.1340 0.0431 0.5927 0.9406 0.7196 0.4770 0.6075 0.9315 0.8062 0.2537 0.3225 0.9974 0.5033 0.6325 0.6520 0.3930 0.1482 0.5880 0.5469 0.6763 0.4407 0.2925 0.5728 0.7467 0.7553 0.1870
50 50
21.9547
0.9993 0.2831 0.4280 0.9883 0.3288 0.6920 0.2600 0.8940 0.4386 0.9491 0.6329 0.8192 0.2767 0.7584 0.5817 0.5694 0.1075 0.4757 0.6627 0.0079 0.5552 0.0635 0.4278 0.1833 0.5296 0.9951 0.7556 0.8131 0.7735 0.2297 0.1011 0.7960 0.6525 0.4008 0.1335 0.3727 0.4781 0.0257 0.1271 0.5659 0.4897 0.6147 0.8569 0.1220 0.1161 0.9821 0.2099 0.1572 0.6513 0.8874
50 50
0.0000
0.0000 0.0000 0.0000 0.0000 0.0000 0.0000 0.0000 0.0000 0.0000 0.0000 0.0000 0.0000 0.0000 0.0000 0.0000 0.0000 0.0000 0.0000 0.0000 0.0000 0.0000 0.0000 0.0000 0.0000 0.0000 0.0000 0.0000 0.0000 0.0000 0.0000 0.0000 0.0000 0.0000 0.0000 0.0000 0.0000 0.0000 0.0000 0.0000 0.0000 0.0000 0.0000 0.0000 0.0000 0.0000 0.0000 0.0000 0.0000 0.0000 0.0000
45 45
21.2652
0.3332 0.5533 0.8891 0.0062 0.0245 0.0252 0.2958 0.0388 0.6898 0.1327 0.0205 0.7430 0.1910 0.2454 0.7521 0.0507 0.6691 0.3922 0.4501 0.1663 0.6751 0.2346 0.0695 0.0262 0.9682 0.2760 0.4083 0.5612 0.1174 0.4679 0.0315 0.0993 0.8929 0.9134 0.7446 0.3212 0.7347 0.6149 0.2029 0.1097 0.2551 0.8838 0.3107 0.7954 0.2407
48 48
18.4462
0.6343 0.3241 0.4827 0.3788 0.3683 0.5706 0.6019 0.4561 0.5114 0.8474 0.0710 0.4065 0.6442 0.9484 0.5819 0.7206 0.0052 0.6495 0.3737 0.5492 0.2825 0.1386 0.1267 0.8326 0.5125 0.0136 0.8243 0.1600 0.4045 0.1257 0.0452 0.1650 0.9009 0.4052 0.2363 0.0853 0.8712 0.5328 0.8031 0.0237 0.0605 0.2749 0.7953 0.5642 0.7704 0.2336 0.8394 0.0327
47 47
16.0152
0.5709 0.9271 0.4050 0.2246 0.9186 0.3179 0.9696 0.1983 0.0519 0.3549 0.8097 0.7348 0.1973 0.8388 0.9627 0.8614 0.6407 0.6941 0.8466 0.7295 0.7205 0.1945 0.1509 0.6728 0.9153 0.0536 0.6293 0.9368 0.4818 0.2348 0.8338 0.4960 0.0580 0.7340 0.4392 0.6565 0.4947 0.4296 0.7294 0.3204 0.2207 0.4601 0.3137 0.6061 0.0558 0.8935 0.3244
46 46
18.4066
0.2209 0.7068 0.6081 0.0167 0.1746 0.2944 0.2963 0.2098 0.6186 0.2317 0.2577 0.7465 0.7457 0.2376 0.4853 0.6508 0.7756 0.7954 0.7143 0.9111 0.4477 0.5272 0.3662 0.4707 0.3781 0.9782 0.0209 0.7549 0.5572 0.9119 0.7330 0.7574 0.9147 0.0837 0.9259 0.9965 0.0250 0.9077 0.1872 0.2029 0.5822 0.6318 0.8245 0.9105 0.2439 0.2429
48 48
27.5575
0.2449 0.9727 0.0453 0.7992 0.6339 0.2791 0.1528 0.6325 0.3978 0.3569 0.1196 0.5514 0.7198 0.3490 0.0687 0.2414 0.4269 0.0680 0.4556 0.4144 0.0923 0.1605 0.1120 0.2585 0.4719 0.6124 0.6376 0.1485 0.0800 0.8121 0.3981 0.3297 0.1846 0.8348 0.1606 0.0122 0.8953 0.3328 0.3390 0.8804 0.7069 0.3091 0.5465 0.9820 0.3370 0.3779 0.7960 0.5126
45 45
16.1918
0.3228 0.5402 0.1296 0.2597 0.6971 0.2669 0.2220 0.1915 0.1589 0.9604 0.1233 0.3288 0.1746 0.7743 0.2491 0.8042 0.5894 0.5179 0.2925 0.7677 0.4834 0.9886 0.7624 0.8740 0.6225 0.3304 0.0001 0.9629 0.6300 0.1277 0.9435 0.1400 0.0689 0.8704 0.1202 0.6377 0.3946 0.3166 0.8518 0.1022 0.4414 0.7345 0.8856 0.0880 0.0365
45 45
15.4880
0.4174 0.8967 0.4621 0.0304 0.4360 0.4673 0.6990 0.4068 0.6755 0.4149 0.2515 0.3154 0.0252 0.9461 0.6621 0.8787 0.0294 0.7394 0.7172 0.2638 0.0374 0.3021 0.3774 0.7402 0.7465 0.3811 0.6325 0.9302 0.9486 0.2025 0.4555 0.6555 0.6392 0.4049 0.5525 0.3217 0.2059 0.1265 0.6371 0.9288 0.4480 0.5521 0.5825 0.2890 0.1981
46 46
18.5186
0.8958 0.5406 0.0668 0.1330 0.5373 0.6704 0.2168 0.5320 0.4653 0.6193 0.7228 0.0690 0.9770 0.2926 0.7791 0.6422 0.8027 0.4520 0.2989 0.6858 0.4475 0.5421 0.1605 0.9156 0.9820 0.5727 0.6297 0.6019 0.9469 0.6789 0.6439 0.5765 0.8168 0.2403 0.1338 0.5290 0.5407 0.7569 0.4832 0.4043 0.7604 0.1713 0.0430 0.8820 0.3911 0.7706
2 2
0.0000
1.0000 1.0000
48 48
21.1235
0.5842 0.6535 0.6358 0.3148 0.9075 0.9763 0.2052 0.3579 0.4376 0.5791 0.8404 0.7520 0.1530 0.8745 0.8816 0.0341 0.0837 0.1126 0.3212 0.8730 0.4852 0.4430 0.0639 0.8529 0.7872 0.7758 0.2733 0.0566 0.1506 0.7522 0.9586 0.7325 0.0576 0.6955 0.1513 0.9267 0.1754 0.2669 0.3932 0.5553 0.0143 0.0599 0.7451 0.7509 0.8010 0.6050 0.5529 0.5653
1 1
0.5000
0.5000
49 49
17.5026
0.9721 0.0433 0.4106 0.5362 0.5551 0.8101 0.1390 0.3559 0.5765 0.3577 0.7103 0.8319 0.9236 0.1775 0.6717 0.2812 0.2912 0.8827 0.6472 0.6566 0.3578 0.4505 0.0220 0.8768 0.1552 0.3364 0.4260 0.3450 0.9257 1.0000 0.1755 0.1997 0.7348 0.7493 0.1453 0.9294 0.2635 0.3753 0.6801 0.2980 0.9186 0.8698 0.8556 0.1926 0.2596 0.3724 0.9167 0.8916 0.0237
46 46
19.7087
0.4969 0.6656 0.4496 0.1578 0.1246 0.6612 0.7638 0.4837 0.3704 0.3098 0.7831 0.9443 0.8714 0.3309 0.0300 0.8868 0.6709 0.9548 0.0986 0.2669 0.2063 0.5583 0.3306 0.3982 0.8585 0.0027 0.1887 0.9654 0.9362 0.4697 0.2187 0.6175 0.2594 0.3579 0.4891 0.2875 0.6305 0.0672 0.9272 0.1406 0.2876 0.5350 0.2267 0.6319 0.7897 0.4719
49 49
25.2485
0.0082 0.8646 0.2206 0.0516 0.5721 0.0573 0.5168 0.0231 0.9278 0.4381 0.2246 0.7003 0.3041 0.5178 0.3763 0.2641 0.7409 0.2181 0.1143 0.4869 0.8681 0.3699 0.0610 0.4312 0.4078 0.5578 0.0804 0.8397 0.3157 0.9497 0.1834 0.0323 0.8114 0.5472 0.9024 0.5953 0.3314 0.9528 0.2407 0.4906 0.3562 0.8628 0.0826 0.8261 0.3688 0.1383 0.6881 0.2723 0.5212
46 46
18.3201
0.9022 0.3290 0.8244 0.0740 0.6687 0.9060 0.1560 0.4192 0.7689 0.0269 0.9423 0.1132 0.3161 0.3937 0.3030 0.5166 0.8524 0.9682 0.1713 0.3149 0.7452 0.6563 0.3679 0.0861 0.7128 0.6997 0.8430 0.4141 0.3527 0.0256 0.6810 0.3766 0.3259 0.3099 0.1539 0.2908 0.1305 0.8053 0.3519 0.8374 0.5669 0.0578 0.3925 0.2523 0.4067 0.3177
50 50
0.0000
0.9999 0.9999 0.9999 0.9999 0.9999 0.9999 0.9999 0.9999 0.9999 0.9999 0.9999 0.9999 0.9999 0.9999 0.9999 0.9999 0.9999 0.9999 0.9999 0.9999 0.9999 0.9999 0.9999 0.9999 0.9999 0.9999 0.9999 0.9999 0.9999 0.9999 0.9999 0.9999 0.9999 0.9999 0.9999 0.9999 0.9999 0.9999 0.9999 0.9999 0.9999 0.9999 0.9999 0.9999 0.9999 0.9999 0.9999 0.9999 0.9999 0.9999
47 47
13.8878
0.4163 0.9485 0.7933 0.0762 0.5465 0.9267 0.5454 0.8210 0.7171 0.9669 0.9264 0.2065 0.9080 0.5405 0.8286 0.1054 0.4204 0.8751 0.3442 0.6107 0.7264 0.8237 0.2559 0.9702 0.4770 0.7622 0.3834 0.2618 0.5206 0.4243 0.5066 0.4755 0.2645 0.8341 0.3502 0.7440 0.8886 0.6327 0.0714 0.5535 0.2581 0.2914 0.9351 0.5118 0.2961 0.8649 0.9010
45 45
17.5178
0.4073 0.2867 0.4620 0.4606 0.1982 0.0547 0.6912 0.3463 0.0661 0.0371 0.5646 0.5298 0.2469 0.5588 0.8818 0.0944 0.7741 0.4377 0.4404 0.8628 0.3031 0.4100 0.8624 0.4183 0.5171 0.9199 0.2440 0.9572 0.7731 0.7576 0.4874 0.1165 0.4713 0.3522 0.5102 0.6239 0.1123 0.9671 0.2714 0.8675 0.6297 0.7459 0.6610 0.6420 0.2218
49 49
16.6945
0.7526 0.3851 0.9483 0.3629 0.0592 0.2215 0.6804 0.1407 0.3677 0.1547 0.5206 0.8774 0.6443 0.7268 0.9740 0.0897 0.0275 0.6692 0.2612 0.4234 0.8536 0.7460 0.9801 0.8948 0.4841 0.8582 0.8764 0.9425 0.3173 0.7789 0.2399 0.7881 0.8894 0.3448 0.3932 0.4869 0.2539 0.5718 0.6712 0.1175 0.6519 0.9569 0.3592 0.6173 0.9444 0.0180 0.5796 0.9774 0.8307
50 50
18.5864
0.9081 0.2158 0.4389 0.3608 0.7078 0.1379 0.5188 0.4166 0.7447 0.3633 0.7628 0.0487 0.9653 0.2720 0.0548 0.6240 0.6463 0.6679 0.7305 0.8599 0.3756 0.0819 0.0670 0.4428 0.9491 0.4474 0.3674 0.4619 0.1578 0.4158 0.1017 0.0410 0.4157 0.7168 0.0261 0.8102 0.9959 0.2347 0.5293 0.6859 0.5045 0.9336 0.8137 0.0883 0.9853 0.9345 0.8382 0.4172 0.3534 0.3091
46 46
15.2948
0.0507 0.3020 0.6305 0.3582 0.7817 0.7555 0.0084 0.0065 0.7500 0.6390 0.7995 0.7751 0.3274 0.2501 0.7080 0.3555 0.9094 0.7214 0.5483 0.7197 0.4999 0.2130 0.8149 0.2720 0.7257 0.7422 0.9776 0.7665 0.2116 0.5569 0.6330 0.0488 0.4146 0.4189 0.1830 0.9023 0.5940 0.1725 0.5141 0.7056 0.8560 0.1322 0.8946 0.0770 0.3241 0.2996
50 50
0.0000
1.0000 1.0000 1.0000 1.0000 1.0000 1.0000 1.0000 1.0000 1.0000 1.0000 1.0000 1.0000 1.0000 1.0000 1.0000 1.0000 1.0000 1.0000 1.0000 1.0000 1.0000 1.0000 1.0000 1.0000 1.0000 1.0000 1.0000 1.0000 1.0000 1.0000 1.0000 1.0000 1.0000 1.0000 1.0000 1.0000 1.0000 1.0000 1.0000 1.0000 1.0000 1.0000 1.0000 1.0000 1.0000 1.0000 1.0000 1.0000 1.0000 1.0000
49 49
21.5143
0.0043 0.9552 0.2593 0.8141 0.1526 0.3712 0.5855 0.3785 0.3277 0.5651 0.0325 0.3334 0.2692 0.3739 0.9291 0.7180 0.9842 0.3021 0.7427 0.0644 0.2617 0.4719 0.3938 0.0844 0.1832 0.4758 0.2170 0.9944 0.6392 0.4587 0.3044 0.6362 0.5234 0.6105 0.2462 0.3713 0.6976 0.7282 0.4176 0.0412 0.5864 0.4688 0.4022 0.4717 0.0085 0.1275 0.7564 0.1687 0.9597
50 50
0.0000
0.8765 0.8765 0.8765 0.8765 0.8765 0.8765 0.8765 0.8765 0.8765 0.8765 0.8765 0.8765 0.8765 0.8765 0.8765 0.8765 0.8765 0.8765 0.8765 0.8765 0.8765 0.8765 0.8765 0.8765 0.8765 0.8765 0.8765 0.8765 0.8765 0.8765 0.8765 0.8765 0.8765 0.8765 0.8765 0.8765 0.8765 0.8765 0.8765 0.8765 0.8765 0.8765 0.8765 0.8765 0.8765 0.8765 0.8765 0.8765 0.8765 0.8765
48 48
16.8118
0.5418 0.3730 0.8443 0.9208 0.7629 0.9005 0.2961 0.8239 0.8518 0.8542 0.1051 0.2492 0.4932 0.8009 0.3252 0.4505 0.2333 0.9061 0.3881 0.8536 0.9224 0.2842 0.7479 0.3610 0.9578 0.8152 0.6381 0.5648 0.4341 0.9926 0.8718 0.7361 0.1273 0.2795 0.3113 0.0384 0.8972 0.3751 0.5453 0.9151 0.2926 0.1247 0.0443 0.0434 0.7942 0.3692 0.7800 0.4385
1 1
0.3333
0.0000
50 50
20.3178
0.0253 0.3531 0.9911 0.9909 0.0769 0.3307 0.5535 0.7286 0.5784 0.6479 0.0482 0.0669 0.1099 0.4164 0.4631 0.7722 0.3389 0.1731 0.1738 0.9786 0.1002 0.8846 0.0525 0.7865 0.3835 0.6710 0.8263 0.5722 0.1478 0.2002 0.6947 0.8218 0.2400 0.3943 0.8628 0.1120 0.8658 0.9764 0.7938 0.1225 0.4493 0.2553 0.1725 0.6757 0.3092 0.1005 0.5522 0.1779 0.2812 0.0944
1 1
0.0000
1.0000
50 50
0.0000
0.8700 0.8700 0.8700 0.8700 0.8700 0.8700 0.8700 0.8700 0.8700 0.8700 0.8700 0.8700 0.8700 0.8700 0.8700 0.8700 0.8700 0.8700 0.8700 0.8700 0.8700 0.8700 0.8700 0.8700 0.8700 0.8700 0.8700 0.8700 0.8700 0.8700 0.8700 0.8700 0.8700 0.8700 0.8700 0.8700 0.8700 0.8700 0.8700 0.8700 0.8700 0.8700 0.8700 0.8700 0.8700 0.8700 0.8700 0.8700 0.8700 0.8700
47 47
15.0420
0.2879 0.7555 0.4689 0.6845 0.8184 0.4582 0.7332 0.2917 0.8970 0.2767 0.1974 0.8300 0.6623 0.9619 0.7194 0.8308 0.0587 0.6285 0.2334 0.3494 0.7507 0.7236 0.9026 0.5916 0.0312 0.5558 0.2015 0.3466 0.5942 0.1099 0.4488 0.5966 0.9800 0.4781 0.3163 0.5309 0.8667 0.6629 0.7027 0.2063 0.2991 0.4927 0.7339 0.4347 0.7084 0.3124 0.3676
49 49
19.6842
0.7538 0.5095 0.2234 0.6106 0.4621 0.7214 0.0733 0.5284 0.0596 0.1288 0.3474 0.3004 0.7889 0.1963 0.1485 0.4698 0.3012 0.2490 0.0645 0.4183 0.7686 0.0335 0.9523 0.0488 0.4059 0.1020 0.7514 0.2890 0.5184 0.7628 0.6107 0.5348 0.1925 0.4145 0.5026 0.8313 0.4266 0.3657 0.9202 0.7293 0.9837 0.1683 0.0109 0.3122 0.6373 0.9355 0.7202 0.7403 0.4847
48 48
15.5802
0.0989 0.0406 0.6881 0.2462 0.0993 0.6035 0.8382 0.5390 0.3527 0.5604 0.3698 0.0263 0.4155 0.9425 0.1016 0.5748 0.7573 0.3005 0.4186 0.0858 0.1564 0.7378 0.9762 0.4184 0.2975 0.2447 0.7956 0.2023 0.6885 0.8433 0.6289 0.9708 0.5823 0.3964 0.8140 0.0253 0.8114 0.2317 0.3294 0.2483 0.8957 0.5950 0.6839 0.8997 0.9504 0.8236 0.9999 0.8112
50 50
50.0000
0.0000 0.0000 0.0000 0.0000 0.0000 0.0000 0.0000 0.0000 0.0000 0.0000 0.0000 0.0000 0.0000 0.0000 0.0000 0.0000 0.0000 0.0000 0.0000 0.0000 0.0000 0.0000 0.0000 0.0000 0.0000 0.0000 0.0000 0.0000 0.0000 0.0000 0.0000 0.0000 0.0000 0.0000 0.0000 0.0000 0.0000 0.0000 0.0000 0.0000 0.0000 0.0000 0.0000 0.0000 0.0000 0.0000 0.0000 0.0000 0.0000 0.0000
50 50
0.0050
0.9999 0.9999 0.9999 0.9999 0.9999 0.9999 0.9999 0.9999 0.9999 0.9999 0.9999 0.9999 0.9999 0.9999 0.9999 0.9999 0.9999 0.9999 0.9999 0.9999 0.9999 0.9999 0.9999 0.9999 0.9999 0.9999 0.9999 0.9999 0.9999 0.9999 0.9999 0.9999 0.9999 0.9999 0.9999 0.9999 0.9999 0.9999 0.9999 0.9999 0.9999 0.9999 0.9999 0.9999 0.9999 0.9999 0.9999 0.9999 0.9999 0.9999
47 47
17.2004
0.3168 0.7845 0.8865 0.4660 0.8305 0.4986 0.5267 0.8935 0.9234 0.7320 0.7004 0.2700 0.1545 0.5971 0.1503 0.4907 0.1207 0.8456 0.3278 0.8463 0.0704 0.9059 0.1884 0.7394 0.6610 0.8274 0.4373 0.8906 0.0592 0.1956 0.9240 0.6091 0.3505 0.4324 0.7115 0.2206 0.0470 0.0191 0.9388 0.6205 0.1956 0.0671 0.6062 0.3188 0.2744 0.1471 0.0808
48 48
20.3660
0.1018 0.2583 0.0336 0.9859 0.6744 0.7684 0.6403 0.6003 0.2715 0.2287 0.2218 0.0956 0.4065 0.6289 0.0826 0.8836 0.2258 0.6416 0.5749 0.1386 0.0454 0.3501 0.3541 0.7940 0.4814 0.3813 0.0101 0.0055 0.4205 0.8574 0.5790 0.2011 0.7798 0.9944 0.9830 0.8257 0.5207 0.8794 0.9958 0.0537 0.1348 0.8624 0.9787 0.3685 0.0849 0.3677 0.2412 0.6623
49 49
20.9769
0.4301 0.2704 0.8940 0.9423 0.7641 0.5772 0.9161 0.4920 0.1842 0.9905 0.5788 0.2006 0.1292 0.6612 0.7299 0.0893 0.7917 0.2840 0.5327 0.5649 0.4826 0.4826 0.3943 0.5803 0.7320 0.3438 0.0189 0.2012 0.7282 0.6153 0.0154 0.1905 0.9772 0.0758 0.5613 0.1940 0.6399 0.2275 0.2564 0.1708 0.8635 0.9394 0.3439 0.1860 0.2890 0.1549 0.9716 0.0344 0.0799
1 1
1.0000
0.0000
49 49
20.8723
0.7239 0.6988 0.6638 0.9978 0.2855 0.6233 0.5060 0.9479 0.5620 0.0420 0.0808 0.7753 0.3633 0.0649 0.6995 0.7368 0.1941 0.3939 0.6947 0.8305 0.4942 0.4576 0.4361 0.2056 0.0762 0.6615 0.0116 0.9355 0.1301 0.1865 0.2695 0.1491 0.4627 0.0793 0.8121 0.0950 0.4192 0.9874 0.3806 0.3138 0.1940 0.2080 0.2747 0.2189 0.5426 0.9661 0.5529 0.3215 0.6275
45 45
14.0149
0.5773 0.0548 0.8142 0.3361 0.3056 0.4785 0.7294 0.9732 0.6207 0.7917 0.6223 0.9747 0.1224 0.4804 0.2482 0.2126 0.8132 0.6703 0.1238 0.4464 0.8582 0.2794 0.6474 0.2930 0.3083 0.4085 0.9137 0.1259 0.8694 0.9769 0.9299 0.3575 0.3739 0.7301 0.5331 0.8681 0.3555 0.8198 0.3145 0.2104 0.9126 0.8522 0.4673 0.1167 0.3814
2 2
0.3333
0.0000 0.0000
48 48
22.3323
0.1308 0.5001 0.2617 0.8944 0.3137 0.1458 0.4253 0.6977 0.0686 0.0688 0.2794 0.1667 0.0865 0.9595 0.4751 0.2917 0.7082 0.9135 0.0484 0.7191 0.3750 0.1937 0.3854 0.1055 0.5996 0.5936 0.8764 0.1108 0.0639 0.9856 0.9733 0.2606 0.5426 0.0123 0.4160 0.9484 0.3172 0.6641 0.0037 0.0475 0.2775 0.5878 0.4048 0.7939 0.5590 0.3910 0.8817 0.7717
47 47
16.3586
0.5203 0.5352 0.2577 0.9432 0.6037 0.7417 0.2359 0.7472 0.5383 0.1639 0.0282 0.1418 0.0621 0.8262 0.3828 0.6977 0.5351 0.9173 0.9494 0.8222 0.1141 0.1527 0.1199 0.8044 0.4367 0.1507 0.0716 0.9820 0.6611 0.2452 0.8953 0.0317 0.5951 0.8623 0.3909 0.6842 0.6331 0.0750 0.0711 0.7991 0.5422 0.6792 0.4545 0.0813 0.9142 0.3483 0.4052
2 2
0.5000
0.5000 0.5000
47 47
15.5591
0.6566 0.4012 0.6550 0.6279 0.4935 0.1773 0.1741 0.7834 0.2291 0.8689 0.0157 0.8604 0.9616 0.8099 0.8100 0.7491 0.9337 0.6611 0.1464 0.5590 0.7865 0.8264 0.5067 0.1106 0.8645 0.9653 0.7170 0.5706 0.0220 0.4702 0.9158 0.0862 0.6201 0.5357 0.7912 0.2073 0.3961 0.2556 0.0879 0.7101 0.2117 0.0271 0.4240 0.7579 0.0380 0.2997 0.2347
46 46
19.0814
0.0588 0.1734 0.5473 0.1627 0.3336 0.7529 0.5126 0.3983 0.3264 0.9189 0.7904 0.6687 0.3185 0.8443 0.8827 0.9064 0.5175 0.4098 0.9116 0.0746 0.8945 0.8275 0.3264 0.1995 0.7321 0.2727 0.3990 0.3770 0.5328 0.4353 0.3622 0.3548 0.0348 0.9258 0.6743 0.1862 0.8679 0.0328 0.3428 0.7079 0.2399 0.0584 0.6485 0.0731 0.6731 0.2958
47 47
19.6333
0.0588 0.2726 0.3391 0.4162 0.7880 0.1482 0.1742 0.5654 0.5603 0.1997 0.7468 0.7015 0.2634 0.2678 0.0815 0.2670 0.4016 0.3204 0.5986 0.9520 0.1842 0.7152 0.9991 0.4816 0.2976 0.3896 0.5851 0.2998 0.1671 0.2708 0.5121 0.1852 0.1897 0.8297 0.2331 0.4838 0.5224 0.3615 0.1331 0.0864 0.7551 0.7744 0.9777 0.8146 0.5494 0.4640 0.4141
49 49
2.2603
0.4581 0.7444 0.1679 0.5165 0.5352 0.1329 0.0706 0.5347 0.2017 0.6047 0.6873 0.4795 0.1762 0.8378 0.2062 0.8491 0.2869 0.1160 0.7694 0.4856 0.7961 0.4266 0.2235 0.3106 0.8691 0.2368 0.5095 0.0739 0.7213 0.7064 0.8561 0.7001 0.5154 0.8354 0.7932 0.6857 0.0852 0.6942 0.7809 0.6125 0.9229 0.5337 0.4379 0.2831 0.5509 0.3545 0.4606 0.7481 0.3850
50 50
0.6901
0.7744 0.0770 0.3724 0.9641 0.5983 0.5109 0.6759 0.2443 0.6598 0.0507 0.0932 0.0857 0.8091 0.1761 0.3512 0.3303 0.8764 0.1842 0.1224 0.7951 0.3158 0.1546 0.9318 0.9438 0.9926 0.1090 0.7742 0.8871 0.7417 0.7287 0.6915 0.7255 0.0863 0.3337 0.2791 0.8928 0.5154 0.6986 0.3483 0.7205 0.2215 0.2108 0.6196 0.2187 0.8265 0.2665 0.5160 0.2683 0.8733 0.0539
49 49
20.2809
0.4852 0.2862 0.4233 0.2797 0.4829 0.5492 0.6210 0.6352 0.0818 0.5976 0.9661 0.9150 0.7271 0.1383 0.2890 0.1898 0.3844 0.1947 0.7540 0.9310 0.6148 0.4159 0.1991 0.0014 0.1297 0.7679 0.5397 0.9726 0.9575 0.6453 0.2161 0.9382 0.4821 0.3374 0.4282 0.4453 0.8171 0.1785 0.5782 0.9483 0.0636 0.1912 0.1223 0.5057 0.7080 0.6071 0.1508 0.4903 0.6605
4 4
0.0001
0.0000 0.0000 0.0000 0.0000
50 50
18.0763
0.4704 0.6400 0.3146 0.4686 0.4368 0.6449 0.8425 0.1368 0.0662 0.7366 0.9556 0.8323 0.0725 0.6442 0.0046 0.0151 0.1191 0.3798 0.1378 0.6836 0.5839 0.2431 0.6683 0.5233 0.3591 0.8906 0.6763 0.9427 0.0873 0.7952 0.2544 0.4723 0.8240 0.7888 0.8746 0.1316 0.6021 0.0546 0.8198 0.3353 0.3897 0.4688 0.3361 0.1189 0.3420 0.4283 0.9047 0.5475 0.2619 0.7586
47 47
0.5837
0.9160 0.2756 0.5956 0.0304 0.1291 0.2637 0.7999 0.4096 0.7619 0.5373 0.4499 0.0082 0.6048 0.6586 0.0343 0.7167 0.6248 0.9137 0.5026 0.7012 0.2976 0.3793 0.8003 0.2916 0.1213 0.1457 0.5064 0.7970 0.7741 0.8207 0.8738 0.8177 0.8867 0.3602 0.6131 0.8463 0.6696 0.8283 0.3950 0.4740 0.9918 0.7335 0.4186 0.3154 0.3682 0.5603 0.5646
50 50
16.9261
0.4646 0.9908 0.1166 0.1970 0.5641 0.8476 0.5184 0.5410 0.9984 0.2194 0.5632 0.0247 0.7686 0.6394 0.8598 0.9294 0.8648 0.8880 0.4440 0.7486 0.1292 0.1352 0.1418 0.3353 0.6350 0.8053 0.8615 0.7768 0.7055 0.9406 0.2843 0.9870 0.0056 0.6754 0.8138 0.6968 0.2076 0.3460 0.5125 0.8641 0.8348 0.7625 0.1701 0.4542 0.1357 0.0060 0.0720 0.6885 0.1028 0.3201
50 50
0.0000
0.3333 0.3333 0.3333 0.3333 0.3333 0.3333 0.3333 0.3333 0.3333 0.3333 0.3333 0.3333 0.3333 0.3333 0.3333 0.3333 0.3333 0.3333 0.3333 0.3333 0.3333 0.3333 0.3333 0.3333 0.3333 0.3333 0.3333 0.3333 0.3333 0.3333 0.3333 0.3333 0.3333 0.3333 0.3333 0.3333 0.3333 0.3333 0.3333 0.3333 0.3333 0.3333 0.3333 0.3333 0.3333 0.3333 0.3333 0.3333 0.3333 0.3333
45 45
18.3698
0.4698 0.6258 0.9732 0.8228 0.7646 0.3333 0.2607 0.1819 0.7195 0.5110 0.7413 0.4249 0.2562 0.4252 0.4396 0.6418 0.6799 0.1033 0.4226 0.5962 0.7778 0.9589 0.5300 0.1826 0.0007 0.3400 0.7473 0.8510 0.2633 0.0021 0.2171 0.6153 0.8927 0.4756 0.8625 0.7564 0.1798 0.3993 0.8095 0.5510 0.1857 0.0741 0.2524 0.1435 0.4988
4 4
1.3999
0.8000 0.6000 0.5000 0.7000
49 49
17.8020
0.2334 0.7874 0.3345 0.2567 0.7530 0.7998 0.1539 0.8433 0.6258 0.6894 0.9485 0.3533 0.0025 0.8419 0.6616 0.0624 0.9997 0.0799 0.6300 0.8882 0.0118 0.1579 0.3459 0.4193 0.8510 0.7485 0.2802 0.8815 0.4136 0.6036 0.9837 0.6645 0.5349 0.8007 0.7494 0.6584 0.6081 0.5204 0.0290 0.5334 0.5930 0.6072 0.6289 0.3768 0.8665 0.3846 0.8498 0.0548 0.8616
50 50
19.3762
0.5863 0.7061 0.4939 0.0410 0.2783 0.0203 0.2476 0.3786 0.9192 0.3076 0.4891 0.9142 0.6906 0.9950 0.5747 0.6966 0.9043 0.7188 0.3349 0.6631 0.4129 0.2056 0.0808 0.4621 0.1953 0.8394 0.8769 0.5301 0.8973 0.2065 0.7357 0.4406 0.6830 0.2894 0.8971 0.9076 0.6274 0.0603 0.0724 0.6048 0.1988 0.4182 0.0602 0.0642 0.2786 0.5231 0.4670 0.6040 0.9021 0.9127
45 45
19.0654
0.9479 0.9067 0.8192 0.0650 0.7853 0.4334 0.0213 0.2400 0.5373 0.3730 0.3347 0.1144 0.8514 0.5134 0.2179 0.5958 0.0986 0.0466 0.2132 0.5774 0.9668 0.9145 0.0871 0.6183 0.2823 0.0015 0.5611 0.9044 0.1699 0.1831 0.1269 0.4417 0.8014 0.4004 0.6969 0.0948 0.1395 0.7389 0.3469 0.2744 0.9310 0.9913 0.0028 0.7669 0.7903
50 50
1.0000
0.0000 0.0000 0.0000 0.0000 0.0000 0.0000 0.0000 0.0000 0.0000 0.0000 0.0000 0.0000 0.0000 0.0000 0.0000 0.0000 0.0000 0.0000 0.0000 0.0000 0.0000 0.0000 0.0000 0.0000 0.0000 0.0000 0.0000 0.0000 0.0000 0.0000 0.0000 0.0000 0.0000 0.0000 0.0000 0.0000 0.0000 0.0000 0.0000 0.0000 0.0000 0.0000 0.0000 0.0000 0.0000 0.0000 0.0000 0.0000 0.0000 0.0000
47 47
18.4008
0.8262 0.4669 0.0287 0.5813 0.2696 0.0641 0.1226 0.9246 0.1892 0.0022 0.3994 0.9614 0.3705 0.0927 0.3343 0.7425 0.1568 0.7618 0.8348 0.8377 0.8663 0.1790 0.2448 0.5900 0.4247 0.6358 0.4824 0.6681 0.3992 0.0133 0.0872 0.5474 0.5030 0.5050 0.2564 0.4248 0.9284 0.2425 0.2738 0.2871 0.1914 0.6840 0.0471 0.5344 0.3238 0.7677 0.5238
48 48
16.2907
0.7049 0.2286 0.5442 0.6579 0.6764 0.6262 0.8090 0.9449 0.3757 0.3921 0.6752 0.7308 0.0617 0.8527 0.2242 0.9259 0.6892 0.7302 0.8324 0.4488 0.1346 0.7336 0.4629 0.8548 0.0877 0.0871 0.2795 0.9553 0.5102 0.4267 0.5961 0.0509 0.6675 0.5943 0.2082 0.7187 0.9270 0.6641 0.1373 0.1831 0.8776 0.5787 0.5668 0.1240 0.3746 0.9164 0.8463 0.9996
50 50
21.8554
0.0250 0.7014 0.6726 0.2427 0.4792 0.6065 0.2101 0.5963 0.3206 0.4341 0.2444 0.8087 0.9290 0.0385 0.3613 0.6411 0.4277 0.1247 0.9486 0.2178 0.9854 0.1594 0.2328 0.7520 0.3794 0.7244 0.8552 0.4868 0.1577 0.8667 0.7309 0.8493 0.5232 0.8906 0.1985 0.3351 0.0818 0.4775 0.7232 0.1512 0.2859 0.6413 0.5324 0.2063 0.2967 0.7454 0.4273 0.2813 0.7725 0.4984
1 1
0.3333
0.5000
50 50
1.0000
0.3333 0.3333 0.3333 0.3333 0.3333 0.3333 0.3333 0.3333 0.3333 0.3333 0.3333 0.3333 0.3333 0.3333 0.3333 0.3333 0.3333 0.3333 0.3333 0.3333 0.3333 0.3333 0.3333 0.3333 0.3333 0.3333 0.3333 0.3333 0.3333 0.3333 0.3333 0.3333 0.3333 0.3333 0.3333 0.3333 0.3333 0.3333 0.3333 0.3333 0.3333 0.3333 0.3333 0.3333 0.3333 0.3333 0.3333 0.3333 0.3333 0.3333
48 48
20.1324
0.1391 0.5728 0.0440 0.5860 0.8953 0.2094 0.1900 0.0852 0.1820 0.6605 0.2607 0.7245 0.0568 0.5457 0.1684 0.3408 0.4559 0.1047 0.1215 0.3335 0.0804 0.6399 0.2452 0.0669 0.6019 0.6655 0.5801 0.6436 0.4133 0.3295 0.7957 0.5927 0.4410 0.4199 0.7707 0.6867 0.7855 0.8220 0.9093 0.4250 0.0704 0.1871 0.9841 0.4294 0.8700 0.9474 0.7159 0.7182
48 48
16.6874
0.4900 0.9557 0.2268 0.7722 0.5330 0.0119 0.2298 0.7293 0.2963 0.3187 0.9767 0.7737 0.4274 0.1874 0.2401 0.1984 0.7000 0.9054 0.3421 0.6182 0.2764 0.6632 0.3473 0.0879 0.8491 0.8523 0.3569 0.0664 0.3559 0.6319 0.2281 0.6393 0.4471 0.3289 0.9139 0.3205 0.4509 0.6208 0.8227 0.0199 0.0805 0.2701 0.4951 0.7814 0.8583 0.8861 0.9213 0.6517
46 46
19.2592
0.0679 0.3346 0.3961 0.3028 0.6587 0.0097 0.3501 0.0828 0.4561 0.9771 0.7692 0.3186 0.7887 0.7146 0.7334 0.3047 0.5360 0.5454 0.7800 0.3818 0.2153 0.0721 0.2455 0.9189 0.9061 0.3333 0.9464 0.7313 0.5661 0.0581 0.4658 0.2819 0.6269 0.4362 0.3050 0.0939 0.4148 0.3840 0.2971 0.8510 0.2986 0.4738 0.0195 0.0134 0.9195 0.8412
48 48
18.3210
0.8703 0.1253 0.0759 0.3432 0.6454 0.0276 0.3428 0.9094 0.8379 0.7179 0.2714 0.5127 0.9242 0.0965 0.8692 0.5384 0.2340 0.9469 0.8691 0.4701 0.6018 0.1954 0.1083 0.5403 0.4053 0.9024 0.7437 0.7178 0.1997 0.4931 0.0258 0.4517 0.1941 0.1826 0.7241 0.1666 0.3873 0.4586 0.7438 0.3991 0.0341 0.6104 0.5182 0.4057 0.8382 0.0985 0.1900 0.3522
45 45
14.9331
0.1475 0.8357 0.4756 0.1770 0.4899 0.0256 0.8779 0.0475 0.9320 0.5472 0.0874 0.6441 0.9373 0.8708 0.2884 0.0307 0.8797 0.6587 0.0011 0.5640 0.8295 0.4438 0.8560 0.7482 0.7115 0.2885 0.2895 0.7873 0.3842 0.2834 0.8356 0.4588 0.3764 0.6599 0.2258 0.5208 0.0452 0.3877 0.5201 0.8367 0.9856 0.6798 0.7959 0.8442 0.7596
45 45
17.2377
0.1736 0.4900 0.9499 0.6232 0.1369 0.8788 0.4249 0.7197 0.2385 0.9462 0.5121 0.9572 0.2519 0.6490 0.4822 0.5085 0.4991 0.4456 0.3594 0.7171 0.2369 0.3951 0.4796 0.4352 0.9562 0.5639 0.3733 0.7548 0.0461 0.8288 0.8286 0.6710 0.4431 0.3120 0.5780 0.1880 0.0813 0.7376 0.2188 0.7391 0.7930 0.4789 0.3262 0.0741 0.1073
49 49
22.3697
0.4598 0.0688 0.0384 0.2895 0.3242 0.9360 0.1467 0.9238 0.4798 0.9071 0.7087 0.2791 0.8439 0.3693 0.3192 0.1931 0.4774 0.7168 0.1728 0.7018 0.3630 0.9372 0.0369 0.6009 0.5720 0.6453 0.4361 0.5337 0.7536 0.6935 0.8927 0.6354 0.8553 0.0965 0.0370 0.8143 0.8477 0.2540 0.2109 0.8554 0.9690 0.0963 0.7476 0.4344 0.8322 0.4005 0.2173 0.5709 0.4624
50 50
0.0049
0.9999 0.9999 0.9999 0.9999 0.9999 0.9999 0.9999 0.9999 0.9999 0.9999 0.9999 0.9999 0.9999 0.9999 0.9999 0.9999 0.9999 0.9999 0.9999 0.9999 0.9999 0.9999 0.9999 0.9999 0.9999 0.9999 0.9999 0.9999 0.9999 0.9999 0.9999 0.9999 0.9999 0.9999 0.9999 0.9999 0.9999 0.9999 0.9999 0.9999 0.9999 0.9999 0.9999 0.9999 0.9999 0.9999 0.9999 0.9999 0.9999 0.9999
49 49
16.9802
0.6299 0.4327 0.6182 0.9520 0.1882 0.1740 0.5340 0.5104 0.3387 0.6210 0.5239 0.4756 0.3548 0.9503 0.9112 0.3076 0.2188 0.4456 0.1837 0.4331 0.3399 0.5296 0.2172 0.0015 0.6165 0.0411 0.5139 0.5523 0.7465 0.0921 0.6769 0.6619 0.2564 0.5596 0.5673 0.0101 0.7393 0.7417 0.9680 0.3126 0.4399 0.9255 0.4195 0.8014 0.4466 0.8126 0.0681 0.5559 0.4007
45 45
16.1950
0.0816 0.7543 0.4803 0.7305 0.0225 0.4972 0.6274 0.0577 0.3598 0.4933 0.6874 0.6884 0.1293 0.0169 0.7165 0.1683 0.3124 0.9401 0.6751 0.0901 0.0550 0.9064 0.6190 0.6113 0.6220 0.8846 0.7939 0.0637 0.8189 0.4996 0.4112 0.8647 0.8068 0.6337 0.7187 0.7350 0.3333 0.0769 0.4936 0.6237 0.4895 0.4870 0.5336 0.8480 0.5049
50 50
19.5554
0.5310 0.7239 0.4268 0.9628 0.1258 0.2280 0.6932 0.5670 0.7565 0.3358 0.4407 0.3945 0.1965 0.6626 0.2168 0.3523 0.3311 0.5008 0.0566 0.7175 0.7414 0.9832 0.5649 0.2385 0.0250 0.5797 0.7937 0.0639 0.5424 0.3607 0.6739 0.6183 0.1841 0.0302 0.2332 0.0030 0.9251 0.2049 0.1987 0.8271 0.9408 0.7326 0.6123 0.8588 0.3865 0.2888 0.6191 0.1593 0.0947 0.9086
46 46
18.9640
0.1200 0.2714 0.1240 0.0096 0.9077 0.4789 0.8473 0.4628 0.6465 0.2055 0.9702 0.0486 0.8717 0.7278 0.7099 0.1324 0.4499 0.5792 0.6506 0.6986 0.6676 0.0003 0.7837 0.2559 0.7550 0.2094 0.7306 0.2849 0.1451 0.5393 0.1674 0.1180 0.1044 0.7571 0.1951 0.3169 0.3717 0.3499 0.7742 0.8537 0.6193 0.0385 0.3138 0.7273 0.1106 0.8393
49 49
21.3508
0.2030 0.2371 0.5629 0.2083 0.2316 0.7121 0.6988 0.2669 0.1365 0.7375 0.1139 0.7641 0.5503 0.5793 0.5769 0.4628 0.5490 0.7874 0.5448 0.8743 0.4741 0.5414 0.9641 0.8306 0.2522 0.1405 0.7192 0.2302 0.9405 0.6034 0.3441 0.6981 0.9643 0.5732 0.8347 0.6050 0.7110 0.1814 0.4658 0.5136 0.4083 0.7709 0.0632 0.7441 0.0708 0.5674 0.5724 0.7945 0.2686
45 45
18.9213
0.2830 0.3957 0.2557 0.2565 0.5869 0.4427 0.1236 0.1603 0.4067 0.3691 0.1228 0.0565 0.6874 0.0273 0.4006 0.4271 0.9186 0.7097 0.3461 0.8287 0.7178 0.2388 0.1896 0.5016 0.0143 0.6756 0.2424 0.2041 0.5093 0.8429 0.4056 0.9877 0.4167 0.1785 0.1454 0.1538 0.2799 0.6985 0.4655 0.6669 0.2766 0.3540 0.1945 0.5773 0.5247
46 46
14.7792
0.3056 0.9815 0.4580 0.7679 0.7851 0.2399 0.3237 0.9756 0.4616 0.7967 0.8713 0.7611 0.1521 0.4102 0.7947 0.6073 0.0807 0.5076 0.6163 0.9932 0.4103 0.4751 0.7800 0.5021 0.6482 0.4002 0.6577 0.4234 0.9069 0.2931 0.5110 0.0726 0.3180 0.8590 0.5060 0.7277 0.4014 0.9825 0.9894 0.2975 0.1456 0.6137 0.9439 0.4279 0.1889 0.0478
45 45
18.6208
0.9933 0.7225 0.9536 0.5737 0.7054 0.4938 0.8314 0.4922 0.9557 0.8066 0.0950 0.6361 0.9624 0.4713 0.2071 0.6547 0.1280 0.3814 0.2326 0.6880 0.0598 0.8279 0.2313 0.0251 0.8513 0.3650 0.7396 0.4923 0.0689 0.2449 0.8600 0.0765 0.4514 0.1881 0.0515 0.8006 0.4930 0.0136 0.9132 0.3094 0.0644 0.2096 0.9003 0.3541 0.5724
49 49
20.5600
0.3622 0.4979 0.1443 0.5206 0.0212 0.6248 0.8387 0.1782 0.4018 0.6378 0.3703 0.6011 0.9924 0.2240 0.8817 0.6003 0.8723 0.5765 0.7367 0.5575 0.7821 0.7115 0.0201 0.9670 0.0498 0.5431 0.7035 0.5263 0.6896 0.3359 0.3169 0.3265 0.4475 0.4120 0.1915 0.4533 0.0903 0.9370 0.0090 0.2139 0.3943 0.1313 0.8464 0.4531 0.1399 0.5296 0.8028 0.7620 0.8092
50 50
17.8030
0.1290 0.7673 0.5747 0.0841 0.3975 0.5574 0.4609 0.3340 0.0101 0.9552 0.9594 0.0269 0.4888 0.4154 0.2167 0.7295 0.8331 0.7238 0.8153 0.1178 0.8514 0.9087 0.0214 0.6558 0.3798 0.5945 0.9233 0.0484 0.3563 0.8866 0.3831 0.2112 0.4669 0.4282 0.6345 0.5117 0.6651 0.2170 0.2890 0.5428 0.7825 0.0228 0.1799 0.8615 0.2434 0.6295 0.7034 0.4897 0.0036 0.2868
