3 696
400 139 215
13 1345302
674045 980731 217125 15781 898487 93023 621284 431127 336696 183680 911640 659593 949527
7 100
11 34 83 47 59 29 70
13 21
15 10 18 20 11 13 15 14 12 19 16 17 10
10 1392
692 941 291 319 932 181 611 211 194 46
15 39
10 11 16 17 19 13 12 17 14 19 11 14 18 18 15
838 1460112
722586 811630 14527 523905 736405 117780 238131 265944 566071 754177 779192 617687 10410 848756 362191 905356 867434 928697 162638 83218 594486 69083 507614 737599 577834 339235 482783 57585 33182 681604 858075 755767 9585 872601 796024 262341 506733 550506 44636 72803 304682 823827 690489 831443 188934 52679 736798 56367 981376 415788 655937 92213 484870 163550 829811 62703 19136 312593 636640 568669 510548 494714 324436 520132 883666 636811 298824 390398 187316 343459 463200 491998 683638 670040 839792 872571 239071 576590 445290 736798 992377 101226 829010 477246 781127 658821 56301 800262 487765 209292 368931 998313 220357 209718 34796 104022 846528 333620 494420 550195 193430 473971 558544 877067 144011 398336 265990 899433 491277 711279 636230 483653 328856 981591 477250 109982 156763 49902 426595 644528 775545 311877 642840 995901 521594 193987 616275 884473 527606 110694 434668 721036 101016 993211 114454 245026 907898 380443 660810 399174 608073 297039 882826 936928 794982 876428 563261 951744 442681 989856 596271 218226 301732 755462 730478 339678 949449 346752 740502 477054 973797 175169 714441 74813 684732 345247 836190 592629 242041 497000 991803 850114 310390 390980 303393 105371 267407 866654 57115 226440 372861 169737 444665 674592 925199 175142 530621 390999 38246 271123 384404 12042 962643 98845 86854 647374 960443 923044 756355 202483 936395 748157 568948 246784 655488 872341 868507 439247 255346 441973 665686 628206 128061 110350 819149 53259 801843 866122 960609 840088 137244 345013 368482 99886 960209 455335 263612 920651 894730 19966 123133 347476 284474 208433 110612 939961 597125 495470 379207 368822 937442 44892 997027 65502 671593 332527 635113 989788 198648 595721 346227 852243 940733 714708 952129 900941 686395 732092 337943 97476 752057 977428 444952 552882 185860 71915 492842 299336 567384 388401 668157 504825 949644 181535 86678 621237 514061 721790 127376 229061 833863 989954 81303 290947 704662 549783 708240 907408 281874 46182 4883 550282 23609 966186 103163 725820 38100 112357 25155 605483 500757 693311 626659 450400 874845 713337 587988 905258 951478 715363 650670 301692 705317 731972 592639 926330 798107 817230 833737 79980 379763 354971 146614 919724 837509 249776 645543 875608 362132 187050 997443 379240 396712 140453 829640 787909 853789 417627 693166 321619 649342 860187 139662 354658 592158 248652 797339 390264 65881 147427 986596 445644 502397 133209 365367 856257 899336 527261 731865 777820 714310 245659 157059 627374 386111 503050 415282 756252 920677 624799 77870 570018 484985 733883 441027 593494 982535 754717 983758 48415 902143 486705 10410 920891 136265 375776 777148 35600 419389 25364 329771 133698 787374 3182 761071 173484 506231 692704 446087 426907 317502 40308 513276 802486 774191 470654 912332 756725 225370 896089 805139 643864 899145 815549 81107 35409 707676 858254 587360 127064 399969 917131 777114 187342 920312 54536 877177 426542 747240 323264 369801 581093 879923 399428 899931 654113 870082 812262 410837 611803 224702 732328 772019 123846 547876 853125 159254 771903 227730 262965 415319 627698 180095 192432 331391 616758 763319 724919 43300 510558 564534 929452 608003 444457 328879 507933 98569 198960 836546 509406 327115 61247 241733 99133 185092 305960 952257 860697 594214 179986 123661 9532 324035 820108 201963 655425 436865 965282 380343 480164 992191 944877 925967 116545 905685 254846 624477 4253 970157 461022 30010 297271 38620 788094 912755 223711 610405 865011 600759 204619 561348 240772 214150 885382 60879 932465 57158 497743 414098 953853 494259 922640 415081 420225 39185 320765 191422 663661 325017 161579 641035 871379 975201 679654 659472 887956 419717 269877 269318 20475 990847 830666 777598 204996 232399 838476 653812 805909 336219 67909 759761 346829 990549 691193 283405 29733 11957 474827 209745 853325 636405 850779 241055 127957 46785 900527 15912 466501 686755 801582 3327 677601 148599 780925 398948 380997 135752 52760 703257 988322 637020 463017 335150 627568 670561 618555 173652 682517 609733 899749 52194 246137 266879 293248 890445 313663 710126 906357 296515 396880 224290 816194 74480 372888 113470 989780 270236 249221 42539 973493 753895 195910 952861 89044 339830 623422 223950 513481 822290 833682 929581 874483 596170 196460 684083 486615 26474 394208 909323 322989 791088 133612 655534 381919 506499 285355 888050 776734 534575 930588 266578 288469 642850 219439 893865 982679 842860 117814 12511 665149 467848 942092 55984 64017 138551 740066 550631 165024 650625 459953 4364 441712 593564 176249 339983 616414 461603 228032 909500 512530 674972 176077 317350 317821 395515 211214 816851 754726 845380 829361 936227 313227 287804 992210 377243 942706 248627 444226 624082 899251 420530 628445 857315 530446 321046 713649 146859 782648 941680 56358 295177 133003 748787 612527 967175 144301 340092 784025 415379 185471 129738 351605 15049 417541 860166 392292 360247 625144 352869 984328 524394 773398 129124 898060 303843 450169 611708 967054 749169 69740 23411 44345 719094 288549 173223 686269 432850 513315 986645 364580 698785 116382 716184 713834 50275 576349 622477 926873 717844 491697 427552 242237 265094 556675 656649 85289 523196 784708 52342 272364 854447 592104 316708 89893 880653 6283 776161 829854 519597 279157 194433 734733 395539 426968 964918 962165 519668 103746 889037 237511 595442 316588 996099 376888 389614 652747 462176 912809 437455 30869 701524 808253 622972 18232 898145 19976 540866 190657 849829 60462 469814 560613 795194 381704 987580 760112 343868 23599 863857 749256 261109 975651 65843 257208 352538 455456 426306 814713 884617 863760 845581 586140 188365 984904 120723 86509 4880 661588 793518 371060 722049 263331 931673 33595 645034 435604 793706 505253
12 1769
768 726 299 982 247 233 43 310 289 178 913 78
3 624
227 211 155
13 1811032
803857 142791 664610 631882 646009 343284 109613 585786 584627 260933 241502 754626 606257
18 24
20 17 13 12 17 20 15 12 16 12 12 10 16 19 17 15 12 19
14 1514172
614884 367776 440541 431522 562873 719805 436525 259225 119791 528036 960456 697717 929416 549098
595 899711
273907 136785 716801 427724 22265 809489 560596 335205 487697 750073 246823 765805 170472 486960 269045 372767 928272 47165 711927 545515 220670 639988 661577 678285 815081 351273 799369 709001 566605 88401 41689 356864 741537 274842 784587 763802 600682 861534 615358 88378 611607 862180 370534 298430 349140 639578 671197 793763 686743 899475 339277 423764 539463 854 618400 870895 868478 934121 579895 435082 538873 137936 308297 280410 412777 92883 560563 529810 954417 175920 134539 82375 38100 505073 380804 903591 661002 568352 697353 864096 467827 552982 287860 523641 70187 422611 394535 938664 356731 974430 890097 895604 112365 198394 692365 41493 291276 252927 87654 762044 428846 222192 360770 983297 727264 257926 403239 904618 826277 100592 768713 810455 169925 572924 334095 240111 995535 244982 178774 868617 219411 68870 280572 848127 267263 972936 405971 74891 225862 493624 353286 171060 715815 714056 154356 959431 971981 557595 380400 314609 174538 149112 641416 344462 238388 491862 100924 750274 736843 279697 618890 472605 864918 899462 320731 132181 388749 726701 723423 614611 736676 76708 785670 452491 790763 456377 928273 762743 530323 308672 593704 221212 974135 235119 82025 728874 726980 182948 479147 463823 462644 614389 936427 327562 513850 773510 976094 902598 16562 699516 33560 753238 776223 335581 722080 83338 791958 166704 362432 838632 991727 956135 59844 965861 707605 141868 694735 434585 324816 690233 414759 303811 304621 867537 147724 818470 157398 640169 237420 173960 856036 787331 443549 148611 122912 681980 231948 431221 848683 594379 269852 356761 66866 846047 838973 774470 987915 533707 725406 829082 740292 140164 132892 44912 524053 796968 379734 681450 437136 133505 371761 293172 920835 815309 441782 43746 13640 673729 991318 378674 784459 777522 735434 367676 623568 574407 658498 127834 624465 383903 956915 364756 40419 606159 409668 564471 403126 789401 762272 356613 439257 134033 649784 360091 465693 607917 920189 479333 797997 911506 858006 98808 205379 109792 466483 828947 684198 124980 473132 308662 25235 946399 189770 65653 552557 115789 146475 472034 905189 908746 828646 344445 42778 994782 220887 508471 119050 141075 504155 917047 568933 362160 15854 774311 988303 998688 119609 672500 640020 592741 497514 665254 539139 203635 247258 608047 319423 393732 596432 740963 302477 941429 601759 345255 452562 822645 370077 571612 480072 874231 488658 49004 752742 20863 339666 741045 535902 459275 929896 175921 568367 943761 841174 623857 147395 88431 748255 466817 998514 344686 207779 300991 286114 809537 162597 738676 632182 49025 310287 112253 439607 315296 677608 192348 852510 17273 449744 904763 992899 379640 80684 77617 323400 438209 217825 987147 42992 966079 453963 41505 310764 661742 858847 113230 471278 21443 368257 619811 586819 194895 248415 26425 26542 926022 735125 879051 459647 184868 783813 452545 80859 380848 46514 920611 819057 264338 907757 378400 230417 361719 419904 57532 539812 795103 170761 527442 332897 55369 147252 919716 250263 912019 946140 276804 838040 681264 672206 814038 382484 456019 266583 463342 353218 829448 900304 688626 93785 808060 67025 324201 686131 3281 898085 225942 798383 585197 269735 131279 640566 416987 567346 890828 845357 29838 167632 199748 227453 839837 13786 609936 812207 796720 589630 681777 626167 489933 370402 719951 814345 437427 560504 500475 957059 458588 242768 755441 43784 512503 403071 684349 445841 486769 91529 291197 516606 259160 490944 744058 615348 21081 870346 943907 817800 459975 142035 443966 466259 512436 163917 280603 949862 724420 297429 906920 183007 540197 178712 743142 569051 98135 427491 531243 584903 35371 338791 101508 294530 346086 361917 426229 367167 232262 886487 184966 208588 28521 628932 674847 57309 309200 955449 523522 549971 252878 946794 249329 309426 125505 992470 394828 739991 936312 926070 324893 971682 264860 942752 782563 127297 821021 725144 494463 53282 127982 195781 261870 672855 341064 453068 730163 650263 408516 253684 716585 177745 200477 965913 3522 842334 474734 398349 582324 411046 840770 423569
7 1825298
449140 882714 644539 410553 670287 724147 814038
13 1267
735 372 135 618 927 433 820 860 833 421 468 319 489
3 459
153 153 152
628 644373
555488 177067 460965 33022 226173 148407 600027 595322 48855 181499 35959 561512 368651 597841 283977 314740 465829 173117 42116 213030 217389 566709 429853 6789 189838 11139 558420 420517 328406 74333 374729 225300 496046 479371 49051 319084 59125 340200 80512 237353 315967 512963 382415 303792 2906 538226 614270 465512 36267 231436 602844 142339 25211 165002 572208 209522 506440 157933 632168 605517 83954 179863 571990 485656 610350 198419 42823 78977 246189 148327 315114 526639 174286 530924 437006 341503 576796 244249 128050 637325 637584 512280 641740 100981 123403 420603 360237 613112 121065 67577 31261 607062 325289 347629 223770 261958 114372 67887 234211 550468 454956 279646 305658 189417 398184 257335 504834 529508 239496 139539 365315 445954 402046 176964 472181 6054 633806 60446 630481 253610 566557 639374 608216 418200 287709 23917 395545 407482 560419 302834 115777 128068 570040 527339 262284 522886 434851 192014 495966 387038 272298 234351 216689 518036 36406 37311 183408 550088 349712 343234 51025 22751 424820 329460 172607 339792 572910 314907 341458 284136 625374 93905 178544 386814 451923 140914 227715 270637 494225 363941 341539 46532 433617 410022 602257 601550 30103 137933 36352 221439 136614 259430 29462 349100 615357 228091 9444 631192 338186 384943 73336 551085 571037 34023 71463 223856 407020 222822 227591 305040 72383 587737 390763 504556 141959 541729 388334 75307 494931 75895 592425 355394 453272 407109 540793 361037 200624 633997 607389 207367 583258 426211 256039 621243 53321 504774 394421 189816 85953 311450 13181 340581 523308 527932 316042 329633 360889 549673 368713 250526 240437 151386 23130 122240 608106 453764 410162 416282 12205 623374 344998 363522 471766 539761 191559 278031 329727 586937 362174 486440 225855 391588 607324 233940 353166 374076 296744 197303 190609 404877 227875 117714 393847 252352 21773 381207 462874 583746 141797 131324 153922 492987 231209 103580 464510 529781 322622 124203 94700 353126 144008 633234 372075 73689 486031 294661 117034 38856 595119 20999 94285 257559 262918 502414 232889 332533 63964 357371 121777 168514 452649 47706 236891 381292 36984 77466 33792 93288 364727 443749 461880 620456 566907 356664 596667 568478 416782 311834 291207 400124 381455 12891 559275 202777 593348 467306 160018 139817 294050 442708 219553 282199 542963 105568 599498 392276 90578 283336 403750 252785 83711 263081 20409 149442 53801 513049 253998 349675 465643 156396 437396 411558 640870 178861 360396 257312 535843 636334 299721 522133 121487 399992 265645 57737 490451 311840 424178 201665 224634 328331 181629 157086 232815 113449 158717 7048 280432 366342 526659 542869 245560 275850 585248 41529 408610 82861 503459 122093 40764 530905 610581 520970 528596 522596 403936 8039 590572 350963 419073 36157 622600 210756 502034 237264 591052 383999 220195 500365 306187 419739 191101 37049 364743 266153 162914 611351 586636 614911 634929 65284 82218 182493 132093 178730 608021 517856 595518 403483 280851 548381 41398 562155 279058 605720 438280 321751 102644 516305 49995 240623 287002 206093 583927 56636 52387 382089 192450 85098 338715 260670 10567 462744 114592 532296 291247 13892 44346 411484 329466 301139 108530 502576 378220 339333 467409 368523 641467 51948 569066 131410 44875 426984 294698 357730 77816 359171 607967 621622 88885 214520 126517 619162 530001 332923 2633 484355 475859 383703 516903 452814 218162 38653 318293 57436 373736 603609 117734 553795 242327 263166 299375 387061 591986 481459 543392 410433 10376 516323 95992 560662 106147 520170 301903 72165 342470 260374 441596 41256 104612 191724 283484 416658 398813 421551 304581 452359 471256 116441 314913 112077 275660 240890 117005 248828 332539 113468 603117 563861 344652 279630 61115 288979 29016 77664 433725 206086 565396 454535 638319 49254 522280 158920 295273 114865 378728 150148 438287 412937 350323 139599 418518 206977 149212 454671 527368 579089 413164 570684 507759 270297 302915 623964 172192 4999 101410 252097 392021 594378 244381 285202 485453 422934 275722 158342 60627 269644 286643 329259 431343 390375 538805 495161 576486 235763 631482 314646 447070 427684 126337 189702 487977 127470 487287 326080 249952 470087 304173 454557 293410 608414 302870 416498 602975 580409 18999 3503 210648 101504
20 37
16 18 14 18 16 11 15 19 19 18 14 11 16 17 20 19 18 20 15 20
8 582373
89152 532640 243674 46044 480514 806546 765848 917038
10 373070
432687 107803 789828 863794 475241 830513 899515 632117 888038 671827
14 39
12 20 17 20 12 11 10 14 19 10 13 12 13 18
3 446
348 440 162
19 21
13 19 18 19 19 10 15 12 13 15 17 18 13 12 19 15 16 16 19
48 1975542
650423 650424 650425 650426 650427 650428 650429 650430 650431 650432 650433 650434 650435 650436 650437 650438 650439 650440 650441 650442 650443 650444 650445 650446 650447 650448 650449 650450 650451 650452 650453 650454 650455 650456 650457 650458 650459 650460 650461 650462 650463 650464 650465 650466 650467 650468 650469 650470
62 1055654
1000000 1000000 1000000 1000000 1000000 1000000 1000000 1000000 1000000 1000000 1000000 1000000 1000000 1000000 1000000 1000000 1000000 1000000 1000000 1000000 1000000 1000000 1000000 1000000 1000000 1000000 1000000 1000000 1000000 1000000 1000000 1000000 1000000 1000000 1000000 1000000 1000000 1000000 1000000 1000000 1000000 1000000 1000000 1000000 1000000 1000000 1000000 1000000 1000000 1000000 1000000 1000000 1000000 1000000 1000000 1000000 1000000 1000000 1000000 1000000 1000000 1000000
12 27
10 17 18 12 18 12 18 15 10 13 19 14
13 1355685
568793 484395 753186 533118 4738 199095 524504 910937 823827 737798 846781 109452 379307
20 2000000
777708 1000000 482725 1000000 255610 739257 62297 109635 725303 380965 87804 719296 744042 349381 69038 587625 737807 245839 226964 608953
12 33
17 18 17 13 11 13 16 11 15 18 20 12
11 24
10 15 20 15 15 13 14 20 10 20 15
11 1554176
66241 320934 642541 524677 262353 167276 673695 496587 235110 20578 644912
11 1300400
300287 195097 279265 488651 180001 399987 91512 701232 61575 885029 72291
11 24
11 16 15 12 18 16 13 20 15 12 16
34 1517105
219684 219707 219704 219712 219709 219686 219702 219688 219696 219690 219708 219700 219685 219692 219693 219699 219683 219714 219698 219697 219715 219701 219713 219716 219691 219694 219689 219687 219703 219695 219706 219711 219710 219705
127 1022580
844948 544021 878829 693620 538788 681978 604232 880592 571847 643931 966656 863288 822413 851739 835922 512400 792218 733872 522200 626606 966915 820839 823862 540539 890547 607919 657354 968188 858837 966161 839043 703784 510181 717871 897404 569617 920496 522282 950209 992344 666213 916864 855631 988627 768602 691552 521673 581466 925424 564520 708072 912985 885360 531933 953524 775906 639853 631525 764740 998690 597685 603782 723121 628513 842301 641171 698130 762796 684101 668985 755139 850314 585849 631416 859587 875098 843615 901908 956565 789685 966428 664636 702670 851787 717217 676840 627692 857070 829012 913079 876406 926697 537508 620173 575857 879809 761345 794634 663251 945446 963620 939038 816406 549468 591100 696640 924566 934716 598547 901777 724400 585621 566413 947717 937409 804277 645204 585747 681993 974216 519473 558398 921560 556981 699219 518063 957437
714 773733
759821 13648 638216 935440 859958 556131 917986 732918 388235 705205 831509 90416 511482 880190 668338 804212 23116 659453 505187 295917 804457 655243 512950 727949 964710 316935 338650 885404 192353 584611 538426 952173 114610 692993 403965 490919 765475 838302 223836 670061 59859 571697 760476 571340 451886 428813 891903 991353 88265 913441 803622 409073 85035 316571 137021 49744 633506 992022 935147 342210 92985 989924 294382 207594 199268 214698 698513 964742 53000 438700 151154 112858 10396 911629 200549 978633 856794 608803 969986 945058 522243 289959 870483 607277 606529 7503 173372 756386 515877 624871 98595 608861 614794 909329 816454 330414 640378 31318 295155 209729 470018 962661 322586 480413 874289 39486 459046 731082 648288 945383 192492 686882 235341 62974 294158 358221 586828 983882 630959 102704 608752 245905 711564 739897 671585 44370 70310 311963 75687 881817 521691 545704 844477 360629 542469 718765 916466 517866 966199 81106 463248 158690 767987 214940 221663 62145 89512 808490 562378 720470 911194 171129 966375 139109 911025 637959 183478 497687 466273 259165 379503 987964 804868 223979 864944 347336 459095 781409 381553 941645 862514 844800 100334 630501 576091 838348 208997 665603 163190 771374 386072 590735 458854 868798 729843 369878 23109 913321 383916 489381 688837 763418 477344 10056 503748 858639 873744 479195 640048 255296 420839 18913 100096 521173 165765 192538 875872 374761 858140 39061 662486 760564 629795 121339 629361 875990 7569 168821 305662 907836 658202 994498 671254 651897 4553 691353 510536 878296 170547 666935 133592 591386 685847 750039 628910 851612 942576 21133 742724 317068 60194 405210 77631 206340 42900 223343 598681 566820 392164 904342 474656 50365 415191 662261 218613 419744 353613 729148 814391 40512 396082 464334 148249 598281 730724 293510 449892 673300 314642 192615 506719 891187 114176 584349 97527 673428 324043 696207 756599 716206 116901 747606 282922 532091 409866 501535 468186 279831 747034 282577 320342 143116 263262 468590 741396 993986 762099 707639 183637 593092 900253 690355 484279 530781 791055 581805 204208 631449 794363 477158 347655 911263 224764 146928 443354 634629 164814 911539 430811 911848 710467 751152 571315 490081 736093 829062 484066 14543 536700 184054 607635 953304 874408 91913 484084 181814 190069 204643 813262 984431 681801 677268 412046 422916 340548 855399 57544 505361 283289 488355 417208 510108 755858 504874 188 491951 333935 605 22845 870634 184658 630479 340290 575417 722391 340725 273582 428811 545368 86843 413242 743520 280463 825287 166435 621010 197037 740330 126370 996677 745036 59930 23136 17246 81155 539675 509196 415090 540279 48392 802075 241288 678871 142364 333056 917613 483089 606637 346424 544808 209832 759665 804679 490294 101303 487465 627655 814691 227794 270376 327719 489182 846657 350855 506427 927812 406881 531974 859253 463512 580365 661327 704799 775587 320043 554207 693200 319483 160843 39623 380642 887026 315639 185320 893671 933293 672784 521325 747983 416929 791701 592053 422462 638357 459259 928888 82520 866140 977213 941772 329651 73930 603099 550801 849516 439493 105007 542715 758975 782202 98689 139616 669227 414327 841287 562898 863971 30422 84222 128305 447350 392274 720358 869812 30631 179616 315051 113150 45755 808616 54922 375405 882545 174372 926206 732060 613864 547564 791127 889190 329765 889815 545157 998992 820494 386443 561889 684464 416864 162462 812769 380565 554736 533126 766728 101718 229093 598131 214867 791200 406746 786140 166604 289290 476863 609161 537701 607078 673077 845179 496267 2841 734994 557775 1832 71839 460569 80072 756302 877432 758886 85422 774349 313621 618547 57428 415338 363992 655558 146556 155191 62303 449048 838146 867944 925910 963659 921997 532988 636735 767175 545606 639575 18520 103381 157759 90358 563949 754182 846660 957733 513067 932081 248433 343039 66980 305860 758376 947323 961418 421284 102513 540072 870331 940658 924368 796240 904316 846364 845579 57402 129890 391185 213329 148410 10917 887439 755119 91217 641620 118130 48949 671039 50211 813733 14077 633542 119593 772453 580864 597362 710088 199728 137433 580418 140385 578152 893009 561053 940867 738588 618454 70757 646124 348134 735518 173392 235572 490636 264608 877192 608766 829909 548230 175328 643641 78658 325221 763233 367462 422436 876946 77549 622163 14379 657966 762547 108882 67327 839951 49749 322266 974757 120505 968389 322890 372374 658132 558462 379361 922739 952005 988126 268999 16586 679805 912640 95243 521377 192224 462705 943812 69170 540253 565974 599900 714571 844873 708781 781897 684823 758529 104162 659579 395385 588902 498821 767758 247033 57282 147119 686123 525638 651596 955122 542223 847753 384113 153817 369129 576336 132873 312941 161857 673126 395266 278108 904048 240138 986889 202296 924961 261769 822809 100891 173506 411710 116063 457615 175094 689696 121085 377568 215333
12 1359428
717043 389017 8223 865276 551377 351506 491241 137162 452485 752173 895016 207110
12 302516
878029 913708 427907 432295 707185 478831 131369 597607 340552 100978 404935 795206
3 302
199 116 367
7 206769
174880 442073 850617 269682 332366 341565 736167
54 1784208
982374 974753 951744 948119 899799 892298 845265 832891 826168 808857 772410 752964 735823 697107 650251 641417 639615 638474 624594 596185 590127 570100 537151 520886 497335 492501 490791 480404 437602 434382 410884 384798 317847 314921 294263 281031 267705 255180 244719 240543 181254 158071 142905 135757 120531 115229 114721 114670 104736 90868 73592 69313 22315 3005
15 1371
322 851 738 657 666 938 771 143 974 296 66 18 90 619 138
3 579
192 193 193
10 1668
56 171 122 42 404 384 867 18 360 604
20 35
18 15 12 18 12 18 18 19 12 17 14 20 18 14 19 17 20 15 18 15
13 28
15 12 14 14 10 10 13 12 10 10 17 12 10
3 302
158 245 343
13 335532
496513 721130 495110 415655 113212 418937 673778 523061 806832 444753 195499 285239 954955
66 22
14 15 14 15 12 12 14 10 14 12 13 11 15 14 10 13 15 14 14 15 11 12 15 15 13 10 11 12 10 15 12 12 12 15 12 14 15 14 15 13 15 10 13 14 14 13 10 13 15 12 10 15 14 14 14 15 14 14 15 12 13 10 14 10 15 14
812 621601
366320 197994 232926 703692 923137 243740 756974 567470 439520 535195 240324 780583 504614 970486 947197 429481 224170 180133 607226 940998 146045 127099 783331 620779 525448 882007 548176 366217 305575 963606 988198 188246 161599 737475 891938 601087 981214 165263 168557 937086 216809 408880 234020 721422 895718 697569 150902 636239 877701 274479 577236 540098 401578 876919 677228 443377 758925 225403 809593 580851 705360 314142 285448 383311 51616 177385 984397 549182 858999 152953 2619 75807 78185 236638 313580 973902 450558 980834 610140 328259 255312 703727 868356 173241 580645 61935 616617 855921 287337 942562 953123 509048 256703 238571 892358 824671 415955 393107 373852 791306 62411 892822 867112 140595 645811 697044 630848 96369 677877 757339 940979 449540 461066 325686 622781 558062 387620 755749 930335 191308 698310 883457 216707 471365 122027 109065 296035 54334 502171 186238 361991 564581 79059 745454 221528 724869 442497 852375 337589 636725 126066 794919 86265 103483 120604 225397 661544 24575 981145 108230 732234 679455 991687 948941 150819 630065 58005 963205 200750 76527 149442 562740 157459 744852 308194 378986 986072 267042 747713 323661 903767 873778 118579 990031 977260 755535 215427 155155 296461 712923 263385 28695 392377 771423 977635 59547 401487 551991 539103 118589 628517 688544 197680 785975 433395 505873 164961 419467 772915 429025 259479 193033 302802 894409 183063 796413 166295 914841 951567 462756 627763 731303 7802 536492 502725 985436 112390 420564 537426 651493 539152 682294 856388 253183 468268 806135 759056 149580 741953 48322 578604 1431 241354 397757 412191 940768 710521 94838 855608 178440 557593 999722 909742 565394 536213 412467 67181 164955 349382 120958 816447 404885 803251 672834 658067 271518 478968 933474 937450 737272 981795 32405 738702 739500 946514 667245 196619 657034 762082 568578 835473 836026 568300 745215 917771 620864 674033 984951 785818 539766 622260 118616 944650 425510 307802 602716 213379 303121 536190 150828 40393 34336 699585 295446 290188 646098 962690 3158 303131 241123 571736 654956 77148 140035 916522 994918 277250 106906 496220 579420 646671 118479 698035 591320 543988 5836 710387 273719 308957 762928 424546 865701 313616 124130 161146 603803 286579 640188 606960 589710 881310 695047 244665 958458 835081 677538 469727 628683 784443 965947 208102 431113 600777 906136 22432 661117 428324 249170 934835 253632 12098 875732 119332 325713 516214 280477 445867 802792 437016 569178 908853 318326 264225 669869 276783 615657 347406 262861 760691 131848 745159 968792 562960 345936 391280 101743 7052 819603 350913 458238 73234 879362 850321 708917 721426 366534 505745 167292 685678 942761 252821 110882 261086 33397 780751 54220 165406 128156 317080 926096 776356 62239 894888 855667 924526 286167 473762 447929 622121 341026 906166 695354 220387 756486 920622 941812 639372 426366 625455 841401 369126 878275 952282 146563 911672 249384 200782 77077 893892 34214 3172 670247 612804 414411 42265 537329 216929 516026 985257 839049 857051 891422 50754 77437 164259 971375 535600 319982 397741 161054 677734 283218 555681 146368 429781 467352 395751 146914 60780 289642 181127 580303 476240 793930 511066 518505 331258 727994 34530 832866 567043 891581 240639 617796 485369 921250 589171 20969 757583 503263 698374 435317 786480 254054 581684 216260 237757 977434 363174 298536 783428 60652 395191 259667 854582 906256 778171 702191 150601 812701 51409 717643 220633 292047 851791 706001 213296 957313 243321 970879 460575 941695 406195 247054 195748 504230 463314 949857 998015 342839 764744 297794 403490 159934 557461 774423 582541 851983 992966 733142 664683 44374 967136 401667 336420 335278 107668 66068 292590 867340 36946 753164 809034 959492 218 521134 980073 979883 470990 978087 322721 235733 275881 242562 912019 349693 16985 494559 201675 526302 744052 382710 570675 227540 784376 423446 562817 892043 489513 855407 275735 526458 124922 84768 2301 125139 605901 982373 105021 593242 960460 944093 828975 752692 186655 740993 102384 719991 751903 820410 246292 12307 203119 816966 756198 987495 240411 319014 395889 246276 690772 671623 772733 815694 272743 291386 457184 394995 273758 78557 988237 750569 539001 333563 19612 725655 590907 638347 961997 859161 458757 208288 871467 661875 541605 627664 165721 298368 463030 561610 544643 670153 749584 833727 2198 22326 125112 459382 417321 398870 54290 921909 149438 593290 255471 169050 835297 362729 807396 797293 221889 266152 5581 93356 444379 547185 237371 610099 845552 216752 688060 906546 886905 437644 740273 889102 459969 865384 864835 393641 264253 919124 315549 930043 28766 87371 99092 864062 450099 422839 661354 671988 205343 666934 281695 166073 730471 35417 776171 92374 252169 464231 998920 655425 418226 739192 60878 878194 604575 925713 788187 385180 361188 103735 315222 389953 191106 930665 254014 157556 353503 915368 829543 75197 98653 111237 241269 829123 663006 17440 437849 915174 998022 436768 86950 416247 692311 147827 810792 296885 589891 598978 682064 951079 219065 997285 857383 926522 927949 627749 84077 797804 543116 429972 873000 158120 57560 114269 987243 720565 648060 941443 635738 646081 378210 239039 578679 70520 386866 905822 883756 493108 21152 82172 444186 240216 595808 817921 683089 40109 445669 767165 837912 505136 713488 227263 663255 771048 341531 166849 491612 505942 108291 643702 668374 486500 882740 763404 73371 785957 669226 957127 279065 690377 39298 723250 446944 635105 57522 130032 675213 503190 413548 29476 8325 127036 256739 671580 898083 114621 838428 389694
20 28
13 16 13 15 10 12 18 14 11 15 15 17 19 18 16 14 20 13 15 13
800 1199596
451061 960975 745584 221712 19080 828204 344215 628664 484111 172300 539578 666893 9574 606234 572898 289808 318659 1116 777322 562102 683410 895193 683848 456393 586269 441941 701537 66136 709716 747411 836588 160776 224737 98524 898839 243816 926727 759406 388832 927189 931705 928409 594081 941278 534642 683331 747437 369652 684446 41110 448106 884207 936302 131953 856952 522570 90245 558488 105058 799961 822250 457997 477088 563338 556520 892279 323505 999598 651684 712336 443139 583388 640744 553571 41017 175386 236901 304806 61389 437698 345915 509494 321905 282217 641446 178856 321138 731691 253695 942547 48003 592296 400544 41442 155633 473415 933720 479137 473013 101755 191473 916151 201494 832216 986073 758863 523953 222974 63668 585342 660671 409582 94835 498927 208150 252633 194134 45640 500675 447828 988186 65029 556475 388729 622822 712107 378496 72894 191244 851508 174648 899068 284010 892494 247635 270082 651356 287940 9407 231375 873281 186430 640956 484467 685356 365458 253451 879490 411097 270477 843669 399282 851857 400144 304363 474679 628602 682858 547572 336197 50717 238571 235264 334726 647416 999251 121159 298771 287190 646918 530145 676822 833347 687453 677640 518702 52910 931091 914543 980358 717919 758212 379639 86128 674707 200353 560806 303308 399562 624729 639505 450278 379651 391120 301355 27067 390370 938866 842189 677559 585783 888686 354380 419129 576138 32020 937830 145399 479462 852373 125756 713732 126936 21746 799859 317994 738451 877016 621301 138012 18096 777157 588290 397747 684629 889644 941165 591350 344861 783353 268909 930643 672038 139640 349771 764527 688011 803953 909925 683824 172677 552032 913908 299612 573778 713766 617605 312228 107134 755257 966591 125229 48766 554880 39327 249746 960876 980491 841095 305736 280196 626355 752731 952233 765995 102501 233112 970357 422805 659388 170533 595481 211420 84440 411444 301549 314557 545400 130128 421690 817009 96718 63271 865774 651598 102597 115519 128825 83088 472965 950912 363283 99320 703642 831867 381666 322495 581330 352022 745299 240718 38906 340780 452137 123345 268575 753685 954254 330327 400164 375943 147335 496881 439213 529460 664830 58162 161330 793654 141249 634294 744566 20883 733613 964559 369101 115278 287053 950431 983652 32352 191148 538909 889483 159636 178606 674409 429672 132859 4735 829835 508801 152069 326715 464366 197880 991545 522527 359209 301550 180127 509855 562467 717361 243467 527026 602813 875097 814078 553243 375100 362781 260742 914008 252263 420377 92613 926672 850048 225471 447758 679882 250624 599827 522949 231341 314058 30845 270219 673267 332394 966697 183121 411213 200409 942939 938238 803221 334387 268667 356464 709486 631448 617205 139846 400062 553934 748810 843085 403981 490633 290843 600215 257608 407021 123163 5300 721078 154007 791870 910696 2752 758566 610168 413964 475326 553107 868553 278546 403845 653572 151361 113331 285019 284918 769528 201432 838851 34689 560869 759183 525321 368063 359397 782928 775083 482559 304579 12512 152917 96448 439560 672021 855013 49727 602336 330338 602833 987241 125236 6678 640812 276596 636360 442182 561513 922239 643613 916715 956927 204481 675898 998600 572543 35294 781527 863977 34205 602458 392841 703473 698905 832400 375493 70270 882126 494181 400607 1311 481421 42194 524340 122232 318790 677051 564413 396654 599289 724377 313369 72567 445210 989266 71166 534104 540911 369045 914433 575115 971502 307273 794940 670406 656024 170432 740675 538149 180964 657634 55811 662384 699827 580150 300967 534968 773552 381731 447974 889192 622460 761342 961759 67669 266959 32924 118124 807869 918320 548908 899336 889821 856180 694275 76579 28555 864706 333605 566704 562022 507590 138866 224405 723769 235368 41724 258736 8919 423454 706709 898111 45913 984402 859869 629933 251360 409144 264409 59229 843816 813316 474916 733636 185848 169190 326566 214402 550247 660171 297457 112268 684112 436323 853025 407880 671690 894748 182968 196960 318201 406028 95070 880466 390430 471290 26750 158141 396786 291158 733721 240601 104474 208636 490588 290321 377825 817154 504722 928072 993676 802179 40339 194139 754853 893363 602019 426542 304462 784986 623501 622663 707365 234923 19480 97794 706212 46229 255935 619349 337387 506007 859949 441860 714643 866889 248532 92467 200394 753253 536890 710421 71783 93581 904559 826635 503295 506577 769528 807757 807914 909381 946771 515279 144303 966250 129424 366866 528830 901710 502567 866216 407717 362515 824427 122359 229403 589310 731177 429796 858915 784419 140216 930697 877999 44775 273684 381293 67703 559563 705401 391969 468943 652171 423599 129597 134772 553022 12815 663602 454732 515381 46169 378800 877895 386948 17510 623650 976257 265038 569797 835171 49456 710013 282220 927454 271139 555903 825099 855193 115465 46851 763513 100760 699022 187111 230356 833793 740133 243170 13746 711216 758550 59915 90015 152797 446862 623876 292798 939470 888913 862594 774641 938369 88958 573212 382174 876448 129114 723624 731641 760930 770475 495153 861689 469496 198616 608397 819640 938748 367918 349738 166315 642820 409652 772681 795616 372865 396556 604765 312334 285468 467358 603326 740188 556316 176537 122362 432763 822002 362337 680755 99284 132811 692260 477324 118658 407227 85720 454650 345974 453638 804387 28640 612809 730390 801320 924776 103254 714227 529540 931939 999694 996897 51617 256234 69564 228153 378595 18679 566507 257283 215785 665790 390094 908044 143113 508751 831622 228833 963400 177595
7 310339
504386 627838 120676 2384 132795 25929 464752
16 1433
265 860 200 516 181 454 134 798 301 440 379 468 757 852 485 173
18 38
16 15 20 19 14 11 18 16 12 15 16 10 14 14 12 14 11 19
17 22
13 14 18 14 15 19 18 20 11 18 19 14 10 19 11 19 11
8 680585
387896 770976 672439 962056 993851 139228 824377 874025
8 962159
586513 542734 852769 802073 278947 828025 503218 162323
11 1569948
597482 917014 38515 924293 131944 840520 795748 250239 951161 978987 642300
14 1029412
648780 609 915703 824724 466488 260731 582789 334356 83535 399782 818283 797178 824800 948664
20 1426
634 578 368 944 594 337 965 320 660 892 500 100 475 750 310 1000 215 522 935 710
12 402061
69413 847612 936573 58035 7590 784272 505859 341481 402830 706697 341287 341737
16 188
41 41 41 41 41 41 41 41 41 41 41 41 41 41 41 41
19 23
19 12 15 19 18 19 19 15 12 17 10 10 11 18 15 13 18 13 11
14 1510
877 863 297 734 690 203 985 494 98 116 453 561 302 583
31 262880
618440 864275 759928 368637 669468 823242 370487 228170 366719 143706 122665 830413 262742 174722 216420 140215 185956 229587 839190 554524 281496 27312 951556 647790 612953 84433 295386 889345 64705 825998 84885
18 37
20 15 19 19 17 17 16 17 15 10 11 12 10 20 12 13 12 14
2 2000000
595435 702310
11 37
19 18 11 14 12 18 15 12 10 20 20
46 1581609
82622 82621 82620 82619 82618 82617 82616 82615 82614 82613 82612 82611 82610 82609 82608 82607 82606 82605 82604 82603 82602 82601 82600 82599 82598 82597 82596 82595 82594 82593 82592 82591 82590 82589 82588 82587 82586 82585 82584 82583 82582 82581 82580 82579 82578 82577
8 275885
241344 151321 655717 653647 828973 53140 66559 422327
8 1499760
180825 282546 851039 968307 755242 43670 640950 476608
10 445957
920541 448329 572216 300686 923570 402728 200200 72038 290766 388378
10 1192424
698579 285654 355104 118295 594290 666887 875710 618478 421873 250262
9 1756399
832103 443835 426578 333044 838215 856637 760950 270509 563822
3 520
361 195 341
8 15062
202832 2258 679039 884464 815771 174876 300380 280412
1000 2000000
4 3 6 6 5 4 3 5 6 1 2 6 6 4 3 3 4 4 1 5 2 4 5 4 3 2 4 4 1 5 2 4 2 2 1 4 3 3 3 1 1 4 4 6 5 4 6 1 1 6 5 2 1 3 3 3 2 6 4 2 2 6 3 1 5 1 5 5 3 1 5 3 2 2 6 4 5 5 4 5 3 2 4 1 2 4 2 3 1 5 2 1 2 2 1 4 2 5 3 4 3 1 4 4 1 1 2 5 6 3 2 6 3 3 6 2 5 1 5 3 4 4 3 5 6 4 1 5 6 3 3 3 1 4 4 1 5 3 6 2 6 1 5 2 1 4 3 5 3 5 2 6 3 4 2 6 5 2 4 5 2 4 5 3 6 2 3 2 5 2 1 2 6 5 3 1 2 3 3 2 2 4 5 2 6 1 5 2 6 2 4 2 4 2 4 3 2 6 2 4 6 2 5 5 6 5 3 5 1 4 1 2 1 3 1 4 1 5 6 1 1 3 6 2 3 1 2 4 4 3 5 3 4 3 6 1 5 6 5 5 3 3 1 2 6 5 5 6 4 2 4 2 3 3 3 5 1 2 6 5 4 4 1 5 4 4 5 2 2 3 4 4 4 2 5 3 1 2 6 4 3 4 5 3 4 5 1 5 6 4 3 1 5 1 5 6 3 1 5 4 1 3 1 4 4 4 4 2 3 4 5 5 5 1 6 2 5 6 4 2 2 4 2 6 5 6 6 5 6 2 2 1 4 6 2 6 3 6 1 3 3 4 2 1 4 1 6 1 4 4 2 5 1 4 3 3 1 6 1 1 1 6 5 5 6 6 2 6 3 2 3 3 5 2 3 1 6 1 1 1 2 2 4 6 5 6 3 6 5 1 4 3 5 6 1 2 3 2 5 6 2 5 2 4 4 3 4 3 3 2 2 2 4 3 1 6 6 1 3 4 6 6 4 4 5 5 3 6 4 1 5 3 6 6 1 3 2 2 4 2 4 5 1 5 5 2 4 4 6 1 5 5 4 2 6 1 4 2 6 6 3 4 2 2 1 6 2 1 6 5 6 1 1 1 5 5 2 6 2 1 6 6 4 2 6 3 6 3 3 5 2 5 6 2 4 4 1 3 4 6 2 4 6 6 4 2 5 3 2 4 1 5 2 4 4 1 5 3 3 5 1 3 1 4 4 4 2 4 4 3 2 5 6 5 5 1 1 1 3 6 2 4 4 3 5 2 1 1 2 4 5 3 6 5 4 1 6 3 4 4 6 3 6 3 2 2 4 6 2 6 3 2 1 6 4 4 5 5 2 1 6 1 1 3 3 2 3 3 5 4 4 4 1 3 6 6 5 1 3 4 5 5 5 3 2 1 6 5 3 2 3 6 6 3 2 2 2 2 2 6 5 3 1 3 6 5 6 2 5 6 3 3 2 6 6 4 4 3 6 6 2 2 5 5 2 4 5 3 5 6 1 1 1 1 4 6 3 1 5 6 1 5 6 6 4 5 1 1 6 6 4 5 1 2 4 6 5 2 3 3 5 1 2 5 5 3 4 2 3 6 1 1 5 4 1 6 1 1 1 6 5 4 4 3 4 1 3 2 6 3 3 5 3 4 3 1 6 5 6 6 4 4 5 6 2 5 6 2 3 4 5 1 1 2 4 4 1 4 4 6 6 4 4 2 5 1 6 2 3 4 1 6 1 5 4 6 1 3 1 2 6 3 6 4 3 1 6 3 4 3 6 3 4 2 2 2 6 2 3 2 3 1 5 3 6 2 3 4 4 1 5 1 4 3 5 6 3 4 6 1 4 3 3 1 4 3 6 3 2 2 2 4 6 1 4 3 2 6 1 4 5 3 4 6 5 2 3 6 3 2 6 4 4 6 2 6 2 1 2 3 6 4 4 6 2 2 2 3 5 6 6 3 1 4 6 3 3 2 2 4 1 1 1 3 5 3 2 6 3 1 1 1 2 4 6 3 3 5 4 2 3 3 2 3 4 2 5 5 1 5 2 2 5 6 2 3 2 3 1 3 1 1 1 1 2 4 1 5 2 4 6 2 5 5 4 2 6 1 4 1 5 3 6 1 3 1 4 2 1 2 2 5 6 2 5 5 5 6 3 5 3 6 6 5 5 4 5 2 2 2 6 6 5 5 6 5 3 1 6 1 6 2 6 5 3 4 4 6 3 4 4 4 2 3 2 4 4 6 5 5 6 3 2 4 1 6 6 2 6 5 2 6 4 1 2 1 3 5 6 3
2 2000000
1000000 999924
13 577104
256187 244382 689009 703712 209745 779733 11202 924854 259474 810562 505239 290591 477780
12 58781
493688 988783 479650 707311 358995 574752 732652 822629 17768 980422 29206 262590
865 1046082
33395 805288 949570 432487 568692 22941 218443 237917 496419 497507 444645 535716 737109 891588 687172 794630 21619 878737 814172 435166 908212 822496 78553 681302 10427 976635 795923 365207 882681 932837 828277 432427 254476 294198 864913 823167 317138 83356 577435 329908 97214 22079 381975 834322 913666 69147 628952 451636 464235 443123 886802 372446 781970 481706 570100 308749 458341 882374 190307 857373 331562 18583 289799 586037 829132 671064 409204 146270 754419 502990 992529 851632 525069 374504 202306 955086 960002 831257 406722 424236 790731 809875 313033 89052 291580 883132 914152 266272 765505 104458 123644 97066 639392 413443 683103 468524 600858 608658 131145 355276 111647 123673 723259 153067 14528 925564 108153 974529 273172 514874 398764 580254 324748 711797 669306 132679 594928 99809 398951 876785 720619 522594 490202 360010 452388 173304 344885 53245 298313 992381 924872 926312 116054 648131 79378 130581 90046 703882 105110 363218 218755 20225 459823 59854 732021 645480 192533 843301 745289 591483 236437 465907 630428 726638 342268 82816 899942 687153 652412 714606 679533 577284 640917 311938 741766 236647 958871 831811 940528 580332 711380 675635 600556 171203 251840 848929 816682 444372 692229 78322 552206 445017 544228 182634 171654 402848 781801 587947 90000 950564 302553 285884 44199 459821 597822 785964 696467 73044 134127 153347 653375 361858 345333 253930 49412 597172 619210 866094 557896 827790 460767 110101 272806 521347 809086 444460 924194 107238 32406 14193 574154 334958 816428 618352 311131 414249 404316 523949 487292 54794 677295 657018 416651 538979 427300 466063 136151 46509 848508 210398 874299 825626 836850 147104 346972 162288 107915 271165 269525 140321 801709 360030 991630 618137 978382 302760 548737 899049 826709 552381 953842 20355 209398 886844 559334 636697 869258 211836 199558 234117 422233 73856 59743 259082 737311 406714 421369 845226 677879 207246 985546 479587 567275 977175 614075 62008 796287 162812 961056 139347 715192 431249 159701 924589 318093 235386 77638 187350 963573 277195 937819 902157 351050 997561 161239 604712 404274 98959 449937 598504 822556 951834 594443 389831 445361 208517 451838 241647 371328 929246 380993 86519 360494 57045 527460 678586 808783 605097 382288 772355 882291 320106 674512 749692 317666 352102 354403 238291 451060 320692 836795 273616 272525 947589 179798 717885 156105 147987 475883 527433 77232 856875 130303 437726 430272 657762 632663 239054 779210 14950 527760 177852 851407 718623 443895 685424 70724 798298 440067 38136 635341 793213 828103 907865 740801 524252 142102 896905 672238 617984 940689 265822 991211 70992 703547 421482 245105 852561 176887 540667 383863 704646 718518 235269 423269 162413 437045 10344 477062 877111 564831 628754 670323 392933 536618 411123 433536 195071 824379 105774 813055 765068 371595 804265 352411 591493 742098 113867 444053 918984 654533 827915 139981 889403 579536 563249 568167 16580 89945 45228 893690 654775 673981 564012 564060 726950 491486 997595 922021 315864 619720 251427 80931 991314 572043 949693 99158 314140 63560 59563 233123 234444 887477 373103 123846 467012 452704 692012 999943 542648 253591 893632 713774 443923 973995 277833 687225 981832 791780 125597 297696 411499 377023 894978 919165 949065 844671 18322 263204 424582 594236 12678 659025 481713 902132 782871 465076 354835 991234 465019 413834 761177 875002 127608 205099 365349 921792 408675 347180 229923 534271 161227 641422 427645 56205 76938 893061 417227 611611 156264 841808 205847 685293 17184 687559 587425 316406 668986 458611 307640 134004 872445 585168 525358 516404 306618 890706 954547 715293 237885 184470 765915 915464 825891 193560 971668 902828 86620 905246 514438 759236 263405 720284 444528 280588 924194 548304 596994 593180 6915 420985 243535 395711 6152 768892 912114 312769 659597 866660 544413 413834 51129 310328 329297 393371 20239 817316 296198 106858 722561 326988 382445 502317 563623 343325 782904 487817 891628 896249 597348 414894 833585 840882 810604 356088 609774 722717 185209 785722 105729 729621 715907 156857 556300 561555 66580 576538 378870 879129 199748 617782 206116 582192 120098 286091 925516 419354 290259 333496 831954 887606 748389 665539 244839 558993 21626 370964 798061 206834 156686 903789 452807 388944 576998 9106 950499 643577 101996 845720 522705 301743 463502 245173 883934 99951 531263 809450 35656 337873 659297 383962 225478 407685 49500 470316 483029 587477 841280 281090 310663 514317 701230 763469 419612 278227 288926 370110 438155 390921 732182 477212 692663 712035 722384 92949 811985 769998 418750 363993 107870 78046 747954 849699 485730 313805 320014 968759 901281 677645 766200 728295 708313 467429 8115 127925 262008 297041 14386 700162 204313 746567 177373 413328 458601 416108 506276 786938 186105 925025 667282 810326 3070 415235 660024 488799 245391 496390 973909 663023 690386 740108 391318 915051 207537 399432 559327 469544 212824 90064 686057 417137 836631 863430 830464 811583 795889 853091 114872 498346 778115 782153 308671 297536 713739 485047 302686 475481 497788 276595 138504 188173 533054 529821 619575 740590 445604 178901 726485 658428 268965 928894 591916 621947 308675 938731 949881 104563 791821 581105 602908 569935 363257 427931 867470 593348 912977 170155 585180 927116 963101 723683 631640 496155 769855 251215 753096 215459 946467 995933 873886 731783 924826 982153 353729 233500 920883 819962 854414 712703 401066 457322 798989 280674 401604 182810 390373 314580 869316 975553 758047 832417 699235 389686 844923 469090 640900 114370 200900 587367 110302 591137 835501 551479 573289 189230 301330 494171 525543 155744 723225 926608 129417 38565 207281 531020 221374 597654 361951 607041 573206 119997 955809 788792 509682 800731 774233 666934 915101 975132 770652 541754 566268 606152 93233 655908 311733 394562 666430 837275 66657 389654 763882 196073 428218 487515 243444 165943 601520 605394 772984 691077 241742 728792 479868 267776
12 26
18 12 16 14 10 20 14 13 15 13 20 19
2 2000000
1 64
7 1961747
263583 645982 959309 348592 110550 680009 164081
15 2
803788 678510 842095 292651 257068 1 509728 386326 69058 1 411636 349340 976363 872825 521270
7 948813
448622 683583 165610 369869 185584 83557 568658
20 1872
780 608 111 187 131 585 228 886 320 94 903 679 698 110 66 37 111 381 127 412
20 31
17 19 18 20 13 20 11 17 18 11 18 18 11 16 13 12 14 18 12 12
11 28
17 14 19 19 11 11 19 15 10 15 10
44 1412210
986676 986815 986954 987093 987232 987371 987510 987649 987788 987927 988066 988205 988344 988483 988622 988761 988900 989039 989178 989317 989456 989595 989734 989873 990012 990151 990290 990429 990568 990707 990846 990985 991124 991263 991402 991541 991680 991819 991958 992097 992236 992375 992514 992653
17 1974
621 298 937 921 945 729 699 935 275 817 42 30 250 209 307 943 985
12 1543
203 989 340 647 360 633 912 568 560 149 425 424
11 1349
192 387 378 949 281 301 485 149 996 198 158
11 789717
653750 178007 162202 770166 425404 294449 916898 255705 202424 750110 88263
9 543409
785494 242591 788416 572354 322764 60900 6935 516895 673936
15 1156
297 288 673 905 155 276 162 757 400 761 74 67 735 64 20
11 419443
345001 394645 979128 545307 501624 632679 309096 338162 68350 422833 688868
13 276568
496918 451677 591201 366967 770535 502055 701853 862033 319680 381319 446676 88707 147091
15 2045
596 648 236 428 343 405 543 923 185 869 696 714 9 674 493
13 1274350
961425 542577 616059 890840 608026 130102 517669 193790 494066 970593 251824 501655 754864
10 461032
832559 587015 234028 164682 761890 50759 445093 776816 193791 893714
8 1384316
435681 102379 564363 780650 246523 242375 839091 62594
15 1415
883 659 772 146 578 332 294 3 107 303 228 473 520 189 409
14 1246323
28584 86278 767140 337699 199200 443203 100786 549540 667654 631374 962099 905508 441600 913187
1000 2000000
760728 760728 760728 760728 760728 760728 760728 760728 760728 760728 760728 760728 760728 760728 760728 760728 760728 760728 760728 760728 760728 760728 760728 760728 760728 760728 760728 760728 760728 760728 760728 760728 760728 760728 760728 760728 760728 760728 760728 760728 760728 760728 760728 760728 760728 760728 760728 760728 760728 760728 760728 760728 760728 760728 760728 760728 760728 760728 760728 760728 760728 760728 760728 760728 760728 760728 760728 760728 760728 760728 760728 760728 760728 760728 760728 760728 760728 760728 760728 760728 760728 760728 760728 760728 760728 760728 760728 760728 760728 760728 760728 760728 760728 760728 760728 760728 760728 760728 760728 760728 760728 760728 760728 760728 760728 760728 760728 760728 760728 760728 760728 760728 760728 760728 760728 760728 760728 760728 760728 760728 760728 760728 760728 760728 760728 760728 760728 760728 760728 760728 760728 760728 760728 760728 760728 760728 760728 760728 760728 760728 760728 760728 760728 760728 760728 760728 760728 760728 760728 760728 760728 760728 760728 760728 760728 760728 760728 760728 760728 760728 760728 760728 760728 760728 760728 760728 760728 760728 760728 760728 760728 760728 760728 760728 760728 760728 760728 760728 760728 760728 760728 760728 760728 760728 760728 760728 760728 760728 760728 760728 760728 760728 760728 760728 760728 760728 760728 760728 760728 760728 760728 760728 760728 760728 760728 760728 760728 760728 760728 760728 760728 760728 760728 760728 760728 760728 760728 760728 760728 760728 760728 760728 760728 760728 760728 760728 760728 760728 760728 760728 760728 760728 760728 760728 760728 760728 760728 760728 760728 760728 760728 760728 760728 760728 760728 760728 760728 760728 760728 760728 760728 760728 760728 760728 760728 760728 760728 760728 760728 760728 760728 760728 760728 760728 760728 760728 760728 760728 760728 760728 760728 760728 760728 760728 760728 760728 760728 760728 760728 760728 760728 760728 760728 760728 760728 760728 760728 760728 760728 760728 760728 760728 760728 760728 760728 760728 760728 760728 760728 760728 760728 760728 760728 760728 760728 760728 760728 760728 760728 760728 760728 760728 760728 760728 760728 760728 760728 760728 760728 760728 760728 760728 760728 760728 760728 760728 760728 760728 760728 760728 760728 760728 760728 760728 760728 760728 760728 760728 760728 760728 760728 760728 760728 760728 760728 760728 760728 760728 760728 760728 760728 760728 760728 760728 760728 760728 760728 760728 760728 760728 760728 760728 760728 760728 760728 760728 760728 760728 760728 760728 760728 760728 760728 760728 760728 760728 760728 760728 760728 760728 760728 760728 760728 760728 760728 760728 760728 760728 760728 760728 760728 760728 760728 760728 760728 760728 760728 760728 760728 760728 760728 760728 760728 760728 760728 760728 760728 760728 760728 760728 760728 760728 760728 760728 760728 760728 760728 760728 760728 760728 760728 760728 760728 760728 760728 760728 760728 760728 760728 760728 760728 760728 760728 760728 760728 760728 760728 760728 760728 760728 760728 760728 760728 760728 760728 760728 760728 760728 760728 760728 760728 760728 760728 760728 760728 760728 760728 760728 760728 760728 760728 760728 760728 760728 760728 760728 760728 760728 760728 760728 760728 760728 760728 760728 760728 760728 760728 760728 760728 760728 760728 760728 760728 760728 760728 760728 760728 760728 760728 760728 760728 760728 760728 760728 760728 760728 760728 760728 760728 760728 760728 760728 760728 760728 760728 760728 760728 760728 760728 760728 760728 760728 760728 760728 760728 760728 760728 760728 760728 760728 760728 760728 760728 760728 760728 760728 760728 760728 760728 760728 760728 760728 760728 760728 760728 760728 760728 760728 760728 760728 760728 760728 760728 760728 760728 760728 760728 760728 760728 760728 760728 760728 760728 760728 760728 760728 760728 760728 760728 760728 760728 760728 760728 760728 760728 760728 760728 760728 760728 760728 760728 760728 760728 760728 760728 760728 760728 760728 760728 760728 760728 760728 760728 760728 760728 760728 760728 760728 760728 760728 760728 760728 760728 760728 760728 760728 760728 760728 760728 760728 760728 760728 760728 760728 760728 760728 760728 760728 760728 760728 760728 760728 760728 760728 760728 760728 760728 760728 760728 760728 760728 760728 760728 760728 760728 760728 760728 760728 760728 760728 760728 760728 760728 760728 760728 760728 760728 760728 760728 760728 760728 760728 760728 760728 760728 760728 760728 760728 760728 760728 760728 760728 760728 760728 760728 760728 760728 760728 760728 760728 760728 760728 760728 760728 760728 760728 760728 760728 760728 760728 760728 760728 760728 760728 760728 760728 760728 760728 760728 760728 760728 760728 760728 760728 760728 760728 760728 760728 760728 760728 760728 760728 760728 760728 760728 760728 760728 760728 760728 760728 760728 760728 760728 760728 760728 760728 760728 760728 760728 760728 760728 760728 760728 760728 760728 760728 760728 760728 760728 760728 760728 760728 760728 760728 760728 760728 760728 760728 760728 760728 760728 760728 760728 760728 760728 760728 760728 760728 760728 760728 760728 760728 760728 760728 760728 760728 760728 760728 760728 760728 760728 760728 760728 760728 760728 760728 760728 760728 760728 760728 760728 760728 760728 760728 760728 760728 760728 760728 760728 760728 760728 760728 760728 760728 760728 760728 760728 760728 760728 760728 760728 760728 760728 760728 760728 760728 760728 760728 760728 760728 760728 760728 760728 760728 760728 760728 760728 760728 760728 760728 760728 760728 760728 760728 760728 760728 760728 760728 760728 760728 760728 760728 760728 760728 760728 760728 760728 760728 760728 760728 760728 760728 760728 760728 760728 760728 760728 760728 760728 760728 760728 760728 760728 760728 760728 760728 760728 760728 760728 760728 760728 760728 760728 760728 760728 760728 760728 760728 760728 760728 760728 760728 760728 760728 760728 760728 760728 760728 760728 760728 760728 760728 760728 760728 760728 760728 760728 760728 760728 760728 760728 760728 760728 760728 760728 760728 760728 760728 760728 760728 760728 760728 760728 760728 760728 760728 760728 760728 760728 760728 760728 760728 760728 760728 760728 760728 760728 760728 760728 760728 760728 760728 760728 760728 760728 760728 760728 760728 760728 760728 760728 760728 760728 760728 760728 760728 760728 760728 760728 760728 760728 760728 760728 760728 760728 760728 760728 760728 760728 760728 760728 760728 760728 760728 760728 760728 760728 760728 760728 760728 760728 760728 760728 760728 760728 760728 760728 760728 760728 760728 760728 760728 760728 760728 760728 760728 760728 760728 760728 760728 760728 760728 760728 760728 760728 760728 760728 760728 760728 760728 760728 760728 760728 760728 760728 760728 760728 760728 760728 760728 760728 760728 760728 760728 760728 760728 760728 760728 760728 760728 760728 760728 760728 760728 760728 760728 760728 760728 760728 760728
18 1907
977 132 876 352 316 138 115 962 133 5 19 939 863 952 959 17 970 21
32 1384113
842356 982088 969836 747980 687221 908105 970275 714478 816270 869483 710389 936307 754549 864013 885271 898278 872109 822795 965179 882962 782864 849705 890568 904198 876115 818619 882774 951436 994080 998730 696892 768453
18 29
11 16 18 10 18 16 10 12 13 14 19 14 11 20 11 11 12 20
4 20
10 5 10 16
13 1662025
91498 817626 679467 68292 769027 249421 313001 589638 981259 650939 843219 148777 607607
14 193864
598529 412762 167718 9541 697272 370213 95103 25342 947282 926664 731418 690226 244823 77387
13 1294
251 85 954 74 196 674 313 183 237 173 81 957 854
20 1503
576 181 441 584 899 859 174 114 861 935 495 190 419 722 893 86 212 8 47 344
18 1140
367 217 610 937 241 387 184 218 724 89 137 693 980 22 682 959 448 885
15 33
20 15 20 16 12 15 20 13 20 14 11 18 20 19 10
28 192573
130727 779532 61842 284638 348520 674678 483268 293233 627904 601716 195693 872413 688460 782292 823688 146018 587402 487116 251654 269862 963812 771370 348832 403865 829465 66079 922313 287826
18 1520
494 983 550 640 560 881 285 914 339 588 494 163 459 682 572 922 257 867
7 1083289
381768 121668 843847 798603 786302 257246 270479
11 392692
815490 334615 702844 973318 216491 746646 116417 731046 615895 630381 313950
19 1618
774 178 789 978 428 226 931 853 421 956 517 603 193 689 36 501 894 225 705
14 628651
128349 926966 37914 277126 50925 699075 890422 861722 453258 807329 454655 684677 47759 174862
12 234206
194847 611086 998423 206309 543093 111634 625245 216870 151046 948428 177974 346544
3 576
286 104 349
7 1235894
398981 850389 125707 43156 112051 225168 740617
14 1784
988 2 316 91 949 80 139 466 700 329 506 476 907 900
11 1160
909 69 552 213 525 150 983 738 952 590 475
11 579721
791139 198758 963389 799361 580386 31118 150867 71626 168279 603351 823798
8 406760
617412 137677 94239 554593 810546 150200 931694 886142
16 35
15 12 20 14 13 19 10 20 13 13 20 18 12 19 18 13
716 480049
56878 702137 444985 78378 685499 414711 656081 636748 548227 96853 332499 680647 273507 23500 413673 707632 237955 128489 957747 159509 191944 263324 826937 732575 527567 588919 388753 441638 180474 240128 712581 237351 458616 673918 832081 660466 604980 4513 813565 153206 617717 146063 833852 891223 169562 247524 598855 923868 892364 72953 83377 84307 336277 426665 333233 380195 15583 721986 821833 712408 478465 534413 466111 453432 724682 298191 630249 329662 819055 443813 999219 436772 106228 833071 844346 792141 596946 959552 716009 5662 32505 799385 606320 368781 742401 939553 265327 757984 177890 87159 986743 172706 137924 452853 142489 862605 267395 772737 708618 86450 732901 707837 523221 839128 57259 883918 631269 170556 843470 863629 176217 875974 663013 782537 761106 921765 238441 26432 679748 932682 113591 666491 105387 767866 635695 247875 630470 903090 536963 339088 989539 269863 46924 29111 625343 620534 913028 772963 791089 756497 636591 967306 148822 815955 266194 426279 737719 504634 452711 933819 437315 82653 116661 59053 850518 752355 306927 480987 655444 843889 336426 161334 630103 899701 190444 255445 520234 619824 544759 827675 892672 181349 311332 41494 513655 577525 467772 767726 82158 436834 701544 35824 519486 818204 94876 886355 86910 918154 883694 742354 278394 220119 903687 424848 636172 610483 196645 672757 746658 741403 500431 639329 439104 811762 197174 952758 905638 181298 236835 504147 618131 938378 539970 653969 272933 151197 540323 359843 585702 940368 102196 380447 676839 522234 805295 313010 649068 1939 502118 395725 743341 2549 551406 698796 330662 748579 167906 236300 929876 404740 740446 64359 343118 796768 234679 132402 464316 775001 492244 50018 231721 110791 430464 908559 149377 235758 737920 798444 754048 240037 710521 13741 758937 261926 712536 89599 10504 880441 842250 456732 285181 582695 521090 144650 895814 755768 793403 360130 47120 285647 410147 795192 912789 356962 703750 578517 109072 441669 893313 863119 198058 603833 393211 956994 382110 105747 562944 392613 502539 405193 365696 304071 504240 403137 448720 400053 675256 758475 760182 238728 44121 686680 33919 473261 43642 254021 51778 669065 212041 945090 532183 410098 65274 925394 367092 447383 547492 930035 356347 50030 851580 238395 354101 355819 641531 319172 755871 833139 77646 32405 71866 638118 719084 105784 627731 279077 876156 679508 948141 88197 140949 996676 498294 722574 438421 381737 686308 985912 828124 42654 552293 679703 281048 906393 35521 438931 741917 307743 272069 335914 340147 860286 974032 575583 482421 118114 371011 358577 797621 319152 446773 454921 832179 945066 693846 270599 843155 380153 772862 671278 939158 325154 350980 736558 231547 902852 175488 489815 210594 963908 825728 67093 824193 316111 159027 306613 434224 530037 665189 748196 365540 628313 719468 197718 89731 413313 984668 932885 309817 757529 604162 248975 82683 471493 985532 830581 374344 677371 836747 584937 641278 662474 168381 465470 494937 327407 288434 929160 373796 953623 193708 255687 581935 913175 453405 671665 842840 954424 120901 152656 711953 725062 917982 310987 196554 903513 141567 87249 580883 978313 672186 222160 157138 356918 203981 168426 200677 492415 97586 574472 962389 807645 830158 60675 720819 799914 248692 80010 754338 369592 749018 982642 611006 666999 809980 807559 570512 467898 894808 667746 962562 83345 889906 119699 956614 610238 288125 157290 102652 902062 731761 581392 709706 78271 642067 946876 878184 407110 543238 148873 776701 292255 647866 387706 959253 457845 711617 46116 925742 122776 713862 888303 206120 120119 524354 162733 730356 812478 320023 349360 230891 568135 930751 456948 646405 89169 920175 40941 496278 463412 706165 789331 755666 354031 177036 231271 811875 888652 277386 253969 11427 991247 142271 733898 111365 666624 412983 358073 995453 249357 707432 742695 817491 154534 199642 980248 760055 119817 21188 772684 99580 243704 562014 855246 597734 739050 602868 925961 144053 880253 179929 671832 387852 838551 922081 15568 21527 335063 373640 533331 584419 597423 276026 918262 751957 992019 898509 512011 628187 436048 284694 727767 196103 363060 99364 793837 102109 702231 236149 762513 98835 416077 950696 486686 770979 872777 502254 792505 207839 392245 842188 308610 989668 634565 226871 257976 626583 641731 286338 771122 594130 87383 15240 790232 450442 114603 100420 68902 333185 336568 831415 432019 268996 782110 918705 39975 171238 937310 348831 895429 329554 191018 204038 835573 825582 947260 93548 452165 105342 379885 739638 215823 467268 754877 6054 917709 869479 622826 986611 719015 959393 334377 151033 228389 632838 69737 784715 804076 523398 133545 699504 369304 324563 419893 204876 150144 367152 298424 118660 988845 678308 858297 204667 145575 129525 727072 579636 515355 349897 82598 234369 825642 416974 385402 54030 566163 971490 355096 370238 494888 488640 586093 864191 813202 522337 69066
10 1760
349 809 892 406 852 833 696 170 764 229
19 2089
506 864 158 450 592 208 384 218 25 778 248 626 986 554 920 970 892 534 638
18 1238
441 698 268 5 445 647 947 752 617 143 576 936 629 984 464 848 115 478
7 849021
768855 50899 791385 955493 291397 605423 780321
14 1966044
28293 903365 308637 795432 757415 507836 238634 858201 57376 422639 489574 535826 328147 447525
87 1464516
2733 14023 15796 38067 45539 60655 70172 80297 84643 86589 103685 123808 128610 132297 145621 148271 155746 165122 171231 235778 236042 241935 249801 262461 267836 294859 302317 311916 315582 344648 347841 349982 389646 395878 396121 414490 422607 424568 431008 434818 435732 438651 451807 470585 484437 486568 488294 491345 493774 496309 506237 525011 539578 553630 575617 586362 600078 602461 637351 653415 660259 667956 675500 678232 688564 703941 769002 775655 783079 797467 802630 804109 807118 817361 847562 853614 864350 866296 867908 869837 924677 926988 950334 953915 981856 994703 998693
17 29
20 20 10 11 13 12 13 13 18 10 19 11 10 17 14 13 16
11 1825117
792764 596571 159711 246736 833989 224452 14237 412559 237855 810226 434737
17 898475
449237 439488 340525 358455 79854 64885 4937 222497 77813 209815 150189 8508 310358 234496 301976 272049 449237
12 1402624
681633 813514 495838 899564 948290 323699 326302 651858 152306 22578 921248 502002
14 304862
771810 140949 73802 315628 442794 832745 620396 15147 671860 681295 22082 188755 355230 80927
10 1093624
338795 445196 518590 396096 204155 528280 192671 235211 352858 161885
2 2000000
404137 404137
14 1677655
573109 746744 314240 699209 219862 975257 701146 883376 617004 403856 562670 673589 715940 895952
11 1129221
336048 384517 565268 51191 258041 214777 23579 402043 430625 179638 683881
92 1552146
470506 292554 795872 824920 71561 402578 637588 82138 599297 560404 786553 745739 220453 228048 872011 361780 986159 140545 562179 140253 503605 512728 187187 898676 753560 249956 302173 826377 296978 776744 599094 813284 775402 532075 235046 860553 807283 598330 477349 663477 126979 330757 914850 917600 801645 437104 21192 724114 12264 366973 324163 148352 823114 584089 705958 630985 763641 402543 728833 232716 832091 867371 17264 753236 657177 882783 214795 771527 838063 180887 829846 249755 846180 454639 326938 500785 73878 674626 257058 407513 166218 30119 758760 940168 597870 263798 279874 598106 602100 763661 946899 6732
23 199
2 6 2 2 4 6 3 162 4 8 9 8 7 9 7 5 4 38 6 9 5 4 3
11 870603
371684 467225 580098 720276 577775 776458 400708 55642 192014 54458 233648
34 1807789
969051 970365 970511 970803 972701 972555 972409 973139 971387 971533 969927 968759 970073 972993 969781 972847 971095 972117 970657 968613 969489 968905 971825 973285 970949 971679 971971 972263 971241 973431 969343 969635 969197 970219
12 1068619
563257 403486 638190 832938 735851 496106 569105 458437 425067 8384 632666 234235
20 1910
783 604 790 994 611 836 337 326 252 322 903 619 266 848 307 582 167 966 473 666
13 1599273
345332 530897 111940 542324 616753 396256 77430 747804 192914 489083 145506 824439 858209
12 394940
303611 265785 960886 323525 127275 712492 344449 260359 507767 6322 870050 318859
15 27
20 10 10 20 17 19 12 19 11 20 15 17 15 15 16
10 23
19 16 17 10 16 16 19 12 12 15
12 318898
834924 804345 758030 244681 727659 812189 240516 22638 483760 374028 411855 226275
14 1687835
906771 344581 976795 951402 53603 728357 304260 215487 821587 253581 167519 440317 817944 948169
8 1350075
641510 992231 90856 211321 781837 530779 729560 265769
8 1833960
254508 236663 149564 320350 493870 18453 292157 920176
14 1828
342 425 329 673 333 750 224 545 274 725 880 11 28 821
638 1664181
130978 827817 47749 730348 155221 362888 23128 862776 92226 654976 34914 531150 482532 736340 22007 623384 248190 525587 543043 611526 371314 860133 207004 291803 970506 331056 130669 922066 45115 543326 937439 692445 371142 501539 422792 42714 864426 962271 421841 473004 617247 973107 4153 616130 709446 542511 755866 473987 68098 298908 85512 955763 675392 808868 247565 162250 139923 894585 84315 701389 437910 21753 393833 325404 39644 816624 368117 420421 295247 306310 893424 912493 279416 897576 528622 505213 440087 284487 979200 24536 99746 581063 980298 291490 906282 744215 453739 562556 638799 538053 263945 593061 76158 657777 918464 115801 990753 802932 536221 285999 109241 429645 198491 905008 843572 243464 410221 800010 44303 905772 824545 144048 3186 321195 435537 909468 581761 889275 472023 736911 943680 735967 329971 19837 910096 764786 135637 900848 567718 188209 186846 193310 617853 385336 98318 977777 145151 24890 777786 189453 930661 118683 333501 933846 956229 285389 359665 537989 691016 348040 791251 634695 84006 121222 170883 510453 402359 822871 411300 970076 11079 598145 163386 145284 499832 778055 639412 644983 802944 417197 350787 249956 52231 200639 700153 8459 486028 59818 62799 693395 407857 370402 328089 8214 491623 15323 518667 893981 838193 446318 380409 365623 44463 60146 510906 60646 354552 150317 221980 157495 83866 572767 923802 652448 773405 623954 177259 775784 683771 240057 469178 607979 126810 313618 132545 618432 328940 167563 28765 683484 613880 925525 49107 174694 502022 76364 751692 856573 226681 973671 14067 826898 62789 937868 479345 352546 78173 656603 128329 761944 413012 113859 886274 539821 427476 535170 674605 272768 702732 219721 956251 832964 661597 5357 524009 163618 81721 275700 20190 824753 765723 34256 168002 344863 488475 647346 213760 566647 820301 342089 844942 749664 972299 247568 289484 399774 782737 480440 188893 1821 700160 145144 351136 878108 666852 875144 41725 748572 667196 61914 89676 949270 612521 257677 810484 100995 905023 24244 183994 241675 882684 545287 991338 854982 792854 797173 771107 91943 277613 960000 93763 494124 105143 444898 372232 771994 836393 413956 36918 503588 475870 126593 969209 88390 384270 779693 705737 805644 803936 406082 563670 686619 951368 555007 541600 260574 352179 829058 352516 146143 789057 962630 640267 894199 407527 528850 182545 760271 942805 219462 263859 935026 862406 749419 539768 763027 529111 761856 568670 333046 684289 648691 536016 635656 203697 593967 412581 72228 423025 281448 218370 728433 244077 374988 622632 167955 903837 321528 928226 362994 57341 708436 298019 919746 457854 354138 682773 503317 115993 767794 352714 800281 416485 888730 952289 136533 999048 364869 208760 422072 646317 943482 150505 406745 318469 289488 574700 222306 127367 502925 585299 184707 727712 883317 620804 185565 753807 819928 205233 869799 104074 557947 186432 36910 446676 655072 173442 445723 536292 898554 384147 698960 842035 51003 105705 160503 856842 196756 382808 984208 699680 484458 685266 943743 884127 306069 645659 637933 642349 850892 24083 746422 408838 726866 783331 855513 381937 473124 817587 918229 371677 718085 133540 730063 285439 239244 890566 142280 435999 789725 642839 652030 274183 844456 595772 158309 150525 241431 796241 309225 608674 820323 55646 17511 547189 355328 389375 445477 828451 723313 363705 716480 441398 497245 446542 726836 252840 337107 385468 205191 126832 28306 857220 917366 872762 969344 75674 539638 727126 388266 365214 335799 208588 420859 353309 272128 776186 259035 717605 120988 982347 597661 837467 423744 611257 284009 666932 380449 137467 568751 585639 780650 113408 959210 698015 502521 928553 773688 42158 172030 161953 923723 507828 886893 344581 377488 675372 637118 152874 909328 274458 135221 23341 111924 75316 150949 912284 258599 531397 49751 827349 633387 346752 940757 592597 44767 443277 37501 334806 1787 209531 496759 925509 233710 900003 786442 127550 575374 423559 280423 1054 214368 931995 24394 326292 7311 175342 754927 265909 223091 321029 609610 856477 667781 550366 965425 712547 993642 2926 47352 995428 728808 60462 437289 962517 960464 223730 606418 52190 163640 403193 53243 378008 335187 593988 220651 858849 769329 975577 641110 992419 296606 250719 365248 964386 317436 330672 193284 311077 333597 756987 822857 62404 817449 776497 541273 294264 226
13 742270
360196 750301 834868 957474 55014 304978 451161 43797 784627 158472 919143 875731 407475
19 40
16 10 20 17 13 11 18 20 17 14 19 16 18 15 12 11 19 18 15
486 666628
13412 361821 552665 325960 2374 532740 281405 415274 50787 531300 513858 470140 261471 579192 245103 335778 227833 354981 108510 573098 540688 548050 441372 171069 450494 574325 564726 355011 619070 662690 47949 185422 130948 222934 149334 280173 20956 216133 384614 167696 342309 27971 183822 178063 647653 269794 289364 429205 255135 490029 662852 26019 457628 176594 48555 179603 638657 125188 254025 181305 374691 174204 79227 414145 504530 193802 616854 216524 32819 261497 435172 48083 110615 386450 81012 44111 278944 118282 468192 71512 520730 618068 291936 535676 421524 480108 201515 251074 225253 539577 354075 608776 597253 16133 529457 426601 238131 475266 460860 223486 531150 482801 152829 618541 73721 104559 108428 615838 609840 37966 577162 566121 311272 303285 128987 427381 77693 265702 513795 431200 484236 311646 18062 387618 405157 57847 558113 191357 152765 237423 21899 561013 93784 638339 608436 512681 472826 385220 212014 326493 249084 123582 314186 133666 485404 547977 224115 182390 184653 89462 609694 47555 196488 501433 190491 42589 330850 598904 326185 181331 405126 546018 118574 185475 339385 169359 445831 541438 339690 461516 664312 430848 99241 594193 462968 443142 165192 2313 429564 406993 217959 618677 492420 251351 390120 327238 504278 450101 92301 518981 198435 576863 400922 635292 664251 178148 575249 186515 537640 579058 265720 517294 622514 137166 428496 497955 122582 3934 491155 28581 311616 537483 133888 397619 5491 106401 239244 56788 588604 282011 602107 640609 497267 596144 370541 321626 237063 292810 259632 235426 628658 90408 145894 28286 438790 592906 208995 52932 377263 213829 439901 595112 170109 129708 443690 460518 72434 225514 266611 498931 485292 496515 448667 624708 2184 26721 173476 108664 488475 206109 399731 562205 426190 70231 475297 496843 252479 487023 396831 345000 363340 613419 536920 205766 56933 82758 452797 68841 272529 240022 203288 476132 565192 64516 361438 340438 580387 125940 162096 613696 664439 269008 87434 512826 564432 203658 412601 279012 78024 633808 175469 340663 419424 400903 481971 495555 84764 305190 207703 36363 532961 454609 120608 3776 86240 583595 581591 531826 648566 466815 433521 113958 587399 168673 104418 162348 394098 442512 101436 279005 181224 31336 355356 26837 645667 38556 485323 260053 49771 35687 226726 340130 89760 585612 560223 221179 445446 567646 406570 259368 445433 542119 70480 488560 310794 304803 101898 331902 4189 415551 312552 43104 565803 296084 624038 548345 135478 598042 326936 592292 458924 87566 572839 135326 240437 38413 638047 630264 91375 574877 334722 469023 208764 597783 465112 153800 191328 590251 118650 27736 352439 557959 611065 558200 235780 127050 661136 662435 55561 467079 481149 247203 197605 324319 83030 457859 644725 102196 221191 650209 355829 91746 76373 18971 205109 588931 231454 298805 41920 400015 407255 544041 365785 58190 425565 481205 362022 16419 463337 441111 100821 581863 567386 367822 596393 153942 199545 108317 387683 266893 100506 105610 300843 639906 147643 276504 304604 69375 85035 241060 93528 543043 358534 98978 233103 134801 630938 124508 566514 68583 387611 558310 67722 199808 650494 576219 169782 623522 653213 562066 308091 493152 556013 74331 417543 53208 100114 373813 411493 583867 220793 639791 628213 129141 638891 628070
1000 1089146
917054 302915 100828 210303 253632 600786 390231 248012 951568 832351 585308 263340 528930 199217 906480 714704 270700 680091 320441 583927 401033 443330 183683 505765 71616 597962 279274 461276 584039 844924 560541 17444 147838 661369 227747 401470 778506 134329 649481 246425 966679 751140 509764 11960 466708 416243 726664 253760 96333 563456 837686 13717 523137 537721 35833 594752 135682 315107 572380 719720 676382 132920 737164 824220 310640 481262 742041 89145 131942 907873 335570 614973 175365 361685 626932 158424 777928 353595 412183 390612 433402 249869 920681 956539 303941 956513 551290 439622 787971 123669 675694 464353 772941 929209 288572 83580 926822 546964 172725 58763 971188 24646 190087 146552 386330 817019 304976 680609 686965 717158 587573 120367 483378 508253 76905 787318 464765 144546 743292 252736 268215 935337 233440 41155 864545 38363 641086 307718 585326 330162 882832 556513 354807 72919 219417 257489 889937 524392 454449 93253 757901 42021 213619 757631 550273 290523 544948 531390 435069 804591 300477 219635 739927 50268 777141 120823 88630 418226 944892 673955 748388 827724 746819 619546 900642 966235 393386 306930 6978 847835 400182 764879 406207 613801 522509 956480 420675 583808 4221 372095 904751 821049 108081 161029 871316 401573 281852 959945 819799 743095 150251 84538 570818 413421 220435 987811 379656 613821 294740 902985 978007 211274 184215 384213 341426 223075 857044 762100 806883 861264 650547 227985 198664 758627 389013 586331 676552 187216 62627 12702 930311 212877 97239 501128 626298 834025 5291 522305 964197 816382 425289 942203 27655 125856 326416 369080 348930 183459 647532 672164 561075 298078 900148 759738 573056 289161 346069 249607 476376 925047 778660 406686 137924 392250 424166 280573 226275 945808 319229 190471 762189 260869 132674 789844 386724 459089 158923 735654 642547 806454 407817 719973 620883 307965 479711 710291 597125 342131 476249 589852 267177 254909 512890 921452 647158 453407 718376 873432 399214 37604 580255 161402 814825 712928 951245 201548 688368 626520 937201 847266 949325 861370 567239 570208 169334 563301 796850 282810 421783 273098 389013 205311 44358 901902 643115 691516 355308 361490 81299 754521 915446 177905 432275 730270 407184 383519 448169 95551 526390 901722 459169 475715 763091 542759 562274 448776 106059 359123 247937 44193 148572 153301 249503 192930 55203 892617 400797 926862 770459 998447 197735 202256 176352 630009 448877 583535 529879 897045 195438 56269 315118 654606 531983 594560 713716 94256 559687 336126 969730 807623 380318 118301 960924 629820 827582 532478 38789 228378 975691 325599 226825 173425 527854 919528 319785 976730 503062 849664 390126 214851 422284 221596 385808 954266 816155 99523 564873 375842 435648 534602 699816 815965 652902 177091 962137 480484 225920 517277 225213 201611 842875 452037 375035 887080 887916 694820 380161 390978 60835 286638 122180 483118 508233 507988 953735 840740 607510 518607 216581 559510 53208 432748 891826 222461 609839 370314 219296 835758 887590 444509 37368 246816 412897 928755 650247 300813 139926 546759 208142 200760 833397 330321 200229 857981 838308 153963 698720 962170 672569 431652 521679 242128 864400 929856 464588 474238 300170 683884 826347 187759 128392 863715 950927 57640 792469 601173 358452 448746 664284 566593 649505 497680 896914 849733 355660 251573 3695 570732 213742 192615 2383 251772 434742 866782 181628 415681 341019 481797 99564 167366 185907 744307 547432 136833 801947 856252 254358 160398 304997 918641 243343 470853 932672 140256 320585 804683 908180 840631 375414 121922 549597 377797 890045 984338 244578 71672 400018 101949 69820 15934 785666 255727 276592 849449 908911 78538 705700 679620 755288 527048 114612 998630 997900 563635 655237 834836 368318 563416 191818 743731 201689 741414 637879 608086 242103 882457 196109 158472 500757 265929 690757 802774 38007 967349 652222 463269 45886 874273 659241 317525 401320 773852 832506 915571 337487 487742 266758 222156 567510 458575 965886 285550 716340 603765 893635 474794 2573 606096 633265 19681 872024 324022 822454 426382 807722 474675 889650 369959 348947 65242 687484 266618 839094 519989 182188 692932 524083 448945 915087 607944 423871 397324 893493 140210 517440 303480 131355 520012 425927 764619 56044 297950 604992 878497 240683 929065 869523 646684 299024 734821 711926 986507 1438 67371 22847 699977 760302 546929 665273 191740 671224 89143 589063 81069 745704 106503 384548 877058 142866 810474 158029 198910 624775 279372 593758 381809 208437 463281 28492 23812 198101 740417 10318 715891 324139 549516 932219 84440 612797 597492 276179 284020 202986 381594 365088 465042 4448 265987 858451 147313 592812 532831 862574 217586 812203 456332 115746 536991 919612 144238 560802 634064 401006 87471 866306 725145 153338 798525 325936 766134 912368 118467 566506 631705 500060 931593 96746 504507 197580 955197 168171 306743 4379 30745 40681 816581 487076 156426 869923 923039 817015 947076 73454 218021 550898 939760 459517 704236 254636 785452 470369 167003 903918 36874 798707 920329 484819 895453 941187 198750 367001 109358 505492 371379 140102 546172 704312 627177 702598 90586 66567 35964 37662 140020 253984 588559 79779 713500 292794 334414 15304 279515 17768 435573 832740 816475 355902 317558 228279 297088 32659 111631 922797 538151 999361 62898 600674 220024 206426 819623 310610 272992 855587 864623 929364 109570 453181 525494 339422 262327 376260 871077 58193 394027 823001 890932 726853 178902 724842 471483 992342 757500 583113 431490 295650 98826 494388 412676 318849 700813 232298 145810 490157 87884 10432 419520 713806 979965 461365 569579 758643 837624 957007 816835 231651 780007 707766 474855 475261 432607 946338 983954 706459 45802 415443 518460 144627 426182 931135 979828 643347 679785 125637 133503 284020 652421 69374 514177 632385 530738 600107 391027 884714 557113 207861 116364 853472 431978 591218 328732 380937 53907 829037 603747 99709 244479 122206 244335 187013 569693 740514 830359 249477 866151 963861 533496 34923 549586 47673 667307 596675 647779 574685 481388 721244 298897 114103 91067 247226 221673 419798 144514 275579 765186 748260 375287 526016 870466 135974 713028 440158 876487 543386 689634 258989 23598 739481 293911 573183 303505 477569 686210 467636 568605 167597 188879 383853 798052 279945 631079 19724 216094 775592 295302 497631 523852 186941 23646 910669 839266 736674 350826 232104 280059 556811 491093 820009 812643 301355 393191 116148 295276 595752 583783 380232 279701 289013 764085 77752 85309 395163 97475 817754 687106 909128 315384 727309 612420 339029 637977 451685 75702 505154 683789 872113 578316 691233 692121 390959 508939 601663 507106 320566 197415 607240 700798 993467 896252 464882 71218 497912 376396 685044 315665 579853 110523 631048 307162 722943 970076 461490 690979 562130 482996 891119 434242 61311 582351 642714 968621
18 24
20 11 20 11 20 18 16 12 18 20 15 13 18 16 17 12 18 17
11 1791
317 736 190 214 10 914 445 372 294 265 209
17 35
19 12 14 14 14 16 19 20 14 15 18 11 12 19 10 12 13
3 308
102 347 258
14 16176
592528 217932 134777 827862 426739 703569 828608 179924 753039 833345 379019 277542 260633 719197
10 1661683
609426 560740 136150 271283 385179 510710 385857 662472 705556 513294
3 627
214 366 129
19 1408851
532776 949780 833789 321230 758536 650315 430146 769182 847813 45041 685444 138905 176351 6918 67724 916489 860788 909222 700596
12 32
19 20 18 15 11 14 11 13 11 20 19 13
19 1258
924 693 443 202 121 179 798 389 873 502 682 665 199 949 669 644 947 616 747
3 390
131 130 130
12 420414
606932 467288 828177 732709 544380 964326 520344 445910 475035 906200 108381 696942
14 2000000
1 76924 153847 230770 307693 384616 461539 538462 615385 692308 769231 846154 923077 1000000
12 1276
238 597 113 403 406 380 208 240 254 518 349 938
8 901642
70897 804424 968200 851218 652904 672566 468824 660277
11 39
20 15 12 15 11 17 16 17 14 17 12
30 188
8 6 3 2 6 6 44 1 3 144 7 3 2 8 9 9 1 1 3 9 7 2 7 4 3 7 3 9 9 5
15 1874
21 803 667 711 358 3 204 807 118 656 367 419 591 215 651
12 577466
677780 613036 535559 82714 408242 353917 568110 411013 284510 686144 85563 811719
12 1817454
201904 870632 126100 473119 144666 485586 147163 641748 702711 679295 540234 795733
14 943123
578451 890293 490949 466486 357518 587398 186761 451644 363855 103821 23637 72221 674630 257285
12 23
12 20 16 14 15 20 13 16 11 19 11 16
11 1661
878 492 270 911 157 469 212 825 464 158 792
16 1487
743 977 386 101 240 598 61 47 498 56 354 292 979 717 328 935
30 1845940
521348 678752 460762 239752 577572 140756 346492 668388 420392 385882 53244 68558 230990 465984 670033 220901 92716 506740 665594 575853 551490 313144 922970 136984 452819 641201 438563 426505 391177 454820
14 583802
56386 288879 569812 789607 439924 518240 967581 302819 268258 133213 500441 611538 127824 745310
11 1304655
6287 223277 162411 296877 701056 739275 755746 814890 656288 310612 739182
17 24
12 17 16 14 19 13 12 20 19 19 19 19 13 17 16 11 13
12 1473
26 100 994 622 212 748 380 943 955 619 197 825
13 28
10 13 13 16 16 13 10 11 13 12 12 20 19
15 23
15 12 17 11 16 15 16 18 14 14 14 20 10 17 18
14 1221
468 816 327 723 846 376 832 911 412 295 643 890 706 807
12 20
19 20 12 18 15 17 20 12 19 10 13 15
10 34
19 15 17 16 12 18 18 13 14 17
13 796438
896560 593355 222146 879399 370438 321286 213755 453972 237419 548389 251150 62219 13404
43 1461767
978917 978730 978543 978356 978169 977982 977795 977608 977421 977234 977047 976860 976673 976486 976299 976112 975925 975738 975551 975364 975177 974990 974803 974616 974429 974242 974055 973868 973681 973494 973307 973120 972933 972746 972559 972372 972185 971998 971811 971624 971437 971250 971063
17 40
16 17 17 20 16 13 12 10 13 19 13 11 16 12 20 14 15
3 633
199 330 409
16 27
19 19 14 13 16 16 10 17 15 15 13 19 18 18 18 19
8 386102
706077 226592 801808 345970 987093 443026 694424 947279
4 100
80 70 60 50
8 1103430
867869 306453 300642 483928 713644 908667 614029 231312
11 1244817
486420 930594 118034 674551 10857 374575 229648 378007 649523 486598 123541
7 1305812
252944 551328 551247 698037 844495 745037 591750
36 195442
27 16195 31 16203 43 16219 63 16243 91 16275 127 16315 171 16363 223 16419 283 16483 351 16555 427 16635 511 16723 603 16819 703 16923 811 17035 927 17155 1051 17283 1183 17419
18 38
14 12 14 14 19 13 15 13 17 16 18 12 11 12 15 11 14 16
14 1762
472 759 721 240 988 212 509 899 720 329 110 897 144 267
16 1699
409 528 220 780 663 837 59 95 657 918 279 429 385 597 917 342
3 45
10 20 30
9 1477315
590627 653552 247437 836539 919320 597386 350707 834653 964126
4 3444
1720 1721 1722 1724
4 2000000
1 1 1 1
13 1133728
617607 491021 712691 879959 658296 902737 892897 409757 923314 537808 479484 778628 671572
6 10
1 2 5 8 9 11
12 1856
902 235 276 991 891 941 928 13 436 253 660 853
13 31
11 13 14 11 17 14 19 11 19 19 19 17 13
12 1590
250 449 938 849 34 980 158 322 157 422 400 680
7 1428180
810798 754183 400555 76582 715068 240431 720208
11 38
12 16 16 20 16 20 14 11 10 15 10
18 10
19 19 19 19 19 19 19 19 19 19 19 19 19 19 19 19 19 19
15 1275
891 847 180 423 652 665 221 952 105 599 771 213 802 608 386
12 1499
461 655 948 648 440 779 991 547 767 756 404 433
493 1852311
163865 67234 432399 541872 402421 26386 762522 777621 312067 254451 418730 820837 551056 185800 186084 31793 503235 516756 741428 330664 366704 498414 669872 945460 832214 446368 3084 642830 446593 667125 505634 126809 250711 938033 185033 169483 964418 463906 947103 276484 718356 882185 97321 785763 67984 799756 333907 87571 832863 75334 934586 715919 90100 604457 177730 922313 50824 180813 565142 13768 364289 70776 140576 614999 525160 841960 784481 5929 305866 247936 798765 540573 130120 412437 842688 714455 212192 176594 318377 45055 251928 252962 277325 342027 857418 455054 780691 424593 152218 345833 438360 516506 932960 95288 647857 974471 937247 948689 980399 759464 196624 779163 300037 326743 191599 142724 557550 920143 835669 875926 481549 87596 645240 758873 945974 502657 730278 243017 927250 882495 105201 881961 915352 38160 977248 563208 528982 430847 511897 509380 190310 708520 804895 6698 551615 512845 665773 625516 949339 501442 501441 430887 589037 146680 706111 51363 165689 436388 810731 609290 318882 915931 491250 750586 470442 984850 313793 999423 932048 342041 25154 122357 50561 830048 645407 118527 859245 311179 744042 808583 812620 761834 755822 918009 424866 461932 485723 590554 898320 296453 199843 733553 212383 207444 484138 682824 708645 314283 198598 640692 656323 223751 279401 223235 570151 924807 341761 429395 235985 85802 754329 48605 363988 510150 482965 788853 972082 968687 379406 386753 265139 95600 636657 477521 819395 637147 676696 528040 951429 875293 685083 607751 615395 964483 830986 701897 405641 689098 647643 641626 774900 401972 206582 138887 428473 689546 927739 400554 658232 823496 303658 439722 435447 940315 917242 254841 93813 110289 299232 45241 501933 500667 652991 117327 465149 328 335576 870790 689426 983218 28767 980677 385189 751700 635915 813662 441245 80005 730567 615828 903500 550577 55549 338946 7243 489142 110138 101055 115782 925722 146295 617714 426388 315637 251392 891536 832317 586967 278677 38094 570185 823795 18770 471725 91846 654684 801738 49442 251040 48657 665269 154539 115585 237169 9836 122827 242662 636325 740233 358443 562046 402879 976156 988433 718515 743900 396321 67183 330866 191349 105276 417402 531496 640397 405479 623341 811432 207216 672783 62471 772224 338051 733361 887808 91572 259548 526986 334233 895873 267218 692676 457918 670096 185183 962703 904963 929082 359023 972145 776300 66723 593773 710053 598218 234169 115531 221559 561953 839099 894341 624423 127674 748743 874136 15482 840314 133683 542467 690899 29555 809685 899926 3825 996132 85108 966527 901094 530542 841901 873239 823193 908623 983363 533245 506841 733883 165128 728399 295835 520578 139091 436610 648251 887833 310745 180084 244499 444427 238903 935397 990334 564939 835322 510510 561070 436781 993388 462164 483674 835288 851754 306866 743910 351468 356463 767102 85350 521590 11852 381185 558519 150942 334146 723121 555127 644890 903205 315977 605668 658459 251373 112353 223397 603046 622862 300818 556178 616249 279333 39852 967888 647438 863069 228150 998905 219531 995251 84255 257472 523455 981791 815990 190748 315936 539111 745874 477177 958667 61850 599196 133477 829574 711549 356873 948971 850762 174042 21501 467011 453375 577704 951250 617164 440772 179399 616069 660303 691002 216675 917774 214456 714817 250116 405203 547104 789226 667429 540632 264244 245630 139827 397720 591556
15 40
19 16 11 20 11 14 16 19 19 18 10 16 17 17 11
51 2000000
1000000 1000000 1000000 1000000 1000000 1000000 1000000 1000000 1000000 1000000 1000000 1000000 1000000 1000000 1000000 1000000 1000000 1000000 1000000 1000000 1000000 1000000 1000000 1000000 1000000 1000000 1000000 1000000 1000000 1000000 1000000 1000000 1000000 1000000 1000000 1000000 1000000 1000000 1000000 1000000 1000000 1000000 1000000 1000000 1000000 1000000 1000000 1000000 1000000 1000000 1000000
9 1896595
892561 761842 761721 665099 6223 967082 368810 732319 746814
20 31
14 19 10 20 13 18 11 12 10 14 11 14 10 17 17 14 15 11 19 11
14 36
16 19 17 15 16 17 11 12 20 10 20 12 10 11
9 541345
472697 192631 672644 205015 939445 569007 862187 945731 792283
2 2000000
838845 755785
12 70954
74 86 163 150 49 21 36 109 132 166 107 45
700 1246376
883841 598357 878332 562149 973006 599350 224075 102530 326422 803710 617885 676318 886307 852253 501959 819632 754006 72340 385795 725496 427435 272384 736735 432427 374829 117277 761980 897165 186342 241677 303005 586535 356386 697688 148683 329391 297038 889109 948272 623459 692819 82508 816128 95477 934761 834439 431461 688766 906778 333607 930613 850565 605990 667347 799343 497170 784623 561322 910687 487317 802999 213691 73851 159384 427730 738885 5126 724767 627993 469749 864577 837163 552257 680705 448992 487017 515143 880452 692134 938272 214058 139099 305188 336399 806445 104530 349921 107420 182204 260607 111088 985202 474297 701290 660937 902026 440174 182414 143145 584518 652162 7721 421681 204418 204777 387024 207786 236271 267475 416272 690895 997884 555370 512434 850634 878166 133316 200554 501937 315519 461160 613024 817072 451808 314313 994360 870186 270838 176773 529682 855356 345286 537402 793388 549704 258531 180411 273841 494801 964237 206464 185695 478472 278185 698129 329105 672703 831444 46011 174639 663314 23522 304015 480385 475330 618327 474744 861867 889165 167868 391548 260872 513153 445301 54259 579208 703831 751021 853049 198632 715257 575864 900678 193728 854049 115158 39184 526751 462953 85194 217741 126266 108716 521755 123002 100397 656434 597745 962263 61950 765612 353810 322821 278765 799110 893431 374324 19293 644451 227372 734276 359707 319588 634953 69786 173636 266463 108969 216738 245767 194163 434478 372033 302878 472585 495034 919626 129018 609131 881888 190967 891094 752049 30139 169858 67510 923569 544182 86802 568019 287905 821077 444077 123844 972382 513862 813831 238844 622830 30568 962 333344 981398 372994 152573 453982 384380 72198 99351 509862 470437 806669 400955 222485 836807 87165 289995 276727 147698 376796 844745 435602 714225 805173 75798 686606 319034 889628 441801 458215 920196 442762 791559 417945 332108 460483 388278 232839 532681 487628 742700 519469 810648 143654 741954 647454 230818 31948 924180 378515 925095 285276 330469 155671 90448 406266 842276 925833 812245 800428 384047 248792 759542 691957 666736 91649 668792 571365 840839 717824 575344 583538 237292 385991 727191 979245 549796 474361 527544 473975 369227 968991 275602 699695 124661 882401 622312 483289 808233 434557 800068 708632 683348 559609 916940 866436 167609 585731 437800 8447 819906 13144 591984 57198 399134 835527 552794 948930 826239 80338 939256 195465 565680 731210 411512 690340 613610 550175 689980 938195 984731 490048 163178 184431 49656 80117 50866 733617 182200 5017 742063 2105 18160 850399 575654 933646 685925 128448 882575 28515 208785 338182 223979 290816 585743 151842 981155 715705 702017 187487 653899 686747 677534 817076 387529 243541 413544 954746 977157 595743 959763 235572 114200 977922 85970 689853 911567 771894 818300 310493 800408 543436 165027 540738 834251 750769 692580 331758 466473 394596 519244 636723 597694 713129 970150 501575 956669 383694 456320 450178 495788 416082 685749 609987 394004 771718 816192 821922 59963 150843 648767 376722 694279 330145 433811 44881 80913 642742 892990 63738 37337 412233 216812 151383 641713 186962 652957 114734 87007 109276 564911 582794 41710 767011 709133 952065 55080 525324 773986 631394 676166 939104 524467 886796 269248 958277 931677 866513 601019 824666 930250 154707 753251 663413 822441 911315 850374 475397 26048 937380 101025 107310 36526 142734 874320 745658 94798 445751 787333 385135 77144 979850 324239 601610 866646 109838 76239 314674 976350 677257 655691 422951 348315 925293 86364 170756 836608 936737 646152 379007 390469 263528 486317 426994 922613 360636 172651 533762 806387 476335 918897 399882 456184 759487 1492 839181 869324 77730 670206 845674 271338 842249 268624 619652 283893 871339 790407 636852 808076 952911 15859 198544 216438 502175 625537 655403 379162 314539 189164 701900 790873 108060 101782 763408 383898 619625 602589 253222 213706 789146 615247 485043 631394 400222 621046 915287 271561 411453 552138 595988 880715 567996 310883 613504 586522 936419 268906 965684 767309 458070 667583 558181 82481 285716 321588 466379 421692 440528 235952 635397 229674 367550 636791 861067 767771 257837 292705 555683 185641 361195 151670 66355 929190 462552 196210 32064 915322 465116 997747 682630 439537 181681 757162 522017 983749 595102 504747 405440 551981 740698 40837 781654 108247 677627 159073 392370 451815 968129 948052 637455 329323 616074 220161 258513 78625 932723 290576 510299 397838 804674 709280 353726 502706 466442 392094 486454 577895 896841 891894 129875 153890 449082 427881 778489 643060 586953 170858 94875 555081 635261 248681 884404 251334 985194 659268 846311 917916 466195 872961 315753 787220 582240 185830 289925 48681 577923 292731 626575 474763 184624 272802 145005 150057 700682 923493 793116 803986 94350 404342 359066
9 1225706
51282 554821 102291 30268 713472 188281 947478 122384 950122
10 1657
251 773 600 966 316 975 991 954 234 963
13 1018661
520315 333569 826096 472271 643626 847700 447825 333892 102207 684487 999807 938908 694709
3 638
361 190 119
15 34
10 12 16 18 16 17 13 18 14 11 15 11 17 13 17
12 1886
267 453 483 523 959 110 685 715 509 445 140 927
12 583299
762634 637144 730480 386398 982144 641477 365525 43803 143100 514555 352898 997613
9 1949208
861491 235255 504573 616732 795276 661874 93340 294741 388182
3 441
147 147 148
3 415
133 260 158
10 1483
946 203 582 401 601 256 487 69 139 86
10 1075790
631974 801915 318385 972501 584302 238925 420829 156517 539610 860750
10 1278752
765487 182180 70579 706176 367015 401555 638635 788233 809262 464473
11 1287905
893379 585165 911656 697724 343194 672688 941734 155382 913204 964371 155494
12 1786289
671780 80264 256542 38746 367151 758596 740599 745535 594628 638269 192210 199686
16 1149
987 401 148 835 434 480 344 107 988 765 506 667 60 522 557 258
14 992089
105133 449980 914520 424338 184836 814624 932460 904867 891356 825839 490031 803012 39914 833224
39 304695
532648 28464 281682 397520 219493 281302 690752 847396 883017 402796 719809 87828 185088 59848 233845 288841 546963 1851 558703 27126 773220 423886 947343 119037 489964 869655 406862 54866 25776 852217 51910 671771 397033 849943 69290 616525 131244 276393 278917
8 513421
742516 944058 539417 674209 830199 945777 55042 115405
9 1561588
950438 345970 363823 540591 661597 806616 373335 281992 338115
7 368739
197622 343281 994612 728518 455220 536935 861623
14 1945
345 6 912 861 961 456 901 996 308 795 572 12 37 957
10 1220
945 633 718 857 513 3 122 203 590 615
17 40
18 20 18 15 16 18 19 11 16 12 13 16 14 15 12 15 15
12 1675
944 682 298 384 818 342 716 192 24 674 639 260
14 25
16 12 11 10 12 13 13 14 10 17 16 20 19 17
13 1204629
900484 664635 897048 471877 780039 926426 834654 850936 730849 319206 218505 900105 991771
12 1459
103 399 675 735 116 531 599 118 5 801 59 619
8 1825148
439280 174230 809168 543100 197866 881388 734081 971502
13 69445
175403 165016 257873 431107 367439 524334 519370 156877 541174 772313 224556 92420 986701
13 216629
504957 905254 462369 660450 192485 354945 558570 830504 198791 873524 133157 456037 144003
40 1987551
1 1 1 1 1 1 1 1 1 1 1 1 1 1 1 1 1 1 1 1 1 1 1 1 1 1 1 1 1 1 1 1 1 1 1 1 1 1 1 1
14 816707
493338 796576 514705 308227 452863 341668 563761 273797 9150 131394 828618 627792 161661 58441
11 28
14 13 19 19 17 13 20 13 12 18 10
11 936946
196993 569505 284317 535107 131051 280307 895302 881351 115174 369127 452717
0 0
