3 641
341 110 273
15 27
11 10 16 17 19 12 17 10 18 20 16 10 19 12 14
17 24
17 19 17 19 10 19 14 19 17 18 13 13 19 12 13 14 13
11 1339534
696118 80982 177782 131672 224743 159726 24624 995306 782726 18844 209880
16 36
18 11 10 20 17 13 14 10 13 17 12 15 20 19 11 18
40 890179
790596 784511 756693 721536 859782 949497 762961 818039 926879 956813 957073 759002 700207 698737 828392 950966 762302 920238 842108 932629 785990 962986 954037 720132 850846 817174 759541 922964 870141 705766 911179 836774 797705 191442 709968 742781 920610 943263 847781 891345
41 1449206
993491 993294 993097 992900 992703 992506 992309 992112 991915 991718 991521 991324 991127 990930 990733 990536 990339 990142 989945 989748 989551 989354 989157 988960 988763 988566 988369 988172 987975 987778 987581 987384 987187 986990 986793 986596 986399 986202 986005 985808 985611
20 2043
392 277 34 481 85 213 582 333 838 195 280 917 367 47 297 644 920 480 158 925
15 29
13 10 13 20 14 17 20 14 13 18 18 18 12 14 14
9 726867
456451 706073 633906 364169 706903 528751 765942 123820 81514
11 31
13 20 19 16 11 10 13 14 18 15 11
14 37
12 17 17 14 11 13 18 11 16 18 13 11 11 13
10 1238
533 945 837 260 799 896 734 853 714 286
180 1004939
810283 965229 772903 839670 563472 710640 632781 877072 534820 851399 634960 535597 704302 937334 889115 526132 596372 639491 673244 732883 989180 672530 740693 665920 582546 576720 617343 784975 821673 598179 916252 631955 563407 709801 992273 647526 920442 625053 524597 975909 997099 659557 511505 722048 617537 900621 748180 713910 560758 921424 967440 549937 614601 708132 715858 717794 805499 853848 502768 627171 972674 939667 779773 536080 649467 772045 704253 590555 917745 728851 566463 914844 909055 598616 636891 547239 519883 905718 761149 580641 847789 749235 630579 983037 957367 867084 700830 762865 741578 703598 910683 714251 663911 711102 770978 813378 983148 975231 924581 921539 724728 991044 836382 654430 610306 993920 701669 630189 920285 983465 731478 768073 732699 882704 751109 710712 770434 951939 994224 512011 676183 904906 746909 860741 616007 538533 694765 619801 513763 619345 541340 759139 610389 898369 934216 741342 912936 635884 892179 833220 619348 623656 621939 872694 527006 873048 583405 797440 845633 577628 830098 542462 503180 597653 903203 639834 636186 597967 759636 670596 717313 821623 929735 848349 719991 863950 610337 653573 520480 502515 986793 660475 646818 608731 533168 673824 502425 637220 991911 868705
19 1561
298 774 116 163 102 435 370 506 149 578 865 937 71 69 539 772 548 217 943
3 663
277 197 102
17 2000000
960940 93764 716468 1000000 903193 375761 213781 21169 1000000 42675 947857 496630 926433 278343 118907 711191 678932
15 1956
431 954 92 889 580 376 81 256 932 321 545 896 297 202 979
13 23
18 16 11 19 15 11 11 18 13 13 15 12 19
1000 1696753
955009 746176 817460 230578 154515 172889 475164 464727 906488 792096 653989 991354 874909 446984 140457 942159 873383 448803 328970 335072 301597 995558 197254 762813 638983 90968 920193 658746 646884 274353 470986 601892 536880 288445 348821 691395 977685 823985 672473 400524 616080 326462 391878 490989 289797 532334 949499 163179 497489 794821 14602 315437 306730 211855 78249 945712 819175 514793 604457 466058 305498 75442 67949 842377 880238 416769 50123 857923 757105 722596 774798 889537 565409 166675 896877 855205 215361 362727 534735 229201 157547 549336 544637 464277 277542 139238 409988 96716 654030 530797 79125 959527 606238 663425 801904 2828 80194 368378 377102 353650 607325 151899 243186 689085 834926 140062 544289 50286 502789 595375 795838 176687 661062 340474 640963 938604 996063 567303 551671 650093 98099 147148 125971 220688 810572 444226 223515 407117 812604 600616 760767 419928 268867 3952 109013 103792 660366 169653 670429 679506 281380 466266 856192 942441 323091 13507 397396 319154 580809 465419 485598 195259 612566 611568 932298 423137 55794 155813 830254 384749 272780 107372 804676 541646 111323 430040 161789 288040 116045 832217 967545 397424 298482 340089 856216 137925 353595 253612 457078 450755 719030 942675 162365 847947 554242 94662 271083 126387 766826 617688 511135 555958 725059 832163 97603 352734 778554 259392 640773 894598 607960 124670 808373 906442 981110 664589 560718 851056 434552 17795 818162 669933 476821 980526 517879 547414 591539 305313 190153 874717 923001 701287 430674 164411 49801 44628 517144 828355 304019 674269 722952 428331 315290 531325 851124 812751 195913 411841 663806 146816 945987 481967 816748 422807 978844 334626 486572 86734 156290 676724 961450 79290 894363 392123 760053 944163 436751 793548 772517 257121 984168 495469 685451 299457 543145 536574 112207 255409 464766 292364 402224 410752 774330 218971 833558 269525 69948 836482 356259 226237 513205 834060 821879 407567 742535 581931 351730 179285 375478 640598 952757 875998 136066 154560 175454 195562 207485 804013 450970 672251 96376 853193 83002 387058 72163 432912 172934 658462 269393 529192 884699 298949 879604 706577 222868 622138 804859 90949 317774 696688 731546 786882 572685 383964 941441 264491 579525 665278 68503 30495 337528 681230 400039 936881 68287 472202 886144 241221 647015 671888 286764 531713 970837 166367 754641 710056 304856 559499 801004 622629 772539 48901 925863 345223 432864 867303 609713 528741 48932 194567 559235 386459 875797 959273 839692 460435 947826 725835 701655 594841 914075 504771 642905 401263 187489 397546 111318 492345 473396 428673 631325 245934 477573 557187 107509 910437 940842 233573 439177 989773 428140 514763 892584 820288 990387 732275 280722 454565 974461 498729 49405 888535 3499 208661 289797 190987 606206 401114 199683 79602 829786 347360 841887 823711 904546 949395 734147 845387 182968 689675 351512 127459 720789 244095 947746 227527 492721 744819 682091 467181 243547 247847 872068 763397 456508 161864 470736 62713 79330 670418 658666 425467 17777 16905 249177 438675 966299 499675 800413 665618 705701 151924 309428 942841 396018 773525 170368 888738 518344 852458 872271 761890 100305 744338 525287 73164 422553 996022 135876 501882 182791 310894 443701 716920 327798 209229 155594 810448 708904 956006 992418 930956 107930 301845 873797 20299 75370 44164 425389 593713 412973 297659 871954 29629 558348 913592 102792 980900 425965 755020 999134 125108 65913 442834 842027 910062 652062 997620 720509 877317 469977 229278 808273 94258 531123 682069 114557 606492 242584 539945 716556 655556 353955 104861 201537 912302 534805 304328 893201 960769 59347 408686 85876 641611 851519 444254 551672 503581 958225 788533 897249 428202 17810 705521 522459 65284 903941 153367 188127 662876 209663 904682 318432 563617 525895 36320 992270 60699 340647 401823 537819 399994 810508 140047 557956 662027 584300 109628 681959 542525 414512 579207 970726 432321 801080 9536 13957 705020 162903 202083 367896 372565 623117 202679 452534 149011 238998 961155 726061 95996 362977 263879 12341 173485 403925 570297 351863 504577 196276 550173 47101 610787 645731 534178 559459 446810 543713 573415 668182 222967 775498 36077 111884 398614 755107 564417 63976 510456 525571 790036 606451 404900 53914 618792 94736 974191 189088 446598 478767 901715 513122 42219 512501 158852 576396 71959 605662 636460 161726 273843 375779 937223 826271 487662 852188 581377 568430 916163 91832 610352 706198 214634 15251 276463 833425 109986 767005 538864 72935 245771 440578 586056 804341 469430 744908 897088 57741 866921 533548 219466 140763 909326 156688 483385 913339 525227 64761 481768 441389 672944 608471 663938 403929 623722 940400 753706 250059 707405 292569 322994 469527 249499 425401 273868 235280 170308 170955 293020 37228 220854 512485 694342 646531 185524 177726 559869 710750 758838 557988 668490 948133 166459 332427 352062 306532 789179 105767 556590 12935 914687 395935 482461 680537 337688 272680 915817 507995 959987 725188 61575 180840 237673 272268 343723 423196 966346 419943 650298 241535 977931 318787 189668 660741 651214 58081 483624 440392 680199 556565 453326 594885 952500 452138 791774 290187 724818 223942 314533 201156 949129 892459 381995 186801 681079 242069 126349 647424 662012 776646 888958 156294 95432 594977 333386 262997 169409 817009 219740 849607 373573 189417 960844 842424 641555 752617 132610 882724 492910 963495 83879 442038 855953 982225 145191 53383 740646 271539 700806 402657 564536 106116 75302 176319 217444 408687 439316 386853 225695 175407 236459 599267 364824 713654 441691 522730 466270 90652 405453 475531 54146 5683 917569 426451 504259 62759 479833 761256 850649 696991 163912 415184 803106 239213 107854 536901 647899 547169 923753 389945 238928 676564 989212 603751 390217 430902 126480 856487 37905 48284 848369 92051 570318 765937 34853 590928 345047 31037 352184 712047 728027 32447 643582 47484 788012 751436 584385 435910 814956 24489 342207 53883 701052 331418 657633 91269 278671 300464 464107 316575 865099 312475 924977 951768 594764 476181 542696 939810 507218 411231 651857 751596 443677 811790 799080 231688 563225 899816 183950 378181 924304 526156 948415 625356 373925 122400 232976 652595 422863 697082 485521 804314 9556 410498 756081 604319 403030 815128 60481 910247 226358 228689 661843 186387 40478 977274 418074 603703 877089 118375 498235 317744 160882 446649 459451 534806 569048 692426 703752 508263 389507 189273 312576 915415 116122 68656 519733 519151 883784 96565 945750 626493 325253 123944 812879 365731 101217 747305 485785 494657 382031 500371 328752 542913 947019 788203 594070 32419 480628 297822 540681 386487 3446 853256 301901 635919 438263 337985 155069 838398 434550 617170 464891 276154 741113 794121 158236 842329 541425 644020 853337 923456 144390 182089 982720 607761 970291 576789 640179 967270 390962
32 1065546
355184 355296 355408 355520 355632 355744 355856 355968 356080 356192 356304 356416 356528 356640 356752 356864 356976 357088 357200 357312 357424 357536 357648 357760 357872 357984 358096 358208 358320 358432 358544 358656
14 30
13 14 12 20 10 14 10 19 16 12 10 17 10 15
12 454883
723269 283432 344761 33128 1392 907940 43895 16792 788331 423837 798922 883569
8 463033
704826 419809 229015 699798 426673 791905 953135 155618
446 1731076
809993 573771 525398 830951 600700 468067 425037 924895 127563 536201 643532 704422 13250 612748 524570 853102 182595 499940 134610 193533 291267 215065 862066 35483 914984 718648 380974 906753 277669 602630 739893 87661 176401 265290 918611 293452 249708 860000 734699 893622 396200 894582 598043 409449 507329 638965 778903 689923 655256 913512 399807 946522 128576 261873 498356 559912 496872 395681 983016 774540 998311 722908 378553 691063 504549 297163 984514 270608 673514 719212 164229 69713 130145 278624 995514 637473 917588 774416 843748 89195 204279 243554 35717 849206 21778 50424 925469 35001 446105 908485 809541 960767 147744 188093 651829 168645 1607 152694 439252 675121 388258 119833 261185 518402 398456 256698 155875 832395 547465 515974 921589 268095 759527 473657 633653 297657 40433 559121 332657 486537 467605 658549 963655 131701 362993 615483 300345 364600 284528 255948 556072 672785 375780 333608 707539 290587 106658 863413 122981 170474 379386 560922 438569 655264 34578 72221 952920 591362 147693 801929 77898 131650 460477 41552 263350 823470 173386 80046 704421 457914 335993 776844 647050 228125 110451 354588 518711 217108 734352 158044 387582 630089 718965 342502 285353 269894 931074 754624 861256 78766 556552 455505 210415 533381 13409 990116 356850 703146 70161 61270 161059 406154 354465 324461 150630 464915 679048 669340 198375 413400 827383 102308 559840 62699 961161 845192 848945 892234 116168 710200 487351 189071 682056 214118 722451 211816 204233 595652 914962 274394 173273 592372 196899 527737 916832 347528 992652 112232 533219 707378 525631 876954 326037 601822 939652 287197 447014 788596 179430 79533 15147 183132 268603 213555 397249 991054 425370 601482 586705 340331 392227 759978 932703 105477 287714 849534 969356 796717 961765 502574 20446 3747 379527 346482 605569 835531 633678 568934 140478 329459 648466 155625 512591 433420 369179 909839 424473 794548 27672 527530 651231 419898 803859 583933 41726 607924 949818 11081 920993 427935 30007 941438 948033 409533 804272 69953 761415 954301 155238 901893 800112 320055 57517 312702 753475 943047 738892 177947 253946 766564 221828 421528 702813 25686 5460 744539 633610 471630 271971 554602 415916 301977 12391 880300 227862 816662 950253 989276 770963 621842 891168 87426 941897 465036 400127 695371 408082 655370 389669 178380 938285 127849 599907 157450 153534 121719 901988 303495 109700 173958 374448 525615 992287 386839 405914 220148 719852 872518 209423 7166 10712 100591 94591 952608 81978 11069 164330 6412 666439 70350 184791 604723 198198 301049 278524 868084 422767 180511 171578 48818 870821 546026 90784 863107 449216 496698 599606 169067 885567 809028 176233 896278 425970 787175 365237 507948 798244 529566 30711 464682 116268 215501 585756 314465 32901 864280 698900 972020 561142 870478 20837 948314 932855 111621 327772 898422 124670 927377 67488 526588 252757 760072 939218 678726 547247 304454 703025 345490 350372 733735 326523 466639 465587 428630 297455 14840 809261 996355 986859 370403 383184 7695 835068 832390 635667 162840
16 418655
63 31 64 43 162 121 76 52 78 132 86 73 150 142 45 14
12 31
15 20 20 15 16 14 17 11 10 12 15 15
530 1760861
611118 457115 904118 906358 835702 891887 44562 366945 718441 55561 515839 706969 530786 922591 963167 404057 151372 587191 332522 83005 81689 665808 784939 650876 809720 667675 687099 589356 442698 8934 403485 570168 466048 307602 992877 818101 199489 37438 701397 917929 609350 217236 141249 656488 139826 104416 60544 807549 207958 393065 890553 289646 575224 191843 940522 384943 859517 143972 974299 818567 152905 377783 905086 135304 685384 897962 953404 401224 935399 654801 835504 61100 872036 976753 717587 528213 597520 778131 335761 321829 687547 742666 127827 262771 450860 584700 164065 310377 728671 138363 645295 881576 32497 550380 16879 234233 448341 486635 635456 900091 657787 470960 961190 46174 964064 678777 574386 77935 973259 426498 399763 177157 685515 43941 956279 136375 628640 120344 963103 357311 775058 124749 238886 807555 675128 772116 41787 639820 775102 193594 539910 432888 664553 17451 479061 144968 212579 569798 739254 702189 512648 655369 879346 714514 699309 835624 367240 327949 955967 846694 685259 731025 971442 440496 54931 162921 728963 613069 802740 504065 806662 859001 453304 987567 392804 448717 648886 605382 534866 388140 307571 563865 43508 703268 278379 742816 538891 161970 587116 11210 8664 272374 258586 980105 229221 313516 143026 474536 926584 462117 494952 249597 837470 948255 237163 230273 913323 886049 835654 448189 274188 659576 12053 834047 362843 806783 576862 901734 968753 163978 429295 977416 952703 687880 473872 698276 517747 133249 172811 960682 595366 667762 210278 432835 132368 963793 179459 45691 366193 15112 493879 156732 674688 22283 990778 37530 345418 83991 455615 830522 764320 401261 807937 717023 605492 798160 931650 639590 931409 104460 600271 43126 288573 326901 992312 420940 807045 171770 466630 173237 186881 476860 329968 377920 15495 837097 931802 360912 921087 903768 191433 685407 305029 515721 918781 910520 313880 850430 550110 761640 471241 666732 804765 276165 509984 797076 697104 317028 968845 680086 490264 672078 673297 336583 49997 688791 690031 498150 566054 611118 401918 273838 812876 706946 789558 731656 133817 619790 98437 200278 897781 86029 867010 702546 362193 376993 15973 575648 210373 501170 772085 216988 689599 445382 553571 255947 650524 759953 754097 732930 371070 156014 6767 700297 379311 312677 431952 29479 932466 46740 229757 346598 132768 613118 49143 11312 506462 581468 586960 716834 598989 359044 933822 288587 320777 3744 544533 971301 763696 814981 704230 134766 487346 710996 835062 866656 23672 783366 896135 472489 346457 642243 819087 995577 255360 384581 6888 761821 482400 593847 478655 81388 469243 928828 886326 790019 932571 947211 277671 696266 762191 498252 347383 249537 725600 698797 632544 265623 998514 45030 738112 344970 687272 73550 340546 458983 974482 347434 737156 456882 457632 732162 54621 443226 660989 457299 749597 593559 404509 27267 806176 683051 525519 153559 932587 251118 368707 81483 516740 367220 126512 771203 228541 330136 361104 569087 789118 335586 432872 526273 308819 406855 258434 879791 366433 919422 337089 116029 29332 741597 143295 351860 424648 185165 21770 873586 436282 390476 955068 469374 757695 597932 756928 502587 928067 118032 71673 233536 453617 20896 276161 278787 944103 534594 158577 310535 970368 495666 426563 516051 753614 86209 867910 178261 271374 889679 51847 707655 280154 523266 693380 554200 637549 450308 56787 565615 568339 644811 315503 538307 182059 591663 817093 126161 126256 492021 953047 612975 504038 379609 129026 257652 465817 513287 435912 737190 402966 4110 961197 199471 43728 170928 270023 681276 621235 326809 763243 705925 487971 78745
15 12
17 17 17 17 17 17 17 17 17 17 17 17 17 17 17
69 1380372
213981 315978 252219 898022 489945 211580 344574 428702 89771 675012 238019 372516 490880 119529 971906 762349 170619 727525 449160 231100 143652 529786 104405 500768 807492 431037 788299 707085 156227 994298 355128 38592 303591 776430 962041 137854 312207 996418 782726 77160 814389 652427 652773 753811 383256 351957 630179 417957 29604 126638 474212 444879 58268 802802 631361 854083 669218 688493 978111 705641 151963 533054 691879 686812 533107 494062 239675 869408 361290
19 2018
329 517 219 171 533 295 388 980 702 693 7 437 528 251 308 100 120 64 90
14 30
16 16 17 19 19 11 11 11 15 13 12 14 19 20
12 527984
778303 937143 523534 952182 119210 952941 864930 281608 546608 15377 733076 552730
28 192
1 1 2 6 9 2 4 8 7 147 5 9 2 5 4 8 1 9 9 8 2 8 9 3 46 2 8 4
40 598240
8619 299120 284191 35766 238193 56969 165017 285833 198226 102540 230698 222621 54430 90697 210738 112086 97376 82187 262440 204748 155056 298205 126554 87150 23642 125617 156383 74748 166250 233486 37338 38862 269221 172057 15213 28954 264818 144368 20327 253399
18 1417
404 976 431 750 515 27 532 910 491 16 77 865 448 56 306 676 736 483
15 1424
553 41 287 354 215 796 686 355 235 455 833 422 126 252 946
3 337
250 194 313
10 591245
375483 359931 836862 661136 659301 861227 909718 762581 787176 393510
17 1498
69 229 284 515 334 799 571 168 168 32 989 686 400 926 238 792 212
14 34
14 17 10 19 17 19 13 14 11 12 20 16 15 17
42 1841317
1 1 1 1 1 1 1 1 1 1 1 1 1 1 1 1 1 1 1 1 1 1 1 1 1 1 1 1 1 1 1 1 1 1 1 1 1 1 1 1 1 1
10 2000000
1 111112 222223 333334 444445 555556 666667 777778 888889 1000000
13 35432
979279 773198 729998 97251 547159 291198 569546 471286 808083 607857 657551 268075 664219
13 1773162
692678 352786 921336 775379 565255 2317 953160 213278 743411 112886 237901 738716 895611
11 1156
559 707 791 123 644 647 555 799 377 520 600
688 1132312
439400 722203 75279 298305 888294 248636 702001 650947 50350 679814 374515 286743 554140 562175 728119 993376 971668 195146 925983 601474 607248 347528 493089 91573 861641 787664 939667 444956 586824 624496 354432 26223 863051 429710 840880 751344 194698 542880 918642 245047 222694 293156 48141 293185 371682 292611 802913 343349 487756 728895 461175 611356 592774 954263 702928 454414 258278 158946 899369 361453 783442 770152 387676 646492 199861 228555 397835 910910 287786 316476 672308 510479 125983 720448 320016 497665 13058 122928 357365 17166 851822 818539 628521 444595 289154 847800 415360 63783 6746 831080 425236 306539 601231 329263 953030 317443 74169 867216 228353 361954 700043 900660 388785 826025 137460 708800 323689 150517 348079 681054 684034 199900 15944 312554 160846 305097 676706 92557 885232 683451 923636 310467 989989 41218 639729 459370 358660 230249 326585 103364 592202 26627 4024 980986 852651 657835 206137 692692 808351 554215 373745 492385 270466 389688 321290 947663 211137 997995 40219 96368 197797 963854 923186 704137 5071 79266 163506 880083 309514 6442 983446 418067 549420 503821 399053 918423 161655 121541 611114 486358 675756 501210 495094 946221 890897 816383 893884 618385 330730 934102 231104 44878 414308 154289 749015 419378 749906 428872 299460 59419 951666 799258 993838 501085 303078 392890 419507 981085 514430 546972 467442 706537 48181 962535 652758 939078 295269 62993 73814 625998 513446 304918 187228 927753 975558 936242 863483 725464 881465 679294 301234 349482 478551 295071 850567 781629 204312 786425 762713 235094 333397 746506 941630 381577 709040 110739 837006 520660 690083 910820 663010 203529 732089 850237 131281 707646 302830 511115 433109 700646 190409 250695 50128 668959 62117 900694 966939 266429 687118 246003 501522 536866 992508 959503 918443 217899 70242 271800 738559 760324 698971 917920 480204 431059 768156 127837 138705 70985 638951 88165 771630 829359 855211 821757 14670 917328 238802 497960 183756 442272 743963 201629 979137 252822 161131 413931 987073 747724 202083 241983 24400 901053 159902 504603 332112 928057 632439 987168 515393 787742 591684 287022 133452 446895 625131 148121 364222 863932 162433 64329 822555 422747 265957 801692 675568 943439 731974 178992 207515 934056 420974 231914 351461 97227 252868 683572 25283 401659 187091 57027 189400 778774 860401 322851 225668 485531 987324 106241 865814 666108 170569 204721 88854 952877 522764 280773 896316 254737 459765 103830 705145 397090 852095 56605 494317 104962 256528 35951 506620 443618 92978 696019 738743 469730 535222 480763 955260 38897 587003 337425 705004 757572 58497 793857 226800 581260 590981 123115 835997 50745 743296 57493 964187 595390 630449 974855 216704 886976 10805 723323 846945 620134 935694 102039 89863 987267 582801 561474 26163 169804 415251 247518 443727 473747 557726 670526 55007 148706 309993 407355 715803 569640 981199 679989 165030 611647 654843 381733 498622 181999 621407 861918 318485 557100 963956 408347 60718 63109 486173 86880 749264 901423 850749 192990 891521 408474 379867 946527 73532 206211 870233 789334 775851 851431 985674 457232 463077 156868 838964 478050 855218 976722 856319 173702 50174 336627 582049 110891 399735 584573 714123 148998 485995 564871 858339 893867 489697 238205 840394 563228 960768 226978 868913 736618 78409 854586 193849 57837 527805 549164 52239 383022 525885 908557 556724 576058 245183 655124 686949 161269 239696 917423 310266 242042 482293 168604 135908 971989 923161 492653 51568 883928 719631 920480 136897 314391 775065 330745 888579 302869 396260 940817 685891 922144 365726 758966 14554 127260 414089 217854 288529 653784 135276 115146 412177 617568 283750 548084 105909 723262 40737 673828 123541 276719 594308 260437 107461 885724 107533 996039 704945 503792 453208 907187 942287 818933 666152 956840 946192 80240 174693 751072 250375 826320 866218 662551 960240 666319 726986 66148 389580 284074 256327 29472 560792 850634 289908 184604 252710 397440 696995 957654 417583 150202 864840 359869 485486 47343 833061 948029 643934 7753 699101 894308 350425 81670 73210 310664 747988 800195 893163 653919 84269 149489 683390 161412 123 973297 346016 252832 887088 43010 726837 304670 709563 591676 180890 195048 155370 13950 143076 799303 538055 358528 693610 888479 440197 766819 199142 188184 83365 608656 358454 167633 758144 41843 845397 274618 531491 191412 43801 934930 750773 770637 755951 460335 878664 936841 655382 34033 467142 314809 833335 5196 673337 43296 410026 113533 810114 125519 818069 409831 734174 176522 577463 492318 734717 422859 283287 266207 130622 327088 201137 881394 614076 473439 858080 492740 410279 29813 526772 393773 344622 876459 915320 17958 919754 325346
23 599670
26 13689 30 13697 42 13713 62 13737 90 13769 126 13809 170 13857 222 13913 282 13977 350 14049 426 14129 510
817 949729
632122 412377 97883 898584 431216 215664 475772 130539 528275 646336 541889 109581 129557 571824 791111 842607 157401 642361 743197 420677 985414 532796 224794 135511 508773 99339 915836 968152 140863 119539 592930 289336 48268 207164 187919 479483 422827 180042 126373 951101 826377 668261 60681 472285 756436 368144 314891 913837 10504 574440 850865 512269 623587 592010 647780 132360 691348 79967 100511 348562 199505 209792 637897 247772 416955 825815 243606 839781 5857 369979 307234 348585 554591 884266 820870 311027 252409 652112 741215 779265 226551 108431 807885 850138 216793 455664 498849 908140 535630 599359 256702 251487 325503 894598 499258 742457 236765 742864 98590 758973 629194 405823 623909 183784 290088 444778 11162 58849 96890 752376 354465 323440 377159 162349 689929 593951 134365 188777 502090 186346 304488 275143 437832 629990 686093 937090 888798 439209 196305 987387 714533 825498 909561 338441 9281 716001 783219 20443 291201 396460 289170 645665 236251 666328 808013 926180 260278 942377 631308 278720 128723 452147 70214 82906 598488 756306 19995 3638 711866 732651 991024 426398 558148 416937 281191 83781 132937 580761 104223 424137 977220 909744 69801 213470 576072 394165 656001 836349 852894 803661 631420 497968 772159 701634 580873 886999 974291 117220 890636 202509 849870 881659 145258 408018 298595 426448 491798 947883 7208 112372 888371 500779 22115 474523 714249 114538 868688 886601 467239 721581 690261 98658 219548 978772 316643 800420 865770 290934 917639 756405 9794 283861 154415 155051 208230 969362 581499 216379 917244 105058 328750 805615 605837 867216 280137 320085 981754 665176 723037 965344 903108 929650 64001 122655 908421 896996 439427 774190 704281 873417 46946 714074 157277 201360 869124 365506 170721 966974 581884 604317 72032 426985 926283 677868 810553 722771 514304 308658 904299 237340 274001 807406 683341 854353 930061 591761 751348 885839 882302 971980 275607 929247 686053 432884 130607 555177 314741 817679 38502 412977 421995 110533 356313 864629 304752 166865 103752 819055 991874 8050 572747 782226 815455 772439 636579 261867 364200 904278 147705 246501 876258 423312 175748 78662 372547 822706 150190 203639 640384 188692 132967 578731 299224 489280 959711 120328 172496 63462 939382 164370 71511 28480 946595 886966 800919 99525 148832 681470 520155 812889 927970 912764 752552 620069 991425 125098 442774 657967 845088 599510 846658 978055 178240 662233 467334 137950 782560 639829 201412 238294 320550 789274 783125 783497 192591 100395 399373 341423 781864 919527 670663 226186 348642 423214 846254 856419 64663 805380 514385 909750 404889 361042 887804 583128 23274 355137 237429 322186 511318 955192 560479 348219 744466 343603 648067 937056 443998 47440 794830 742213 483318 465492 968398 348312 405057 331004 204730 469719 136383 719114 379469 541271 80155 783624 124398 619780 655113 361826 941965 682782 833370 18795 31000 577835 362398 679067 514890 322747 242858 826072 64959 242527 291563 549709 590838 696620 880712 795567 682690 17094 514680 578510 558364 111186 362134 199113 730966 17246 77290 189282 700027 910659 208077 247378 488493 86826 442796 519735 409572 202005 345806 990882 444532 153720 540590 551721 366691 421301 347288 49381 954746 378319 627890 513109 489505 506375 228573 736822 523620 305863 926103 739998 732873 650531 503728 221366 737356 946523 257452 663279 664880 603257 654161 109411 273328 711102 661131 640019 132403 524770 689399 603500 903089 833640 116609 908945 340015 861533 162118 379986 167395 604572 636336 900268 255103 140063 637985 508810 602937 411788 172089 267816 531396 826249 377226 804723 537350 554709 444741 186104 595830 134139 789604 15270 484131 422564 924214 824145 284096 86331 204130 967843 690903 356817 384462 462357 496879 22446 971166 99816 434233 143254 367631 481980 485854 261209 286702 539556 332269 731443 725659 928098 381933 31614 943368 866063 454177 383933 206559 254625 986616 927041 222467 193870 283857 606928 656226 780736 145725 143743 396903 96309 803349 764533 578288 289202 542093 864989 828757 390713 112783 70768 318811 494716 618733 778530 877130 589262 162462 83689 843886 149077 10729 66352 342946 294585 189631 515523 75320 335355 659266 988574 948015 462614 753107 526302 268167 811551 907642 613276 202264 20425 200395 37426 31492 819127 815955 908621 408388 494768 508661 252273 160197 519389 834976 19494 330326 540958 535017 921997 392664 710634 910571 340678 689599 180029 383331 957765 991579 807325 571040 710194 344101 771434 747619 375592 106913 79925 800564 515300 574693 825577 283925 251241 861317 635252 270734 191642 176210 322102 113639 85225 32735 24209 425903 238685 720589 325585 196450 712167 132909 283841 938713 993361 571627 686331 885304 678539 766256 202220 710190 857300 27796 994114 108540 889112 145718 895625 80754 838279 217727 710744 923503 766813 251304 865757 5498 971892 707694 718299 200410 356954 2139 139122 350315 573765 341805 235618 252303 624412 437837 962493 998063 465632 472958 622954 871096 618675 518578 468201 973305 252656 178944 896808 535821 946599 278916 541318 918490 986609 775968 635251 343563 778106 290725 693877 868223 632529 929494 120525 773292 883683 599369 771354 865666 588679 394307 736761 723705 912884 204961 697010 681892 900256 110169 217712 846854 389084 275381 281695 375693 51348 433298 719255 345805 724022 929483 214027 872902 375328 850904 646193 259010 450272 417546 641028 555302 328204 377788 279007 757439 99101 976016 439330 999356 602536 173393 362562 991619 448773 644256 883663 16472 77553 602917 362277 317926 48751 576303 190827 424079 427206 353371 199440 393830 287268 840467
16 1356
58 36 521 319 190 521 598 13 256 413 310 30 528 824 483 315
17 1795
455 913 705 399 977 750 215 870 25 173 903 481 779 434 200 995 540
10 1978064
142936 115742 372171 432485 362091 469421 979644 653288 555318 450929
2 2000000
416442 416442
17 38
12 20 12 16 10 18 13 12 12 10 16 15 14 12 10 18 19
12 1527
986 552 598 437 671 661 526 33 580 892 388 628
19 36
11 18 11 13 16 19 10 16 13 15 16 15 19 12 17 11 19 12 16
15 29
17 12 20 14 15 10 14 11 17 12 20 14 12 12 11
2 2000000
1 73
16 30
17 20 17 14 12 13 20 17 17 14 13 19 12 14 16 15
30 161
6 3 5 8 9 5 7 8 4 6 8 1 2 4 8 2 8 6 7 7 9 1 2 34 2 9 1 4 2 127
38 785215
534645 437574 624820 904557 172822 330969 835206 429741 769909 171821 327833 346100 125773 488999 93611 316873 489500 290468 876017 229608 354657 29722 607366 457088 220323 507732 220931 42163 520719 36849 556245 55363 990774 62645 476271 679948 393613 160395
10 1183763
252664 619725 702204 469428 424370 660533 248062 880340 609809 147363
4 3594
1795 1796 1797 1799
14 1233
573 518 405 639 892 505 926 642 129 468 872 532 443 302
8 812126
748926 477204 104283 743208 900049 838958 183312 408499
3 45
10 20 30
14 1364
49 263 408 385 16 769 318 134 385 16 560 382 242 162
18 1430
789 478 297 146 263 611 576 679 868 751 119 267 563 43 894 394 158 850
8 1011858
27720 588577 822505 95021 409487 956161 445330 217152
1000 2000000
353756 353756 353756 353756 353756 353756 353756 353756 353756 353756 353756 353756 353756 353756 353756 353756 353756 353756 353756 353756 353756 353756 353756 353756 353756 353756 353756 353756 353756 353756 353756 353756 353756 353756 353756 353756 353756 353756 353756 353756 353756 353756 353756 353756 353756 353756 353756 353756 353756 353756 353756 353756 353756 353756 353756 353756 353756 353756 353756 353756 353756 353756 353756 353756 353756 353756 353756 353756 353756 353756 353756 353756 353756 353756 353756 353756 353756 353756 353756 353756 353756 353756 353756 353756 353756 353756 353756 353756 353756 353756 353756 353756 353756 353756 353756 353756 353756 353756 353756 353756 353756 353756 353756 353756 353756 353756 353756 353756 353756 353756 353756 353756 353756 353756 353756 353756 353756 353756 353756 353756 353756 353756 353756 353756 353756 353756 353756 353756 353756 353756 353756 353756 353756 353756 353756 353756 353756 353756 353756 353756 353756 353756 353756 353756 353756 353756 353756 353756 353756 353756 353756 353756 353756 353756 353756 353756 353756 353756 353756 353756 353756 353756 353756 353756 353756 353756 353756 353756 353756 353756 353756 353756 353756 353756 353756 353756 353756 353756 353756 353756 353756 353756 353756 353756 353756 353756 353756 353756 353756 353756 353756 353756 353756 353756 353756 353756 353756 353756 353756 353756 353756 353756 353756 353756 353756 353756 353756 353756 353756 353756 353756 353756 353756 353756 353756 353756 353756 353756 353756 353756 353756 353756 353756 353756 353756 353756 353756 353756 353756 353756 353756 353756 353756 353756 353756 353756 353756 353756 353756 353756 353756 353756 353756 353756 353756 353756 353756 353756 353756 353756 353756 353756 353756 353756 353756 353756 353756 353756 353756 353756 353756 353756 353756 353756 353756 353756 353756 353756 353756 353756 353756 353756 353756 353756 353756 353756 353756 353756 353756 353756 353756 353756 353756 353756 353756 353756 353756 353756 353756 353756 353756 353756 353756 353756 353756 353756 353756 353756 353756 353756 353756 353756 353756 353756 353756 353756 353756 353756 353756 353756 353756 353756 353756 353756 353756 353756 353756 353756 353756 353756 353756 353756 353756 353756 353756 353756 353756 353756 353756 353756 353756 353756 353756 353756 353756 353756 353756 353756 353756 353756 353756 353756 353756 353756 353756 353756 353756 353756 353756 353756 353756 353756 353756 353756 353756 353756 353756 353756 353756 353756 353756 353756 353756 353756 353756 353756 353756 353756 353756 353756 353756 353756 353756 353756 353756 353756 353756 353756 353756 353756 353756 353756 353756 353756 353756 353756 353756 353756 353756 353756 353756 353756 353756 353756 353756 353756 353756 353756 353756 353756 353756 353756 353756 353756 353756 353756 353756 353756 353756 353756 353756 353756 353756 353756 353756 353756 353756 353756 353756 353756 353756 353756 353756 353756 353756 353756 353756 353756 353756 353756 353756 353756 353756 353756 353756 353756 353756 353756 353756 353756 353756 353756 353756 353756 353756 353756 353756 353756 353756 353756 353756 353756 353756 353756 353756 353756 353756 353756 353756 353756 353756 353756 353756 353756 353756 353756 353756 353756 353756 353756 353756 353756 353756 353756 353756 353756 353756 353756 353756 353756 353756 353756 353756 353756 353756 353756 353756 353756 353756 353756 353756 353756 353756 353756 353756 353756 353756 353756 353756 353756 353756 353756 353756 353756 353756 353756 353756 353756 353756 353756 353756 353756 353756 353756 353756 353756 353756 353756 353756 353756 353756 353756 353756 353756 353756 353756 353756 353756 353756 353756 353756 353756 353756 353756 353756 353756 353756 353756 353756 353756 353756 353756 353756 353756 353756 353756 353756 353756 353756 353756 353756 353756 353756 353756 353756 353756 353756 353756 353756 353756 353756 353756 353756 353756 353756 353756 353756 353756 353756 353756 353756 353756 353756 353756 353756 353756 353756 353756 353756 353756 353756 353756 353756 353756 353756 353756 353756 353756 353756 353756 353756 353756 353756 353756 353756 353756 353756 353756 353756 353756 353756 353756 353756 353756 353756 353756 353756 353756 353756 353756 353756 353756 353756 353756 353756 353756 353756 353756 353756 353756 353756 353756 353756 353756 353756 353756 353756 353756 353756 353756 353756 353756 353756 353756 353756 353756 353756 353756 353756 353756 353756 353756 353756 353756 353756 353756 353756 353756 353756 353756 353756 353756 353756 353756 353756 353756 353756 353756 353756 353756 353756 353756 353756 353756 353756 353756 353756 353756 353756 353756 353756 353756 353756 353756 353756 353756 353756 353756 353756 353756 353756 353756 353756 353756 353756 353756 353756 353756 353756 353756 353756 353756 353756 353756 353756 353756 353756 353756 353756 353756 353756 353756 353756 353756 353756 353756 353756 353756 353756 353756 353756 353756 353756 353756 353756 353756 353756 353756 353756 353756 353756 353756 353756 353756 353756 353756 353756 353756 353756 353756 353756 353756 353756 353756 353756 353756 353756 353756 353756 353756 353756 353756 353756 353756 353756 353756 353756 353756 353756 353756 353756 353756 353756 353756 353756 353756 353756 353756 353756 353756 353756 353756 353756 353756 353756 353756 353756 353756 353756 353756 353756 353756 353756 353756 353756 353756 353756 353756 353756 353756 353756 353756 353756 353756 353756 353756 353756 353756 353756 353756 353756 353756 353756 353756 353756 353756 353756 353756 353756 353756 353756 353756 353756 353756 353756 353756 353756 353756 353756 353756 353756 353756 353756 353756 353756 353756 353756 353756 353756 353756 353756 353756 353756 353756 353756 353756 353756 353756 353756 353756 353756 353756 353756 353756 353756 353756 353756 353756 353756 353756 353756 353756 353756 353756 353756 353756 353756 353756 353756 353756 353756 353756 353756 353756 353756 353756 353756 353756 353756 353756 353756 353756 353756 353756 353756 353756 353756 353756 353756 353756 353756 353756 353756 353756 353756 353756 353756 353756 353756 353756 353756 353756 353756 353756 353756 353756 353756 353756 353756 353756 353756 353756 353756 353756 353756 353756 353756 353756 353756 353756 353756 353756 353756 353756 353756 353756 353756 353756 353756 353756 353756 353756 353756 353756 353756 353756 353756 353756 353756 353756 353756 353756 353756 353756 353756 353756 353756 353756 353756 353756 353756 353756 353756 353756 353756 353756 353756 353756 353756 353756 353756 353756 353756 353756 353756 353756 353756 353756 353756 353756 353756 353756 353756 353756 353756 353756 353756 353756 353756 353756 353756 353756 353756 353756 353756 353756 353756 353756 353756 353756 353756 353756 353756 353756 353756 353756 353756 353756 353756 353756 353756 353756 353756 353756 353756 353756 353756 353756 353756 353756 353756 353756 353756 353756 353756 353756 353756 353756 353756 353756
18 1251
748 408 861 249 727 544 46 234 839 290 989 514 90 808 179 749 249 626
11 20
17 16 20 10 19 13 17 14 13 18 17
69 1194906
994302 971897 955443 946336 927253 917408 886324 854347 848897 840181 838252 824608 823353 811010 809571 807289 806082 785875 778741 725197 711769 679429 670575 664992 651487 642471 634530 606855 564876 562805 553805 552121 538520 532105 506036 505946 505172 478176 475707 473366 472781 468364 460824 428811 427763 423444 408043 405466 390188 388622 387416 382739 345049 333339 313350 288781 258478 250945 250893 245246 238772 170949 137216 90640 69117 37691 27409 10280 1207
12 1769505
987377 384358 619196 998662 388338 29250 222140 254750 820147 39851 153240 734863
3 482
311 166 152
13 35
16 16 13 10 18 18 12 10 12 10 16 14 20
7 1378350
884578 393365 692688 295320 602394 561825 216655
607 705545
885727 715447 966107 896047 122411 514437 290107 304833 594733 846366 690248 422695 220543 984963 356414 264582 862229 707852 856399 186125 231840 993492 197614 648281 599760 5023 355405 363810 581060 69841 261447 466787 785287 227553 362833 907697 258341 169291 728881 369425 15656 935480 792119 236198 920442 664884 17131 299022 372735 873529 485146 120926 383372 199111 285558 983131 204133 157314 863292 785192 227154 641090 768330 528792 384994 131162 952840 643334 816804 681720 12758 832459 133551 321228 585008 53992 986111 118490 869365 875197 508370 870862 512474 891741 69972 798031 391224 790456 955345 254515 92000 698850 895605 860329 227642 796950 507843 180481 956636 324646 378553 485745 673457 512103 806973 774816 82447 309435 893306 951811 184632 401675 339025 697105 809768 408996 11488 200991 715804 483184 455505 807803 182033 867461 184483 409674 180763 208677 106507 137398 49675 485059 623142 239483 997161 430114 14298 79607 255901 423955 547770 440532 825630 886794 653988 635397 812141 181827 352739 527944 665010 324595 852098 363395 192056 552933 289420 889170 761609 395926 26567 811283 397336 649708 50765 910849 596174 581415 990455 852074 5369 54576 808957 347350 941369 979296 499098 753510 161123 851836 797805 342484 176431 649903 222230 884838 202835 511650 774007 480795 423927 316925 808430 821263 482984 859194 732111 79157 956960 238917 447582 962329 293493 772890 826030 234861 268538 325128 504722 946012 176963 302527 288495 869745 468781 510725 754582 187967 538726 44940 668761 962652 361864 477190 783914 844848 852736 32376 440356 809695 271293 404290 288375 564785 693531 114405 315997 962068 955884 337071 908079 649198 155949 712926 518943 624729 740002 789876 329047 278727 834816 997807 241378 196679 991349 541644 557878 360436 574019 514586 686482 361663 918875 974857 926447 612405 605613 758796 574473 77848 95866 482551 727045 251814 711828 245987 392894 451829 35863 721940 730555 870678 236098 488285 583708 743798 29928 657938 104233 120298 172523 790715 481961 91397 281923 924759 220153 403887 683554 310977 481734 295771 309880 208778 63936 21707 971117 456829 473536 6979 695120 204090 394008 447570 692374 494067 191367 238653 152004 811952 358951 840878 602666 840911 932274 400940 282021 668779 321178 965575 979755 802911 777697 289634 528040 841633 311341 15508 298461 784876 22486 993581 505317 932845 441150 714043 943264 148868 952695 95267 960819 827997 936145 79836 185259 384770 997127 467280 53548 318304 949206 549655 637566 726902 839288 681958 568534 150628 697465 866995 451855 236303 376927 957172 169147 334428 187566 628762 483295 140260 240381 444114 484609 692877 40301 669867 77646 37428 653498 647546 355731 602703 713552 993297 329605 552839 191606 898138 703467 889070 281484 671673 125372 174762 145196 810871 509189 332761 439632 508836 473021 196364 469301 473981 889240 509601 143847 483238 547028 797345 647135 419111 916399 360686 928759 246003 913524 120364 660493 133342 9433 458328 805015 651157 633090 950210 978379 142278 799323 934362 651113 272343 130726 120413 262675 19965 146366 922873 503202 693393 720217 150336 112503 152968 511021 41261 398970 940897 677976 575814 74238 203761 34142 395604 854917 667231 862166 833295 325860 661488 767656 493325 450182 898381 130089 712856 434698 276454 635728 937899 969847 872297 604587 598701 25264 631959 156314 940585 572855 834289 32751 163445 38049 583244 75400 409317 250474 937565 242611 92685 115404 526619 586009 565585 941351 716098 794792 376048 508903 946872 830299 478749 335520 434885 593802 877135 583195 266467 817719 156050 617107 366821 835846 655156 950064 911245 580824 716889 365162 339787 809574 480565 866405 911934 562502 324107 144383 357293 700155 653286 820516 530453 132034 156035 481689 242187 33169 64883 508653 367240 737284 125760 734060 573129 297267 200476 726 878090 917364 365887 734228 243289 362803 600632 155223 925304 924739 299605 798949 141245 952890 619464 188049 601276 775499 186089 843462 325019 767323 868467 692258 504607 510578 942670 594087 324196 143145 594812 718637 576860 477050 452865 820149 839853 569848 975371 765156 10938 274975 564104 152182 227865 699920 856582 345492 991770 42670
3 624
170 235 280
18 24
20 11 16 20 13 10 15 12 18 20 20 12 15 16 12 13 16 17
19 37
19 17 12 15 20 18 10 14 11 18 14 20 13 10 16 16 19 11 11
10 580071
26180 470204 368104 361413 518064 274333 158331 751740 130225 773477
9 1041407
96223 844529 55260 670008 821781 474405 669388 458321 525642
19 1163
150 908 765 35 673 350 450 823 509 332 141 440 418 479 836 672 68 524 542
12 405257
224216 294902 893434 146209 775128 57974 554655 844819 630589 967262 328807 179180
14 1995145
198148 793508 201609 46827 10768 499048 880392 863590 782131 578887 514371 95470 809110 898227
9 1805072
521674 501164 362332 39506 945253 73335 467055 635571 55162
10 928579
838924 197885 285185 932159 908507 980212 823993 268438 817074 1481
3 336
138 230 401
12 722233
683586 708999 314009 918238 372239 872723 217620 946268 624506 777603 253161 747507
11 26
15 13 16 15 12 20 13 20 16 15 16
13 966971
827078 960154 77780 422450 164545 548935 566436 807860 575114 36640 692315 936527 71055
9 253672
24366 732231 586929 409597 967441 827830 23662 188618 247639
14 35
18 16 17 18 11 20 13 14 19 14 10 11 13 19
615 1322065
510146 377674 386643 686854 189277 869551 62629 903314 243669 950416 750923 337350 39865 248288 291834 866843 46453 177307 34255 218700 190244 677439 618868 729591 481516 392553 581295 293420 858267 229531 654113 884764 123557 557107 571617 829185 426657 150597 732499 186678 101012 483421 524027 140876 248060 332212 7718 294512 25870 558324 29564 732465 752115 164783 978407 233630 73687 559702 43401 931953 305584 697513 333068 429140 254619 421036 258325 197628 571632 507175 900657 672643 506947 424683 329870 755007 273247 853939 565870 299116 412263 111785 31581 164377 276567 9987 914358 866606 86040 957759 314910 907976 171623 647978 853467 942594 69013 628143 140221 640645 135317 40877 829639 158616 981911 159509 913622 255157 13447 995843 554273 942061 107628 102205 622789 900546 112191 53499 767151 714583 527609 82061 622558 699231 246390 476024 641824 315402 104167 298396 472398 755835 855624 302037 914450 837535 461545 344423 609043 991343 340266 163315 933404 964245 781871 72544 381142 894062 126042 664645 608644 653650 263057 747553 352881 509446 223576 511056 341199 844094 809452 813597 599929 665075 115633 514378 18961 93529 858801 628004 601223 715418 307670 50978 196014 89541 123522 577155 499954 249563 758151 624949 903213 21207 372501 772445 530652 112428 283500 388203 956522 92951 201799 556450 274378 833783 70827 293338 443663 445979 437693 44885 161396 745363 95863 357409 834903 219384 450916 334856 468946 209066 476156 372158 230273 848656 660954 277276 961083 944454 665478 433956 553756 383628 990405 828133 217410 577584 637823 661072 539914 75515 705957 701310 820877 801819 575070 172131 537554 25985 23338 6499 235051 499493 895009 981675 348148 555962 775302 825583 16767 440780 775890 570523 340759 766295 398655 558169 860230 36477 219240 400143 111992 441548 617804 449220 243366 192874 621351 780919 735210 161040 303770 486612 660533 715130 468286 525032 271091 759940 866966 287858 717071 642856 858380 57829 925502 773386 615997 785731 326215 835237 702225 954558 276784 320029 403777 36502 29254 541479 333772 764463 702519 153893 251075 879403 869022 235712 404434 656465 995651 271400 460674 712721 430607 835405 770550 356108 608790 386546 141838 451356 738134 360414 405913 531270 680442 326042 84123 709695 867520 934246 474158 86390 88139 241584 965792 473512 477295 886578 129976 472946 674329 107001 185666 104935 942405 472567 461042 67547 375465 119231 518902 629950 479644 441167 677571 676438 767208 761693 386132 151079 212291 376641 753821 300429 618224 235964 290292 95519 122541 936620 568464 313221 43620 270481 418155 986025 259400 395548 569923 634864 514778 605176 264813 510774 46342 942384 187211 329901 220428 89694 480980 432718 982687 751152 249498 600910 987115 539790 212780 626008 476409 297595 939228 36380 568076 357383 538756 827475 269282 108678 978690 300412 713854 243502 811185 276547 702237 514747 606448 922665 604440 603779 871734 587126 354930 121232 704388 858396 177373 917167 484403 170133 214762 423631 206512 299189 297365 745268 643015 566646 370297 621704 867057 600502 381557 194593 877049 600146 709339 999848 522810 830131 119978 910895 933608 991259 548478 637995 849654 725850 71514 334057 412334 802627 274039 135198 101815 571403 396817 261181 654400 767113 399236 37809 883967 780792 232401 277367 897289 941740 277214 936450 288222 913543 847345 221829 904801 395822 376176 754454 638024 964041 88510 50357 766667 878900 185554 868481 450302 98722 646013 104702 865835 45248 142510 749801 342391 891262 543519 239680 349353 337084 176129 637574 250626 23473 375755 155426 935647 268282 426231 573670 232322 31093 140378 998988 909992 842284 383820 360294 941005 29832 981347 806839 75079 640208 72991 417469 531469 132861 657148 880822 469944 349629 34747 720569 373101 926853 875994 825099 195134 302225 398768 943807 333317 539146 942794 243308 381429 326613 119953 838785 872796 617651 161976 947874 257858 751318 881695 305679 884179 55194 702852 354122 404822 253950 74691 294275 180803 467036 119373 892288 285612 34493 836095 618928 89990 778888 378588 987770 621853 14892 826554 11000 632543 988529 475226 406752 739847 356920 712430 624025 412113 931633 978146 333287 185583 52836 627561 882737 36224 263285 775024
20 35
13 17 15 20 20 16 13 20 12 15 13 15 14 13 13 14 14 13 19 16
3 682
303 375 189
15 20
13 10 12 13 20 13 17 16 17 16 15 19 12 20 10
10 1509962
751339 919710 704568 34770 780823 737695 552513 205114 297941 569304
10 1416
431 502 906 655 48 474 552 842 936 96
4 20
10 5 10 16
13 1331943
532340 934364 651676 760839 117734 263583 76845 275676 144651 561870 134973 474595 120669
12 1514493
739247 96209 421486 29995 849149 332334 854611 480771 799040 108127 702080 732800
12 241140
71762 428740 270983 818619 318780 487054 650063 366180 446578 287559 385232 235211
9 1074025
829818 180720 65272 704163 495301 254237 895109 61280 970102
436 689980
33636 546561 394673 264806 442219 356302 252596 194660 443947 8222 367624 143784 102185 61827 17181 672970 634454 417196 158112 239238 104111 30870 231907 643653 318810 293405 657252 680471 36529 22153 229269 79720 67409 488273 656344 449864 650011 289363 394087 275175 130406 449118 78699 242089 458073 201692 510336 680368 455688 128066 9612 155652 37227 622571 272862 394993 257384 417464 55880 551024 36502 544643 401398 652753 275197 512415 342269 70527 142942 420518 556009 255167 86394 472114 43733 652433 642619 632733 172949 280110 382156 290112 201707 182333 422206 204133 156307 328565 57247 653451 360452 216082 426828 414783 372323 333678 247761 192106 252450 366216 481158 579243 443391 507647 246589 278024 657980 499207 247391 508558 507464 410231 521001 88747 485847 314422 466511 171520 672799 8639 348925 302358 274407 240207 131630 476682 9509 590993 533673 599987 540934 222675 429182 379590 408305 437530 473898 387622 133331 619453 411956 89458 446381 418549 146666 181422 133971 674292 417032 596555 53241 420659 271431 181052 152659 97143 581167 269177 338868 517031 570285 341055 468793 468337 395079 32000 168979 272516 329808 244885 119695 432596 578923 215356 227343 659110 295307 28440 239173 179644 75533 91858 488719 546897 641560 141575 628153 252298 215965 493496 211976 153318 430025 267774 450742 84750 162333 217866 437682 534328 474624 181330 190773 360172 504613 548405 594710 620658 125552 305752 333265 269321 294987 636739 10451 634100 89993 489251 48420 641514 497874 396575 479633 193931 52407 196484 299101 310390 558350 288582 345441 246033 89382 111057 305347 79057 656799 495320 155366 508650 39761 120025 531868 182516 6466 201497 631948 454564 47361 298123 150437 38855 182688 58959 425174 110737 240116 98263 478004 395200 434813 650219 143083 221643 90262 474015 269462 554296 596204 681758 223469 118186 205655 329528 37547 507267 587795 281675 610923 391857 450807 458113 344539 661540 651125 547038 681341 149046 465897 542741 29694 58032 52661 54332 637573 9710 518460 561914 108813 235416 460711 259955 162504 185367 351112 231867 317657 465477 375558 170697 554517 279749 272948 201261 48466 527647 279661 600598 260798 543314 322356 399868 614447 683514 177565 145337 36454 447891 666058 33181 635648 95270 484325 679529 519482 631021 356715 496049 147239 263152 559574 182713 564428 240862 417118 17010 213298 135463 556649 438143 55526 210347 637319 295893 93776 569955 601233 135684 598122 508928 574536 384633 539543 660286 170498 507292 646247 653478 371170 307824 462637 592084 98987 390879 46327 272784 420803 243599 15688 32728 403312 442589 600522 200729 221187 546196 104087 449773 445095 93425 143419 585869 294780 527476 39969 591717 571794 536662 611281 69322 467305 286668 610260 400617 294901 409870 592837 361415 415573 667827 488288 347711 384228 138956 680270 605230 208822 224083 534614 410319 23922 537321 414805 234292 585893 224503 115444 603586 251837 519283 488483 599718 653526 437384 323764 97896
20 2018
996 476 512 29 808 386 294 253 271 608 896 155 6 786 963 431 64 258 824 89
636 1132745
90216 798298 286924 859324 74722 226141 54402 138320 46946 757426 483809 913669 7513 326683 380307 989451 755312 194114 4290 564573 706820 507500 451327 90003 515195 286394 922392 667213 449233 169554 427549 55801 484203 230824 915124 558924 973316 485877 697243 536613 243303 697403 450282 767167 24085 346940 272969 295749 541053 793611 376673 247872 301110 827999 854226 332656 630744 292969 999869 596329 462522 943769 168481 946725 690944 599956 22000 664259 85833 719243 717223 845487 416645 167504 612653 957082 514444 401973 769182 571848 195583 145854 819720 13045 490204 190297 345700 120947 483266 861920 717275 945787 805688 885755 408863 496631 485711 430863 677241 571543 150105 394464 417029 83101 78319 546033 556534 592762 464357 325715 164610 176292 471568 500681 189336 961771 690977 51387 599070 690594 913307 316344 152733 235346 718451 561595 248329 720513 992457 925569 292055 658913 836384 225435 258366 914703 287819 331251 23816 752175 656966 188425 928466 644885 205457 634153 123008 412786 685540 722077 103379 598846 554772 256111 350543 273222 817706 598871 993734 326514 40792 802140 501779 877175 27574 276496 308229 831744 607746 332045 583919 781063 36821 28736 425948 242278 662889 548955 655063 348428 787383 274793 463625 342154 530904 814167 615376 348609 929390 125461 191474 970181 927601 693252 847355 471526 969747 155584 303270 93845 3980 403540 874907 40800 432275 300854 799429 95163 366160 970843 959942 153542 245636 939918 495696 776539 754085 627423 641499 199826 752883 832972 170006 680483 42576 17360 152009 528674 689295 971630 622518 693274 375169 497425 734074 323795 314630 49854 935310 197142 20697 411603 867035 266332 351521 362730 559222 621957 506504 200720 821782 259387 33691 991787 939869 76266 525498 608229 604940 214793 96210 743809 908066 987730 241233 158491 311525 72215 208345 763186 785708 745393 174788 652742 528076 526308 531824 87297 148264 38327 288016 486397 297713 321706 478183 753934 914324 3681 878514 35615 218473 974724 779423 642890 478805 537008 317733 790329 125574 42429 69866 911281 787821 244654 564022 832248 287313 95845 919544 435577 650524 207559 921973 948236 45616 916508 218521 959939 920188 97035 511905 655012 588110 291328 814253 66914 828335 648337 373595 470260 690765 443460 381540 994937 204465 461913 827184 491778 74110 746727 443706 724633 470637 882030 672868 516253 798537 891389 992543 235076 504775 504448 406439 92884 312127 220692 159797 656813 869028 533391 127072 76145 493203 508611 71081 697667 486875 414617 189444 560984 677695 149501 285616 148332 31531 474836 180936 830067 882576 173478 581495 387350 194277 987933 480233 506403 724976 156381 163215 594004 206124 290286 186500 699326 315248 257580 913344 802123 188548 619140 363106 866243 768640 165074 530926 800170 639909 711861 146589 38836 401690 244435 426185 112319 232367 422769 618721 957343 95501 298288 67698 301624 104925 254197 517301 936525 28128 946997 738647 216676 566136 618104 599270 851127 299529 646547 167649 939437 874759 830589 978272 276448 75023 920808 388766 307389 859928 523839 781083 955429 822126 848780 773404 927050 102976 290705 863574 131104 754053 118572 864131 320188 253028 979752 687666 552556 626298 855314 8345 501056 685902 502968 293855 277276 423776 682621 101017 283703 722811 882099 755483 544936 247231 528887 988337 350206 335943 368263 997661 89995 3186 378143 926534 256213 357894 614199 325121 500543 985865 333465 1598 188118 836432 295453 465394 776559 494425 566410 576614 217235 964860 332096 278522 212090 377334 783210 78648 713276 151472 592660 803270 671010 970803 729803 927222 845048 860354 768694 345591 846218 102158 863540 34335 454942 158992 16080 231500 169768 98841 808113 387002 63701 656561 181875 792142 33894 965085 870789 747170 116556 463449 66791 303917 950603 312946 747491 312002 173299 516184 657592 535868 618342 37484 86554 589635 712827 618986 821134 882595 717826 145599 785948 781526 318511 967823 573668 352404 932907 960808 615925 565814 940608 682716 386083 891210 512013 133573 203212 685311 649756 377155 737530 784449 414638 824083 374083 127465 959420 711569 10059 677246 857167 312358 975123 692029 280180 65142 44432 729438 25950 660357 811604 966557 859424 197686 374119 371436 331258 577330 573098 497365 954484 826979 281814 369122 167413 172248 12938 126833 883816 22996 804078 257334 851705 295552 949362
20 34
14 13 14 15 17 17 10 13 19 20 10 18 11 11 10 14 13 10 13 16
2 2000000
91697 823357
6 10
1 2 5 8 9 11
20 35
14 19 17 20 11 14 12 13 15 16 19 14 10 18 20 12 13 15 13 11
10 1372840
410054 223479 866413 274546 301360 898491 914717 213189 340815 164872
7 1547222
829531 637398 471716 20733 434216 917919 777085
7 1578022
732864 338515 867707 621388 107530 3783 323591
19 37
18 12 11 18 16 14 16 20 16 12 20 13 14 11 16 16 19 15 10
18 22
16 20 11 10 11 13 11 19 16 10 11 19 17 12 10 17 17 15
12 36
10 11 18 17 17 16 13 10 18 18 20 13
27 113682
953872 25973 609069 442870 119583 442293 448721 410050 318309 678328 281059 864382 802046 45764 738146 84705 309777 475428 126867 346847 28628 683111 67916 535754 262107 394832 215701
13 30
13 13 19 15 12 11 15 11 15 16 20 18 18
11 1830947
487809 414298 975976 24519 292428 245698 91601 812431 39747 816777 416498
1000 2000000
2 3 5 4 4 4 1 6 4 3 1 5 3 1 4 6 4 2 2 3 5 3 6 5 2 3 1 3 1 5 4 2 1 6 4 5 4 4 4 5 1 4 1 3 2 4 1 3 6 2 6 2 4 5 4 3 5 4 3 3 2 4 3 6 4 6 4 5 3 6 1 1 1 2 2 1 3 2 3 2 1 2 1 2 4 4 5 1 5 5 3 6 3 5 6 4 2 1 2 3 6 2 3 5 1 2 5 4 1 1 5 1 1 4 3 2 1 5 2 4 3 3 3 3 1 6 6 3 1 1 3 4 1 5 2 1 5 6 4 5 1 1 4 5 4 6 6 2 2 2 5 2 4 6 5 2 5 4 2 3 3 4 1 3 1 6 1 5 6 5 1 4 3 4 6 4 1 5 3 6 6 2 2 1 5 6 3 1 1 2 4 3 6 2 3 4 5 2 6 2 6 6 3 6 2 2 3 6 1 5 6 4 4 1 5 2 4 5 1 4 6 2 5 3 3 5 6 5 6 5 1 3 3 3 2 4 5 2 1 5 1 6 2 2 6 4 4 3 2 2 5 6 3 3 2 3 5 6 1 5 2 1 1 2 4 1 3 6 2 4 2 6 3 3 2 1 1 5 3 6 4 5 5 6 5 5 2 4 4 2 6 3 1 6 5 2 4 5 1 6 2 2 5 5 2 6 3 6 2 3 6 5 2 2 2 6 6 3 3 1 3 2 2 3 6 4 2 1 2 2 6 4 1 3 6 6 6 2 6 6 4 3 2 5 4 4 3 2 4 3 2 6 5 3 6 2 6 5 2 6 4 6 3 4 6 2 2 5 1 1 2 4 1 4 1 4 5 3 5 2 5 5 6 1 5 3 6 3 2 6 2 5 5 4 1 4 3 2 6 3 2 2 4 2 3 2 3 1 2 6 6 1 4 5 5 6 6 3 2 1 2 3 5 4 4 5 5 4 4 2 4 3 3 6 2 3 1 5 3 3 4 3 1 5 5 3 4 4 5 4 2 4 4 1 1 2 3 5 3 5 1 1 1 1 6 3 4 4 1 4 6 2 4 6 4 1 1 5 2 5 6 4 3 4 2 1 3 2 6 5 6 4 3 1 2 2 3 3 4 1 5 3 6 2 1 1 6 1 5 2 3 5 5 5 6 6 6 2 1 3 4 5 4 1 5 3 6 5 4 3 5 2 6 2 3 4 2 3 2 4 2 4 2 6 1 5 3 4 6 1 4 4 5 5 2 3 1 1 5 4 4 3 5 1 2 6 2 3 6 3 1 1 6 6 4 4 5 6 1 4 6 4 5 3 2 6 3 1 1 2 4 2 2 1 6 4 4 1 6 3 3 4 1 6 4 4 4 2 1 2 3 4 6 2 6 5 5 1 5 5 2 3 4 1 1 3 4 4 1 2 6 1 5 4 5 2 5 2 1 5 3 4 6 6 3 4 5 1 4 3 4 3 3 1 3 3 2 1 6 2 6 3 1 4 6 5 4 4 4 4 6 4 5 4 4 1 5 6 6 2 2 3 2 3 1 4 5 6 2 3 6 1 5 6 3 5 4 6 6 1 3 4 4 2 5 5 6 3 4 5 2 4 1 3 4 6 4 2 5 6 2 4 4 1 3 6 3 4 5 6 2 6 1 4 5 5 2 4 1 4 1 6 5 5 2 6 4 6 5 3 3 1 4 6 1 5 4 3 2 6 6 2 3 1 5 1 5 4 3 4 5 3 3 1 1 3 6 5 6 5 5 2 5 6 5 5 4 6 5 4 6 4 5 2 2 1 1 5 4 3 6 1 5 6 1 5 2 1 1 1 5 3 6 3 3 3 5 4 2 1 1 1 2 3 1 4 1 1 2 3 3 5 3 5 4 3 1 4 3 2 4 5 4 2 5 4 4 3 2 5 3 2 4 5 3 2 6 3 2 5 5 2 3 1 6 6 2 6 3 4 5 5 1 1 4 5 4 1 2 5 3 2 1 4 4 1 5 1 3 4 5 6 5 5 6 2 5 1 6 5 3 2 1 3 2 4 5 6 2 4 4 3 4 2 6 1 2 5 6 3 6 4 2 3 3 5 4 5 4 1 1 4 3 2 4 4 3 2 3 5 6 5 1 3 6 4 1 6 6 6 2 6 2 1 2 2 5 3 6 2 4 6 5 4 5 2 5 2 2 6 4 1 4 2 1 3 5 5 2 5 5 1 4 6 1 3 5 6 5 4 5 6 1 2 3 4 1 6 5 2
34 1015583
984701 981159 981481 984540 983413 983091 985345 982286 985828 986150 985506 983252 983574 985184 984862 985989 981320 982447 980998 984218 982125 981642 982769 982930 984379 981803 985667 983735 985023 982608 983896 984057 980837 981964
10 713381
816052 193526 743319 222518 463979 164262 237700 289071 412455 361194
8 1265615
938970 398260 92365 521937 827251 108313 598977 452120
12 26
18 19 12 12 12 16 19 13 15 19 16 20
7 1042346
833958 807665 54854 839476 397777 22400 126117
9 1444302
671618 337842 637664 57021 886864 941047 110451 608352 101268
9 604980
121028 37428 450856 443933 45440 696470 895069 227437 380055
10 1715075
663241 42363 783031 57678 751783 559983 790542 606650 427689 928281
10 1607155
517234 750805 759396 468678 751700 956356 282717 712222 338427 629095
3 372
124 124 125
12 1462622
998321 402231 832855 564809 92306 71824 359403 874257 27862 625287 28434 65457
12 1245
337 519 629 601 316 290 323 897 179 260 378 502
11 318985
98479 354401 579865 19598 61415 657149 893850 924047 196949 451908 240603
50 1370905
647037 647029 647013 647040 647019 647031 647020 647017 647045 647014 647038 647043 647023 647018 647032 647022 647010 647048 647049 647041 647003 647030 647028 647000 647008 647007 647004 647035 647012 647046 647015 647011 647033 647005 647021 647042 647044 647016 647026 647009 647002 647027 647039 647024 647034 647025 647047 647006 647036 647001
11 1362
105 594 508 643 258 172 924 199 222 685 576
45 1989100
978366 978365 978364 978363 978362 978361 978360 978359 978358 978357 978356 978355 978354 978353 978352 978351 978350 978349 978348 978347 978346 978345 978344 978343 978342 978341 978340 978339 978338 978337 978336 978335 978334 978333 978332 978331 978330 978329 978328 978327 978326 978325 978324 978323 978322
20 20
17 18 14 18 19 10 19 12 15 11 19 14 15 16 13 11 18 13 12 18
18 32
16 15 17 20 12 18 11 13 20 10 19 15 18 18 14 19 19 13
3 312
105 104 104
12 1285660
453926 581205 403248 765413 242578 877965 494914 830691 823056 282249 649309 141835
8 628649
558613 966490 780729 679031 24286 595372 688040 954804
9 1815016
237737 217074 927691 786672 299861 251902 361785 336500 944216
624 688406
450864 949558 656050 701390 642432 749864 710059 377148 689075 993345 643354 336048 320432 360842 733794 934508 834281 591873 943599 760911 621686 986722 154683 966307 863180 70003 500616 299286 911700 632105 545505 878915 98015 717906 580304 256798 984121 290362 633945 673195 283707 793650 9243 120490 670844 743036 571349 505124 851260 514947 782386 472945 501669 937069 955603 364848 523423 456218 664133 435122 604675 725989 314036 219041 443894 410692 475838 428015 701053 626134 617561 501111 419783 143155 621601 90626 886190 192949 112101 253802 224248 894487 726746 725916 347907 198701 607115 387681 654918 787600 339154 775944 513588 653189 994984 473834 580232 987173 418200 281285 613306 35760 782395 549441 695267 920347 156418 581456 629648 268519 835257 853895 679357 78355 96162 543615 277055 703276 931295 448324 490875 786800 224268 520815 439988 735603 511000 20220 239128 929199 817856 852433 481310 116602 918225 176576 553301 74643 274384 182948 343161 625992 553194 538869 220698 649355 82483 14104 352630 530129 462428 359857 316928 203047 397023 273267 455001 908022 809838 694128 353572 144045 62913 834881 260647 981137 527809 813947 572131 318544 513246 431643 460887 66439 970511 681585 715793 569345 695688 584774 615825 674467 944630 932752 393865 341652 722371 848866 249673 532208 59345 119596 192605 122257 954477 453251 619746 998637 783549 191876 317180 296794 623519 778066 879584 594029 976002 595376 679726 188042 180149 295550 378860 641131 228302 772725 499134 467024 621590 265159 515583 680934 384754 708187 319543 855582 677789 939288 854218 461337 647515 687749 274482 271033 982167 670417 381414 958168 265792 61139 662561 962293 356688 41421 119775 101341 814145 618908 568364 952086 884066 83947 633019 785172 308485 468913 640753 986274 924552 494971 963962 572067 182719 754796 843099 164885 425212 224512 639405 207356 802002 301965 686000 158690 343385 805774 776382 673881 941033 344746 625966 341451 945044 775337 126622 253528 244249 767374 756153 168801 262344 720115 740867 961415 991262 100317 642651 416473 324829 282055 140180 126830 100372 826179 801871 960108 148304 578253 633989 89337 439350 259954 430787 384393 551642 73760 154272 795891 841133 426777 481043 619829 663243 738261 97595 654504 838577 740245 587328 679757 538652 727508 322939 155375 553686 124809 115482 701990 219413 749470 307678 658762 525776 254816 559506 593769 328575 230130 389659 686059 656906 387053 305887 320148 125313 403481 974651 480242 660078 78330 676350 198729 805837 999288 354103 359523 640449 985936 577864 859861 251758 885541 34975 293885 140356 594480 887653 985282 824609 793664 671340 481514 180716 977227 318013 822381 897059 809015 818974 557136 887345 495323 272216 693181 494611 142670 569055 651411 644958 663270 511271 896715 548810 546245 190599 205517 657077 594603 190798 481685 388266 862138 479551 85334 355716 313915 907714 252774 122930 243039 326262 526626 738361 114829 736158 749323 773851 821565 400733 418808 484834 428356 831874 549996 490952 538824 755512 148028 133426 462662 146065 38044 324799 141967 123377 196866 455881 547442 965991 95162 790480 292252 138139 528840 923433 874297 794515 213635 212213 195247 148794 697046 623602 497019 247041 630906 35842 518905 778933 685619 981566 441349 240014 306364 583315 363390 19581 555548 427183 985571 167061 217662 794175 821552 262854 717607 212200 57368 447593 424412 768966 596386 121457 908920 93404 368498 539825 645597 403754 835109 847567 385319 276458 87581 208034 376124 967322 227614 931671 394505 213184 615084 128518 7358 436635 391371 241316 648834 965090 205260 73245 250408 801645 711053 159327 411400 595902 215503 573348 999655 50611 420915 384973 327068 508495 593006 703192 475816 820619 151214 386672 550155 282649 515190 73864 719283 422912 831532 884468 388002 36791 474064 154761 354788 185117 314087 766187 781018 529589 339535 297025 96551 276801 681997 423619 785295 791355 643162 777462 128325 310727 680486 194831 593376 195675 268695 312658 618586 100226 713478 522939 137016 187541 194051 8155 372657 24489 774342 670027 554077 630228 967051 166980 907028 165399 106950 208674 473105 750111 502487 601430 60837 182972 796260 654212 894998 581306 483222 29936 681531 196699 69226 334899 900591 263277 343053 273248 287765 633746 459626 358194 780325 943028 525173
2 2000000
707027 275868
11 1179
84 857 516 703 420 559 596 813 68 797 998
7 1324569
933468 834050 869034 367643 703387 134311 361198
16 1597
309 31 135 225 405 238 684 755 334 458 627 285 841 676 205 241
3 342
113 114 114
7 465312
160222 817209 325301 515931 854805 937401 420476
7 1275823
339146 96872 384686 919057 817698 224042 122451
20 1640
15 4 696 835 875 580 629 177 565 586 857 81 156 379 965 450 766 944 503 459
3 695
215 145 244
18 1676
728 173 767 380 926 522 832 163 6 218 223 105 625 435 705 704 331 750
9 1067795
715866 178005 830446 517707 824833 51548 20359 878130 753371
11 222832
855892 98795 311820 74251 65880 107132 220646 703260 660911 187853 147192
14 1933662
912640 15948 560689 108518 640779 806485 484966 300986 269390 859734 363424 565150 799311 34520
17 1696
467 464 772 501 669 467 520 252 588 266 688 913 446 661 371 229 538
11 1735639
131280 549765 927274 689013 366789 332888 484483 433589 149841 66624 283898
12 1514651
958330 262282 939618 432925 899302 787062 139983 500165 57198 716825 795390 167140
13 24
19 17 17 11 16 14 12 19 20 20 16 20 19
17 29
12 16 18 20 14 14 15 11 11 17 18 20 20 13 12 11 18
11 1797505
814644 492657 930519 32264 955277 71376 326218 208437 818882 47860 389878
97 1627426
7243 19126 20453 70130 89924 90582 96797 102971 121172 158372 175844 194494 206780 209037 216075 218812 219161 228936 250832 260712 261807 282259 285565 298316 321548 322602 337237 343395 349070 354165 357038 367660 380355 380828 388176 394370 397038 421933 423258 424888 425057 432710 462863 472526 477973 489863 491470 502341 511959 539599 543504 543771 556522 582371 587191 598633 606074 622169 624963 630304 633292 634660 639020 663107 670379 672858 685599 707498 707533 710051 726330 748535 759578 777772 777778 789718 799008 818613 822703 832396 837083 840013 857600 863121 870923 870941 883377 889193 912356 933138 935216 943232 944881 947673 957571 959071 970186
7 100
11 34 83 47 59 29 70
11 1232773
349337 653293 775681 317596 893896 609984 247159 249171 807868 48695 181329
14 1357
225 546 216 897 443 463 193 644 442 487 636 888 89 329
18 22
10 11 14 20 19 18 17 18 18 14 19 13 15 10 17 14 19 12
3 437
200 388 307
20 462991
231495 163053 56337 128305 46823 78 203104 180654 139432 145749 66537 55064 31193 191616 144827 79162 106101 111024 19112 231495
12 52270
503411 264467 285490 130477 221103 502653 536946 185472 46724 641874 524328 141744
752 1684945
670407 94027 828893 313014 586048 781939 925989 90085 677899 571366 864088 143716 84652 816352 397257 3969 820461 874805 203440 380540 562085 473462 578168 699671 316622 341410 405596 320944 420154 166178 507325 606912 776557 336217 919925 362604 634508 362265 969040 312406 933630 833128 456121 534634 649479 369730 538602 986291 760886 258393 883183 322970 248206 461350 22641 564827 802759 944588 402123 739264 627117 425799 346175 403673 762015 782451 282628 396522 144716 768020 708928 594697 601147 681400 129330 766977 567481 184284 269619 328367 442676 669153 167688 690882 130502 190328 772060 449612 651267 690534 188875 278384 116332 51401 682056 878347 833852 481036 791220 494919 249055 16499 605967 366553 214251 251649 133529 298083 435932 919499 626449 394959 588652 310489 85840 235505 17168 374252 685117 668435 64785 873991 946818 181117 441744 145225 575815 791947 626260 883386 803217 875314 416237 409183 241866 146839 660831 891746 444921 96762 327597 587722 8073 432600 898210 610264 668104 915377 984515 353220 100163 565652 743563 563332 263120 185306 708557 355286 493604 851168 238671 296820 726482 171259 706002 484699 318097 883185 892797 763018 496298 220393 867091 504370 169344 765300 114634 837447 197028 615500 190667 813543 697503 450581 376874 960622 152238 85430 315907 645841 452950 70930 459012 179431 242188 165013 180481 76637 564549 73277 356006 60847 810021 223096 81568 979364 504747 712553 333163 218126 328053 523829 31668 25555 490761 408542 502529 642998 10323 818435 288838 463272 405716 747849 159054 647904 429213 855887 724540 510114 929163 80545 87312 255536 819992 168879 751251 324738 397784 84413 542863 725836 124593 90883 267742 615353 499424 286622 258350 26098 105057 63539 5722 510772 327739 164775 675027 273304 20661 915918 783417 466176 512814 387080 238063 332805 555958 989313 173894 953741 73726 716757 195928 198318 323991 980022 813671 823414 266643 588372 365863 888051 651911 371584 915175 496001 52711 590201 769304 589723 506119 69072 572250 535284 456151 810312 868089 528461 799625 558334 998553 873350 791442 194481 588019 115432 690854 401689 455197 957496 990061 821060 845547 158323 708995 277073 654323 278057 867273 939979 867780 889743 525402 440029 425027 981553 250341 809467 510013 566317 884152 508565 956018 675594 219397 544036 791025 910250 945725 246222 384098 452137 583633 745996 126811 808979 23068 297485 87036 406692 237463 954815 296435 762865 911195 237813 260769 677887 563631 287133 760555 447782 312049 716572 639727 531446 260608 430752 958047 722684 193325 858496 174820 776957 604491 817982 585935 143910 115466 189322 550602 869281 660488 363388 632145 571683 117552 409265 765921 681182 696397 526476 645315 8445 243047 285042 56242 503654 232145 14289 742689 425469 872784 917508 718777 993627 251841 821063 137536 367307 10385 204489 236587 670872 567876 385083 758906 685427 794347 524827 882960 490743 567654 528275 499187 810700 329668 555429 830706 561812 86069 573394 503632 475204 7254 222408 468830 259094 559822 122718 142752 570206 327206 379338 757430 895082 764420 32687 96860 75118 557513 979820 565860 641518 508094 581399 968570 837761 653179 315627 915924 739247 889020 419555 214450 412625 641962 199632 188071 201783 322349 847174 288341 165906 226512 562122 60987 507283 594808 157847 98753 668673 654018 664612 310190 162111 762362 278759 516223 415540 594385 432146 154786 999757 851700 885588 928733 10013 85219 633155 728147 923919 480329 532839 89824 223192 94960 667163 246826 689768 341361 345578 358440 995378 10190 184981 673840 288903 463740 190062 704443 574476 138559 375580 574232 506610 261167 19317 32974 862737 652471 761120 303007 649151 293959 392831 872342 905270 576345 119168 595037 434057 981097 469828 429434 991286 654809 103273 796541 634900 809686 500983 209375 464596 876562 299959 487557 654081 319275 520530 516817 488097 798001 336176 137248 608311 245358 9589 513581 821702 645108 624969 255758 626205 94797 201543 133842 749605 821167 930382 900856 630852 947716 110230 611799 824278 410188 99355 478358 245814 619884 511526 733911 417884 847701 387510 26195 93058 913450 56127 431111 558558 681095 686868 701114 775891 404762 834955 41847 225928 281689 942702 856779 229404 569284 984929 570033 495823 84283 564742 741637 220518 592620 991899 154754 440320 379408 180948 49730 292857 753426 480840 851414 434520 684060 68879 726763 88821 420186 284961 314749 701874 227663 687879 447629 313298 189160 534014 809120 273442 98755 550756 493960 691374 542654 165065 648046 438413 346012 697775 731270 615789 694966 99035 50308 895377 167914 777070 500550 588099 62031 331650 806324 806045 535880 770304 119342 725039 304317 444813 998481 919424 511921 8792 610797 54574 173856 775194 492987 36219 989320 740608 652007 200638 839642 218666 96014 7555 512088 596563 112005 90470 444564 918328 896514 980444 204984 532207 705482 509300 493371 220314 945075 5291 229105 72224 59865 919312 847417 69203 471882 836737 809810 640240 37374 165803 858906 649739 173358 887345 762654 285362 977814 207217 720042 874327 187660 441377 922885 893142 950676 416255 629807 412103 421546 375264 484326 997762 294575 331742 583316 282809
13 1674929
735323 330932 340356 995085 960169 94608 250153 372131 867704 715100 123469 303766 419667
3 350
142 229 130
802 78340
734607 228137 372910 833707 720504 328591 349414 323039 501984 711975 831010 467108 872583 714672 483580 466487 833941 845856 784413 882691 938510 491591 823121 365716 844962 22561 275897 132229 379379 225027 264052 113985 969516 153313 464043 206371 481903 813457 45762 500238 41783 876771 967346 914365 107794 967277 897204 941734 813132 197968 340777 751641 689558 163897 633708 50871 702809 425956 699452 82188 650983 963503 712524 136850 116815 176567 859572 115069 990023 905333 615307 31805 298455 99004 462522 406249 66280 359725 347982 395763 74044 205110 663755 279953 369007 813815 330824 588167 239770 30275 186706 407104 510129 899230 543953 143295 75796 403525 258363 65818 825209 390021 613974 123664 5376 592847 529912 71655 468923 394245 983769 542966 115707 163876 822919 1065 977690 670094 589231 217459 216720 775937 140915 726848 675166 684867 870142 750961 604743 644856 333130 946304 34877 463455 69967 40252 56302 116230 628259 525224 26826 128379 584542 142532 292254 407460 143596 269943 77553 249179 3754 294272 25115 661020 537471 216632 862238 923964 483944 466981 568819 333425 929636 603695 796879 999602 160299 369532 632183 304909 411108 175360 433287 995649 834244 725541 919460 494191 511835 513364 743369 31940 323987 284835 692959 861457 501466 555197 785420 985409 538529 354238 318833 468164 474285 632064 984117 150935 1595 132651 455843 929054 308010 889129 441054 658605 131021 360513 152796 159208 390228 412516 191147 714214 697351 400458 575670 198816 955654 877441 700577 10534 748031 535761 995049 738667 167824 979165 889601 685771 628167 861795 614824 452528 267275 55878 111133 398296 932742 263928 557503 322970 676443 265001 37183 890145 665458 129205 605313 137463 522997 305889 147996 271027 841649 659396 526045 525825 154912 931997 211595 783078 793791 342770 235606 61066 398647 863090 975713 847741 127017 49567 170710 319811 314567 724244 726308 496377 853448 331620 633839 892797 637508 298187 680175 995508 957582 206220 521332 112494 654568 732926 411923 448359 592048 647528 25776 990694 510617 517840 354786 153985 567406 525495 990148 398324 249739 716455 894700 619538 48074 44891 28686 201933 343077 708861 197440 817010 431432 235124 929503 85999 484401 341426 50709 76448 505305 76484 583494 532274 110675 938279 202610 678080 463774 709109 592756 229864 941915 3807 365753 506340 48697 910791 708272 908125 619651 422064 725135 51082 657187 170989 653432 141587 28766 704141 218035 534071 296976 317880 582696 407651 256158 301657 602082 236283 10766 194837 982498 952680 198644 864603 459020 763692 775393 167291 671817 395043 105706 913303 962476 762892 84291 615907 420831 629409 320047 155217 679831 617023 473096 262526 541025 729253 564182 143106 481888 574947 337943 464385 43979 52938 328987 502998 332981 104379 186640 4797 15773 808698 434451 978248 571589 518742 110507 508771 148150 946905 663987 827980 80279 137082 606857 621303 382687 687390 764409 864574 778689 618703 845310 822667 187992 174297 842016 520972 795027 28655 42121 810800 353704 476571 305399 925293 511664 932257 434063 176165 879162 614402 520496 475792 267835 127352 97095 650521 814742 377855 31446 593430 512909 876756 932448 700900 567404 774463 221871 878782 319469 780343 689581 673173 256914 511332 114817 768577 959940 65231 461094 355453 679632 981589 831245 947467 108941 444691 114339 440034 822545 662137 549815 335453 55244 482262 552704 138999 256724 774574 17780 92544 71269 223713 765716 328182 735044 880532 613110 694983 462115 74203 50436 141746 572144 398032 605564 197436 842722 236255 637469 665266 414743 187283 517070 469986 185896 69773 125336 958971 360698 143115 51514 948318 366827 333582 276499 618222 730465 405961 313205 192579 996515 879992 850677 568658 278023 456240 282445 120744 208846 919913 302361 139940 623547 335782 126277 325794 921906 251612 284764 798955 394727 852630 747273 277905 186211 540123 896127 916675 462435 725683 625606 458950 605674 476282 543959 400048 448873 826404 37143 174071 262668 855855 314010 402567 707988 440287 728360 629893 691898 13124 945199 602976 865753 692471 880881 568315 748946 777007 1341 211380 502689 626946 186681 624714 103227 246992 24761 68452 73395 578255 242522 852414 434109 556531 254980 142096 513169 983340 288340 205067 512815 233538 808042 378567 442361 688922 946881 191306 982280 948221 402685 1320 91519 105718 626033 711097 352709 167145 779548 426103 745399 538421 794868 179507 611304 49848 837954 124472 549539 126293 845890 62353 876183 653932 440919 318543 859205 904151 509848 357837 368723 428884 359156 460241 534601 985189 171338 887309 152333 950885 829763 414084 5658 140983 109942 616961 190830 947896 257784 256720 590540 103674 319072 466722 757605 759990 785264 133161 180492 811463 490997 549214 756699 850153 525807 291299 351693 697144 694960 20377 164380 41074 434460 170037 182056 544402 303349 889237 492297 561133 145956 599188 664806 465027 65910 938762 741368 367525 71922 438211 178988 79271 987425 935686 445775 513231 743336 797467 726726 954647 817843 891105 512073 252303 577494 694128 796704 880842 99717 805352 958326 762024 404539 623131 227051 986800 78244 484770 354325 150166 439333 49664 745788 943109 501701 191562 972691 761388 989028 699416 232387 806870 106872 744459 575524 684365 954938 372227 81559 54654 693930 39884 816678 614821 179367 560080 601620 257610 561201 472296 924127 533 38311 669914 943641 540011 861475 916331 817751 366854 132098 50137 690076 238970 794595 265599 439686 749532 154178 521244 320538 848107
546 819972
774371 3160 351841 662954 172393 399224 54166 385864 208806 484150 157560 264971 351702 586497 404436 580828 803793 240397 677037 341035 107314 484870 630361 525153 477032 357850 25731 730513 591710 452673 794240 701926 212057 673448 659586 132371 245824 435969 289700 415531 68033 27856 283345 394443 667171 395931 182186 64564 62593 371038 364912 205867 579390 304276 307505 608351 396155 635037 566215 16177 23981 173804 214647 262317 462121 562331 636567 53123 298412 289862 474337 183557 555748 505 206760 423812 337181 377885 67567 234652 52121 137475 205418 81325 293962 616624 705559 183108 683078 170616 35004 784963 386354 770370 175481 506234 109020 719627 9711 234272 646046 266271 404789 453064 477326 387369 819336 421697 209160 353523 698340 594885 126256 514887 523885 217649 100345 120052 213153 662410 716930 712596 368518 795991 605322 33651 659650 716745 37303 637782 586715 404335 618556 191626 287944 755406 479324 69975 510027 539519 228258 118441 186105 240722 211619 131648 530269 76702 655261 179093 445110 286070 717551 191756 50756 204045 634343 482788 375096 640922 539711 636415 482304 6013 313736 792510 529620 440308 78389 351262 615512 738645 424040 478933 547719 146522 429650 398666 249932 335102 448930 203347 343526 22418 455058 142935 614703 164710 67011 745637 136894 220079 520214 166886 321104 118042 457522 122524 765806 577908 165259 498583 205643 53239 185624 296082 578292 559011 111712 466448 682495 305081 420743 766844 819467 611164 610811 701527 264219 810258 504086 797552 204457 711513 442730 223463 633738 205234 553701 189610 114409 628345 752405 329773 704740 428385 712654 109683 702845 294815 708260 687601 64564 497086 418172 289802 433615 408770 126051 470707 17883 345633 653925 260839 553665 25487 272250 366907 242063 633865 454454 257640 23344 104894 177103 432602 411751 446819 557667 780509 640875 693715 74333 476443 201415 41502 596506 515695 428722 373509 793844 367297 254155 496230 751935 650579 117127 323737 481885 401797 584948 563479 741583 233474 233253 217332 365516 319014 374859 103038 113977 498864 398275 497445 744065 579246 17862 2026 688322 169393 266306 530983 642864 140497 445619 532025 349262 772617 602323 614550 536499 342643 441410 416673 754626 427112 758381 500953 108458 710288 288984 649351 196762 64300 373150 434106 89458 512465 679474 480610 700333 166046 238110 403296 817943 703485 673683 248359 96430 149988 256492 505555 5912 587605 425526 466583 378561 553874 767851 284153 173926 309945 614103 743270 183403 102421 437839 599893 816808 579575 353388 554996 814057 92382 290351 442086 802086 468710 631 337665 699920 536625 327812 184930 350263 778470 363475 408220 232364 614736 794482 700270 115228 646168 790185 710947 338086 569694 253752 782669 392857 27462 44230 653082 391245 769213 379659 45598 566619 533019 160385 280449 286948 625287 116483 647577 606819 468129 469707 654709 669984 440228 752960 490199 239142 792115 492155 266094 225083 179049 782365 390319 263416 362449 602639 808519 559132 37605 205266 556551 570035 299757 571608 262302 557653 339357 628211 411201 157013 103227 444873 605794 693917 446458 322524 377237 786318 585695 241675 755405 613207 235023 29783 804142 775738 119698 456497 755671 49600 11451 727587 766731 280258 757375 26123 338159 126844 194680 607914 693126 813958 214175 574145 530109 47350 723542 535814 314414 160317 636862 340643 451450 315883 623209 322885 650331 152801 533900 121627 382128 169641 39463 146285 378911 530165 585316 581861 246746 321384 260961 565815 715078 421301 521559 481809 15827 75907 379740 61586 415181 250275 253353 335819 705991 186229 374353 391586 796623 468266 342939 107375 441057 65342 749994 573222 802110 119637 697445 526007 415637 644490 240582 283471 614329 615926 384002
7 1356322
558800 196121 716112 963843 906340 869785 694364
20 26
14 20 11 18 10 13 18 16 18 12 20 12 12 13 18 12 18 11 15 17
11 1451756
416398 357828 472191 169737 173880 665716 913055 396397 646046 593668 634096
16 32
12 20 17 15 10 14 15 14 12 13 18 14 11 15 13 16
19 1411
582 472 264 23 800 150 320 684 446 508 943 245 403 676 449 468 314 660 90
12 1411351
947941 742013 205729 591371 993687 53012 931726 988772 529532 542685 238924 901662
3 488
328 144 231
20 105286
70697 922589 336615 381741 59839 953953 161167 747512 674749 484150 680506 42793 223757 64190 153706 377759 586079 674250 34586 763844
13 1178910
541482 230506 373689 216071 315093 47401 959525 121145 502701 272282 953344 712482 469616
17 1152
193 458 177 364 593 713 694 465 894 276 959 34 105 607 179 720 217
19 34
17 19 16 16 20 15 19 10 13 11 15 10 15 10 11 15 20 18 19
18 1814
324 146 609 297 152 427 885 413 234 64 151 808 883 966 579 735 987 397
15 1228
213 489 985 402 9 934 766 617 347 427 998 874 251 480 540
11 700973
896 680609 297688 444170 865719 346379 378534 33746 623569 12619 813680
16 24
16 18 14 19 15 10 19 15 12 12 12 14 17 10 18 14
11 2034
858 337 446 106 516 705 483 17 461 821 167
12 959291
994973 6865 562890 736985 728945 154260 730672 781957 602337 719443 311488 661374
11 1400
2 917 375 104 108 998 744 775 521 952 383
40 1608464
768863 768864 768865 768866 768867 768868 768869 768870 768871 768872 768873 768874 768875 768876 768877 768878 768879 768880 768881 768882 768883 768884 768885 768886 768887 768888 768889 768890 768891 768892 768893 768894 768895 768896 768897 768898 768899 768900 768901 768902
10 1761
381 322 167 437 25 497 539 313 665 930
11 28
15 10 19 17 19 12 15 14 16 13 15
3 537
165 322 191
70 53
31 30 29 28 26 31 27 30 27 29 27 27 30 31 26 31 26 28 27 29 28 27 29 28 30 28 27 27 30 30 28 29 26 29 29 26 28 28 28 27 31 29 26 29 27 26 27 31 27 26 27 29 28 30 30 26 26 31 31 28 27 27 29 27 30 26 27 30 26 27
13 30
11 16 10 19 11 12 15 15 15 15 20 17 14
13 20
18 20 12 18 15 11 16 17 18 13 14 16 12
10 39
17 14 11 17 11 18 10 17 14 13
14 1637640
42404 175929 112639 571155 458222 752810 169020 185003 448877 73775 336824 386168 888692 710220
20 1505
273 865 147 423 241 18 22 735 833 123 687 301 866 328 320 855 405 362 209 7
13 1697
590 504 60 521 951 88 31 33 981 523 914 445 534
10 853041
133551 298815 387405 554026 763767 257554 848680 217261 297440 317214
11 34
17 16 15 13 15 17 14 10 14 11 12
7 795891
978037 669466 949663 785525 561792 218360 450734
20 1680
762 378 263 695 62 452 889 342 369 608 388 17 603 659 848 761 936 545 493 316
11 24
20 20 17 14 17 17 13 17 19 16 14
14 1674996
587073 784864 7853 388229 432495 557617 315502 121507 440757 648390 605990 874346 314582 188965
14 1616723
500475 341371 824843 626636 488733 8596 409130 652612 249545 908449 611880 173986 437973 257863
19 20
14 11 15 10 15 16 19 12 14 18 14 20 14 20 19 11 16 12 14
11 1125970
177980 764674 348453 78689 383870 347114 467026 929471 569253 238128 265969
14 184979
388097 773139 949043 362769 815132 989980 406466 270453 904591 498831 308741 731842 123495 907718
4 100
80 70 60 50
12 776958
68766 70557 921994 480227 648188 408447 553340 56264 896255 483989 548591 437126
9 281389
839357 687043 941472 542616 864305 645677 206159 87006 529998
7 862386
982520 273819 8290 548836 572553 287945 936932
10 440360
461927 813036 694576 156258 94062 559381 234946 994283 906494 218324
9 589481
84511 753784 60491 295226 109943 280677 374974 350095 720600
11 1049262
440618 573785 977253 419145 483029 120189 534886 371551 69025 413328 357323
13 1343869
261246 162979 577182 669745 491090 982918 712148 183370 611908 799654 641591 364717 485026
19 2
1 795153 98839 275627 325941 794145 296741 1 830828 511570 992094 437879 5076 219175 389854 68785 429404 643184 890953
17 1477
625 306 732 294 439 468 662 350 849 903 864 413 683 172 444 169 396
8 59650
805428 145727 345855 626852 18435 878185 86134 848252
14 1891105
889263 279119 550449 816953 582142 850310 68854 943926 703161 529422 274941 627067 440284 700812
20 1494276
408111 67873 952209 969231 727884 689268 427542 879125 648632 930756 304323 976832 979641 657683 720005 321648 300493 982556 511720 262357
12 783361
937085 566428 674851 796819 446204 756352 596129 997075 689084 727123 93297 49964
14 1710154
45078 105198 834034 861854 521695 664668 507231 327122 810394 369437 953973 345181 247622 556459
10 918676
388403 635470 937291 814918 373397 734803 325478 706896 196729 138513
11 35
19 15 15 13 13 18 20 12 15 17 16
10 1729822
427550 690319 981827 337412 797081 309016 435890 667833 405232 455487
13 904799
266482 542670 750164 738197 563403 184379 172468 856839 247427 87460 839358 521245 612101
8 1443545
79749 723801 923572 214059 84998 763945 91577 862596
13 195060
190663 560933 357901 346280 539800 558058 316557 121004 961305 81970 363581 355621 93235
8 1054456
511641 164608 602537 294474 223630 869052 549022 303384
20 1799
102 953 117 392 290 20 990 78 691 2 603 75 582 846 463 561 924 77 119 630
10 435819
698495 134430 313339 713872 383857 382420 757240 797891 570389 95082
13 1510808
831 894846 401773 900565 552764 444489 55897 306890 908689 241224 910164 221575 797512
13 1302624
899735 141566 526364 638981 237775 464201 185327 603275 312887 39937 84045 111926 664415
17 179
43 43 43 43 43 43 43 43 43 43 43 43 43 43 43 43 43
19 2037
7 628 713 241 83 897 663 560 149 608 931 96 28 159 731 542 492 882 465
16 1537
925 276 480 115 604 440 161 344 273 508 171 136 536 979 873 830
57 2000000
1000000 1000000 1000000 1000000 1000000 1000000 1000000 1000000 1000000 1000000 1000000 1000000 1000000 1000000 1000000 1000000 1000000 1000000 1000000 1000000 1000000 1000000 1000000 1000000 1000000 1000000 1000000 1000000 1000000 1000000 1000000 1000000 1000000 1000000 1000000 1000000 1000000 1000000 1000000 1000000 1000000 1000000 1000000 1000000 1000000 1000000 1000000 1000000 1000000 1000000 1000000 1000000 1000000 1000000 1000000 1000000 1000000
10 9203
157361 227102 289701 455301 312758 315848 693430 197335 709212 386117
9 124626
364177 756708 616835 769408 212194 862434 348140 77882 32078
10 29
13 19 13 14 14 17 13 18 15 15
12 545620
108479 245797 860097 143856 946554 374769 62439 779408 939578 671096 367584 298980
13 1194045
647527 240950 499320 959269 408089 529524 129632 441675 280328 405379 910352 548380 878086
10 1777
784 90 274 534 67 23 749 288 399 273
8 1305531
910863 425872 263052 524086 810557 182108 341784 550950
16 21
16 19 20 17 16 15 16 14 13 17 19 15 10 16 20 12
18 34
20 17 20 14 16 16 13 11 16 11 19 14 16 12 11 10 10 12
11 631977
442325 250156 158988 691496 58023 207682 872824 290749 752940 910849 308264
3 2000000
1 1 1
10 1450
396 465 485 815 23 80 980 90 229 329
10 1283
347 102 560 820 653 401 756 101 238 484
16 1386
205 251 702 128 327 172 757 545 764 381 409 262 803 1 280 824
3 516
172 172 171
18 1325
533 399 890 809 425 279 296 42 26 790 638 484 877 668 191 329 609 46
10 16912
794050 208825 87716 790889 312249 388931 798741 700478 821425 872709
7 794817
986755 921198 489167 73760 967547 286642 643606
8 495758
253517 704958 933761 405439 760119 738226 354442 640647
12 1565
463 122 204 751 192 624 641 315 171 857 609 178
15 1267
496 1000 86 247 925 675 390 136 617 395 495 597 459 87 31
13 935690
251871 807488 892327 268697 665210 717169 895332 153943 242116 820814 322906 491661 729262
18 1717
447 603 342 647 857 205 60 540 376 855 60 123 54 466 553 8 557 793
2 2000000
1000000 999974
18 1690
990 640 972 331 360 931 70 728 534 728 575 294 663 471 786 331 40 796
8 1513903
981945 376601 254212 106648 994221 214575 556652 127771
91 1945198
1000000 1000000 1000000 1000000 1000000 1000000 1000000 1000000 1000000 1000000 1000000 1000000 1000000 1000000 1000000 1000000 1000000 1000000 1000000 1000000 1000000 1000000 1000000 1000000 1000000 1000000 1000000 1000000 1000000 1000000 1000000 1000000 1000000 1000000 1000000 1000000 1000000 1000000 1000000 1000000 1000000 1000000 1000000 1000000 1000000 1000000 1000000 1000000 1000000 1000000 1000000 1000000 1000000 1000000 1000000 1000000 1000000 1000000 1000000 1000000 1000000 1000000 1000000 1000000 1000000 1000000 1000000 1000000 1000000 1000000 1000000 1000000 1000000 1000000 1000000 1000000 1000000 1000000 1000000 1000000 1000000 1000000 1000000 1000000 1000000 1000000 1000000 1000000 1000000 1000000 1000000
0 0
