10 50
00011110100011000110101000100100011100111100010010
11111010111010110000010111101011111110111011110010
00001010001111010100001111001011100110010010111010
11010110011100101010001110100111011101011010011101
11010010100000110011101000000011001110011000011100
11001000111111101100100110000011000001100110001111
00000100111100011001100110100100010011000010000001
11001100000011110101000000100111010010100100001110
11010010100000110011101000000011001110011000011100
11010110011100101010001110100111011101011010011101
23 21
100010100000101101011
011110101010001001001
101111000110010101000
010010100101001011001
001100001111000010000
001010010010101111110
111101100011011110001
000111110100010111101
000110011101101101110
101110101111101111011
011110101010001001001
111100001010100100010
100010100000101101011
111010010111001001100
101001101010101001000
000001101001111010011
011111000011110011010
101110101111101111011
011110011011011000111
001010010010101111110
000110011101101101110
110000000101100110010
101000000011010011011
23 21
110101101001100010110
011100000110111011100
011011101010111110001
001110011110001001010
011111000011010110001
001101011011100100111
110101101001100010110
101010011001001111111
101010011001001111111
101110001010010001010
100100100110110110111
010110110001011010110
110101101001100010110
011111101011100111011
110101101001100010110
110101101001100010110
010010110000000011100
011111110000101101001
000100100000100101101
101011101001111001011
010010011000110010110
110110100101000010110
000111100101001000000
22 22
1000011001101101110011
1001110101010001111101
0010101101111010101010
0110000101110000001110
0111111110101010011011
0100111000101011000010
0000111111110101110001
0101110111111101110110
0110011010011001010001
0100001111011001110001
0001010110111001011001
1100010001111111001110
1010110101010110010110
0111001101100101110000
0110110011001011110100
1000011001101101110011
0000110110111011111010
1011001101010101110011
1100001110010010100110
1000101111101110011000
1000010001100010110111
0110000001000001100111
125 4
0001
0110
0110
1000
1100
1110
1101
0100
0001
0011
1011
0011
0111
1010
0001
1100
0011
1001
1001
1000
1011
0001
1111
1111
0010
0100
1111
1011
1011
0011
0011
0101
1110
0010
0011
1101
1010
1111
1111
0111
1001
0101
1111
1111
0100
0011
0111
0110
0001
1000
0100
0010
0100
0011
1011
1000
1010
1011
1110
0100
0010
1100
0101
0011
0110
1010
1101
0111
1000
1000
0011
0110
1100
1111
1100
0111
0111
1011
0111
1101
1000
1000
0100
1010
1101
1110
1011
1000
0011
1011
0010
1101
0100
1010
0011
1010
0011
1101
0111
1001
1100
1110
1011
1000
1100
1111
1101
0110
0011
1100
0100
1110
0011
1000
0111
1111
0100
1000
1011
1110
1000
0111
1010
0001
1110
31 16
1101011111011100
1001100101101001
1111110000101000
1010110010100101
1111100001010111
1111110000101000
0100111010110101
1111011110001111
1010011100000010
0100111010110101
1110010010011000
0010010000101100
1011001010011101
1111110000101000
0111101101111001
0111111100000110
1000011101010001
1111110000101000
1111110000101000
1110100110110111
1011001010011101
1010000110001010
0011010111001100
1001100101101001
1101011111011100
1101010100101011
0000010001111111
1001011010110001
1110101110011011
1111110000101000
0010101111110100
27 18
101001011011000100
000101110111010100
011100101111011011
010000000100000000
110111011011111001
001011010011010001
111101100101010111
100110011000010000
110010000010000001
011111000011101110
110111100100111011
011010011110101100
100101110100101101
000100011010101011
101110001101101010
101101000100011100
101100011101000110
011000001010111010
110110111000010010
100110111100010010
000001011001010010
101101010100111011
011101111101101110
000000001110010100
001100100101000111
000100000101010001
001111001001111010
22 22
0010001110010000110011
1100111101000101001001
0100110001100000011101
1111000000101110100001
0111011111010011101111
0010101101100010011000
0001110011111011011011
1100010011111000110001
0001111010011000011001
1001000010011100101000
0110101001101110001110
0011110000100100111011
0001110011111011011011
0100100111111110111101
0001110011111011011011
0000011011110101011001
1010010000110101110000
0100101010110010000001
0010011101110001010101
0000010101110001000010
0101001110011010010100
0001000011110110101111
9 9
001000110
011010000
000100001
110111000
111110101
101001100
111111110
010110111
011011011
41 12
011110001011
101111111011
101001010110
010010010010
101111011101
110001101100
111110010010
100100101110
010101100111
111011101011
000001011101
011100110101
010001100101
101000111011
001010011011
010110110001
001000010100
011111111100
100110100101
100101011001
011110011111
011000111100
000111000101
011110001011
111010110101
010100000011
111000101110
111111000110
001000000110
001000011000
000110100110
111101100010
110000101100
100111000101
101001110010
000111110101
111101001001
110000010110
111001111111
111000010011
111110101000
20 25
0001000000011100110000110
1000011101100010010100110
1111011001110100101001000
0100001101010000101001101
1100100101101011111001111
0111000011100010111111011
1011011010011010100111000
0110010100010010000101000
0111110001001111111001010
1011010100100100000000101
1011000111111110101101001
1100110000011011001001010
1000101000111011010000010
0110110100101110111101110
0111100000011100100010001
0111000010111100100000111
0011011000010101001111000
1011101110110100001000010
0111101111110000000100111
0101101111001001001110110
5 100
0011000011100000110110110110100111001100001001100100111111011001111101101110100110101001010110001011
0011000011100000110110110110100111001100001001100100111111011001000010010001011001010110101001110100
1100111100011111001001001001011000111100001001100100111111011001000010010001011001010110101001110100
0011100111110110110111111110111111001100001001100100111111011001000000000000000000000000000000000000
0110101011001001110110101101111000111100001001100100111111011001010100110011111101010111000100001011
166 3
110
001
110
111
111
010
011
101
100
011
011
111
100
111
010
110
101
010
100
001
111
110
001
111
101
100
001
001
110
011
101
010
111
010
011
111
011
111
010
011
011
101
010
100
110
011
011
101
011
111
010
110
111
010
011
111
111
010
010
100
110
111
011
011
100
111
101
111
001
011
110
001
001
100
101
110
010
111
100
110
011
011
111
101
010
110
100
101
110
010
100
010
111
100
111
001
110
011
001
101
100
011
100
001
111
010
110
001
010
111
010
011
101
100
111
010
010
011
101
011
110
100
001
110
010
011
001
100
011
001
001
001
011
011
101
110
010
001
110
100
100
001
110
001
111
011
100
110
001
101
101
110
001
100
111
010
101
110
010
111
111
100
100
001
011
001
8 3
001
001
101
110
011
001
101
110
21 23
10000000110100011110110
01011101000000110110110
11000111101010011111001
00110111101100111110111
10011100100010011101011
01110111100000111111101
00011101111101000010101
01100001101101010001010
10001110110101101110111
00001101101010111100110
11100110111111001000110
10100000111001000000100
00011011001010110110111
11100110111111001000110
01100111101110101010101
10111101101011000001011
01101000001010100110001
11111000111110010000010
01010111110001100010010
00111001100000111110100
11110011100110110000000
20 25
0110101101000100010101010
1100111000001111001100110
0100011110110111001110101
1100010101110101111010000
1110011101001111000111011
0010111100111110001101010
0010101000111111000101000
1011011011100000101001111
1100011010111000101100101
1100101110111100011100100
1000011000101101000000101
0000111000101100110011100
1001011000011100101011011
0000000001011101010110100
0001101010100101100001010
0001100001100011011110101
0001000000110001101011110
1001001100011101100011001
0100101111011011000011110
1001101111110111010101110
14 35
01010001001100001101000101110010000
11100110100111011010011011010110001
00110110100010011000100111011001001
01011110011000100110001111110010001
11100001110010000010000011001100001
10001110011101100100110011111101001
00111110100011101011110101000011000
01101000111010111110101000101011000
11100001110010000010000011001100001
01010001001100001101000101110010000
11010111010000011010100100010101000
10110111101011010111011110100100001
10111111101010100100001100111110000
00110110100010011000100111011001001
50 10
1101110101
0100011110
0000100100
1010101101
0101100001
0000111101
0010010101
1011001010
1111101100
1011100001
0011111011
0111111100
1101100010
1101010110
0000110010
1101001111
0100010001
1010100010
0000011110
0101001100
0110110001
1101010111
0010111110
0110000101
0010111110
0000100101
0101101110
1101010111
0010000100
0011100011
1110101100
1100010101
1011100000
1101101101
0010010011
1100000101
1000110110
1101110101
0100001110
0100000111
1001010001
0000011000
1001110011
0011010111
1111001011
1000000100
1000011010
0011001111
0100100100
1010011000
4 125
11000110100010111011110111011000001101110101001100111101000100111011101110000101011101101101000111000010101100101000010010001
10001101110101111110110100001001110110110100111011011100010001100000110010010011101111111110010101111001111000101000001100111
01000000010100101010101100101100011011101101010110110011101110001100111101110000110000010010110101111000010011011011100100111
00110110011001011001011011001011100010010011110010100100110111010010001101110001111110111011100001000000101010000100011010101
45 11
10111011100
10110001001
01101010001
01011001110
01011011101
01000111110
01100101110
10011001110
01111011001
11101100010
11111100000
00000110010
11011101010
01100100110
01010100110
01000111110
10011100110
01101010001
00100011000
10011111100
01111100001
01000110001
01010010011
11101010000
00001100101
11011101010
11111110000
11100111000
10010000011
01101100011
10110010011
11010001111
00101110101
10100111001
10000110011
11010010101
01101010001
00001100010
10110100001
01110101100
00101000111
10000000001
00101000111
10011111100
11100011101
25 20
10100110100011100111
10011011011000101110
11000111100111101011
11111111010011111001
11010101010011111011
01110011110000011100
00101111001111011001
01101011101110101000
01101000011000101100
00001010101010100100
00011000011110110100
00101111001111011001
01000111010111110101
01010011011010111010
01111001011010111000
10100110100011100111
01101011101110101000
01101011101110101000
10100110100011100111
00101100111001011101
10010001110010001010
00010001000010010100
01100111111101010011
11111010011100100010
00001001011100100000
7 7
0100101
0111001
0100100
1001111
0111001
1110110
0000001
16 31
1110001111110010000111001001010
0011001110011101101110000101001
1110011011010110100000011000011
1101100001011111010101011010010
1111000010000010001011101100011
1011011101010110000110100110000
0011101110101101010010010011000
0101001000101101001011110010001
1110011011010110100000011000011
0111110000111000011100100011101
1000001110001011100001111001011
0011100110001000111111100010101
1111000010000010001011101100011
1111000010000010001011101100011
1111000010000010001011101100011
0011001110011101101110000101001
9 4
0010
1101
1101
1000
1110
1000
1001
1100
1110
23 21
011101011010000011010
001100011100011000110
011010111010100100101
010001111011011010011
011101100111000010101
100111000010111101000
110001011110110110001
001100011100011000110
000111111000010010101
010001100111101000101
000000101100001100010
111101011101101101000
011101011010000011010
100000100101101100010
011101111011110000011
001100000000101010000
111101000001011111110
000000011100110010110
000000011100110010110
001100011100011000110
000000011100110010110
000000011100110010110
011010001010011010001
22 22
1001110111011101001110
1011100001001011111011
0001000100000110010000
0010010110010110110101
0001000100000110010000
1000110011011011011110
0011010010010000100101
0010010110010110110101
0010010110010110110101
1001110111011101001110
1000011100010001001001
1111110100000101111100
0010111000101100000100
0101010001001000010111
1010100101001101101011
1011100001001011111011
1011100001001011111011
0011010011100000000011
0010010110010110110101
0011111101011010110010
0010010110010110110101
0001000100000110010000
4 8
01001000
10100110
00100001
11000011
21 23
01001110001001000011111
10011011110000100011010
10110100111111001001011
01001110001001000011111
01110010111101101000100
10011011110000100011010
01001110001001000011111
10000001000001111100101
00101111001111101010001
01100001000110101001110
11111010110110001010100
10110100111111001001011
11111010110110001010100
11111010110110001010100
00100110000010100101011
10011011110000100011010
01001110001001000011111
11010101111001100000101
01001110001001000011111
10110100111111001001011
00011010110001011111111
21 23
11010011111111011000000
01111111111001010000000
11101110100011101011101
11110010010100110011101
10001111000101011011111
11010101010000110101011
00101010001101000111000
11101101010100100100100
00010010001001010110111
10000000110100100001010
01011100111010000011111
11101011101011001010110
01011011001010011001111
11100100011010110000011
10011011100011100000011
01010101110100010111000
11101101010100100100100
11001101100000111000010
11010101010000110101011
00001001001110010100111
00001001001110010100111
3 166
0001110101000001010110100011000101001101001001110011001110011011111101010101000110011111111011000011110011001001101000000011111011111111101110001000010100011101111100
1110010111011111111100110101110011101011001000101001010110000100111011100100001110101011100000100000100000101010100010000111111001110001000010100100000101101010111000
1001100100011111101110100111101010111001101010110010110010110110010101010101000010101100100100101110000100100100101000010100101001111100011101111011101000111100011011
4 8
11101101
10111011
11101101
10111110
50 10
0001100101
1111100100
0111100110
0011110110
1011011100
0100011110
1001000010
0001011010
0010111100
1100110100
0011111000
0010001100
0010000111
1100111001
1010000101
0101100100
1000101010
1000111101
1000110000
1000101010
1111011011
0011000111
1011110111
1011100011
1101000110
0000011010
0000011010
0110011001
0111010001
1111100010
1111101001
0110101011
1100011100
1100000110
0111110111
0001000000
1100101110
0110010100
1101101101
0001000000
0010100100
0111000110
1010011111
1010010010
0000110010
1011101101
1110000001
1000101010
0001000000
0100110110
5 1
1
1
1
1
1
5 100
0111010010110101010010001010001111010001100110110100000010110111100100001011110101111101111000100101
1101001001001000111010000001001101001111000100100101110000011101110110100001001001101101111011110100
0111010010110101010010001010001111010001100110110100000010110111100100001011110101111101111000100101
0001100111010001101010010001010111101011101011100111010111000011101101000000000001100000001000101010
1101010110101100010001000011001000001101001111101001011001110110100110100110101110100101010001100000
12 41
01110010101101000001011000101100100111101
00101001001100101000110100110001001101100
10100111010000110010000110111000011000100
10111010010101111110101111000000111110010
01010010111010101000100101101010100111101
10101100011100000100011000010001011100101
11000100110101010110010110101111001011100
11000110101000110000110000111011000101001
00011010111000000100010011100101111001011
11011010110011010011011101100101001100011
10010011011001010110011011110001110011110
01111010101110101001001010111101010100100
35 14
11001001101011
01001000000111
10001100010000
10100111101000
00000011010101
10111100100100
11111111000100
00011101010111
11010000011111
00100101101011
10010011110110
10100011010000
00011101001111
11100001001001
01011100100011
10100010011001
10100000001010
11100111101000
01001011010101
00100101101010
11010101111010
10010111000011
10011101001010
01111101010010
01100000111111
01100111100010
00011011111100
11011110011001
00000011011000
10100011010000
01100010111001
10111111010011
11110101000001
10100011010000
00100000111100
50 10
1101011111
1100010111
0011100110
0110011010
0110100001
1000101010
1111001001
1001010111
1011001110
0111101100
0000010111
0001111001
1011001010
1010001101
0010011000
1110111011
0111010111
1011110101
1011000001
1100101100
1111001100
0110000011
0001000011
0110001100
1100010111
1101111001
1011101001
0010100010
1010101110
1110010010
1010111001
0000110100
1010101111
0111101101
0111100011
1100010110
1011011001
0110010001
1011100010
1100100011
1000110110
0111101100
0000110100
1010111001
1011111011
0110000011
0000110100
0000011001
1011000000
1010000010
6 5
00110
01110
01000
01000
00100
10001
2 250
0000010101001111001111011101000011010111111000010100000001110000010010010001011100100011110010000110111110011111101010010100010010010000010101001101100011000010010100000001100110100011000011110000011101010110010010010100011101100100011110001100110101
1100001001101110101000010111010001011101100110010001000011000110100110001100110011100101001101111111011100100001100101111110110011010011001110110010110110001010001110010000011010001001100111000100010010101101011010100111011101100011100001011110001000
18 27
011101101110100101100111101
011111010100011110000101100
110110110110111010100010001
011011000001110110011000101
011110110001101100011001110
111000101110000011110100001
110001000100010010000111101
100111111111001010000111111
011011100110100100001110111
111111000110110001011001010
011011010011100001110101111
110001110001111001000100111
100011001011100001101000001
000111000111000011100110110
101100100010111100011000010
111001010111010000011100010
001111010111111011011001100
011000100001101001101101001
1 500
10101010001011000000100111011101110100110111011101010010001001010111100100110110101101100011111011110010000010110100100010111110111101010001110111100111100011001101100101100101000010010111001000000101111010100011000111110000011011101111101001110110110100110110011001010011111000011000111110001000001101011010110000101001010001001110100101000010000101010000001101100000001101000011001110010001100100100001110011001000110011011101000011101110010011010000011101010000111010001000001011000010111110011110
100 5
11001
11011
10001
11010
10101
10110
10001
11010
10011
11101
00111
01111
11011
10110
10001
10001
01011
01101
11100
01111
10010
00010
00101
10110
00110
01111
00010
01010
01010
00111
10100
10011
10011
01111
11010
01010
11011
01000
01000
10011
11101
01000
01111
11011
01111
11110
10001
01101
10001
00010
00111
10010
00010
10001
00101
01001
01000
10011
01010
10110
00110
00101
11110
00010
00001
10111
01110
00101
00010
00010
00010
10100
11011
10011
10101
10001
00100
00010
00100
01010
10100
10000
10100
11001
11100
11100
10011
01110
01010
01101
00110
10011
00111
11011
11010
00110
01000
01110
11110
10000
22 22
1010110110101010000100
1110101001100000001001
0010101101000000010110
0011011110000001111101
0101010001011001010000
1111001100011110101100
1110111111001110001001
1100010010001110011111
1010010111011111000100
1101100000100100001101
0111010010011011000000
1001101101111101000001
0101001101101011101001
1101011110110001101101
1010101100100000110011
1011111100000101110101
1011010011111000101101
1011111100000101110101
1101010000111001110101
1010111000010111001000
0011010010011000001000
0001010110110001000001
5 9
101011100
000001011
111110111
010101011
011000110
22 22
1011100000101111010001
1011001001100000011010
1100011110110001101101
1110100110100111010000
1010101111000011001100
1011101101010100011110
1100111000100101101001
0111101001111011011110
0000011000110101111101
0110101000011011100000
0000011001101001000001
0000011001011001100010
1100001010101100100111
0010100011011011101000
1000100101100011011000
1101010010010001101111
0010111010110010101001
1101101110101011100101
1001011000001101011011
0110101000101111010111
0100101110101100100100
1111110001001010000111
2 8
00111101
10011110
50 10
1000001011
0011111010
1110100001
0101011000
0010110101
1111111101
0011011111
1110101001
1011111100
1010011101
0001001001
1010010011
1000101110
0100111010
1001100100
0011110111
0111101101
1011010010
1010011101
0100010100
1101110110
1100010100
0100011010
1000101000
1101011011
1101111000
1100010100
0010010101
1101110000
0010110011
0010110011
0011111100
1001100111
1010011011
1010011011
1100010010
0101111011
0000100011
1110000010
1011110100
1111101011
0011010111
0111100011
1001100001
0010010110
0001001001
0110101010
0101011101
1000100000
0101011110
25 20
00100001101000110011
11111001011111100101
10001001000100101111
11111001011111100101
11010000011110101111
11000100101000100001
11111100100111100011
00101111111110110001
10000110111011010100
01010100001011111111
10010101011011011000
11111001011111100101
11011100110110110110
01100011101011011001
01101100000100111101
10010101011011011000
00101101010000110101
01001001010001010111
11111001011111100101
00011011001001011111
00011000011011000111
10010101011011011000
10110000011100011011
10100101010111100010
00111001110110100100
500 1
1
1
1
1
1
1
1
1
1
1
1
1
1
1
1
1
1
1
1
1
1
1
1
1
1
1
1
1
1
1
1
1
1
1
1
1
1
1
1
1
1
1
1
1
1
1
1
1
1
1
1
1
1
1
1
1
1
1
1
1
1
1
1
1
1
1
1
1
1
1
1
1
1
1
1
1
1
1
1
1
1
1
1
1
1
1
1
1
1
1
1
1
1
1
1
1
1
1
1
1
1
1
1
1
1
1
1
1
1
1
1
1
1
1
1
1
1
1
1
1
1
1
1
1
1
1
1
1
1
1
1
1
1
1
1
1
1
1
1
1
1
1
1
1
1
1
1
1
1
1
1
1
1
1
1
1
1
1
1
1
1
1
1
1
1
1
1
1
1
1
1
1
1
1
1
1
1
1
1
1
1
1
1
1
1
1
1
1
1
1
1
1
1
1
1
1
1
1
1
1
1
1
1
1
1
1
1
1
1
1
1
1
1
1
1
1
1
1
1
1
1
1
1
1
1
1
1
1
1
1
1
1
1
1
1
1
1
1
1
1
1
1
1
1
1
1
1
1
1
1
1
1
1
1
1
1
1
1
1
1
1
1
1
1
1
1
1
1
1
1
1
1
1
1
1
1
1
1
1
1
1
1
1
1
1
1
1
1
1
1
1
1
1
1
1
1
1
1
1
1
1
1
1
1
1
1
1
1
1
1
1
1
1
1
1
1
1
1
1
1
1
1
1
1
1
1
1
1
1
1
1
1
1
1
1
1
1
1
1
1
1
1
1
1
1
1
1
1
1
1
1
1
1
1
1
1
1
1
1
1
1
1
1
1
1
1
1
1
1
1
1
1
1
1
1
1
1
1
1
1
1
1
1
1
1
1
1
1
1
1
1
1
1
1
1
1
1
1
1
1
1
1
1
1
1
1
1
1
1
1
1
1
1
1
1
1
1
1
1
1
1
1
1
1
1
1
1
1
1
1
1
1
1
1
1
1
1
1
1
1
1
1
1
1
1
1
1
1
1
1
1
1
1
1
1
1
1
1
1
1
1
1
1
1
1
1
1
1
1
1
1
1
1
1
1
1
1
1
1
1
1
1
1
1
1
1
1
1
1
1
1
1
1
1
1
1
1
1
1
1
250 2
01
10
11
01
01
10
10
10
11
01
10
01
10
11
11
11
10
01
11
01
10
01
10
10
10
10
10
01
10
01
01
01
11
11
11
10
11
01
01
01
11
01
10
01
10
11
10
10
11
10
10
10
11
10
11
11
10
01
01
11
11
11
11
01
11
10
11
10
10
01
10
11
01
11
01
01
11
01
10
11
10
10
10
01
10
01
10
10
10
11
10
11
11
11
10
11
11
10
10
11
01
10
01
01
10
10
01
01
01
01
11
11
01
11
10
01
11
10
10
01
11
01
01
10
01
01
10
10
01
11
10
10
01
11
01
10
10
11
10
01
11
10
10
01
01
10
11
10
10
01
01
10
10
11
01
01
10
01
11
10
10
11
10
01
11
10
01
01
10
11
11
11
11
10
01
01
10
11
11
01
11
10
11
01
11
10
11
01
11
01
01
10
10
11
10
11
10
01
10
01
10
01
10
01
10
10
10
01
11
11
10
10
11
11
11
11
10
11
11
01
01
01
01
10
10
01
10
10
11
10
11
10
01
10
11
01
01
01
01
11
11
10
11
01
10
01
11
10
10
10
0 0
