8 1
1
1
1
1
1
1
1
1
100 5
01111
10101
01011
00100
10001
00011
01101
10100
01100
11110
10000
01001
11011
10100
10001
01100
01011
11110
01010
01101
00011
10111
01111
11011
10111
11111
00111
00101
11101
10100
11001
00111
00101
00001
10111
00111
10101
11010
01000
10111
10000
01101
01111
10111
11011
11110
01000
11101
11110
11011
01000
10001
10011
00001
10010
00110
00100
11100
00110
01100
11111
11011
11100
10010
01101
01000
01000
11110
10101
11101
01100
01011
00100
01000
01000
00100
01000
10110
11101
10010
00110
00111
01100
11000
11001
01011
10010
11110
00100
00101
01110
01101
10001
10010
01001
10110
01011
11111
01100
00110
22 22
1101001010011110101101
1000001100110100101010
1010101110010000000001
1100001111001011011101
0001101100101110010111
0110100001100011010010
1100000111001000111100
1010011010000010011100
0100011111101111010000
0011111111100001111010
0101111110011100001001
1010000110010010111011
1111101100100000111101
0100110010101000011100
1101001010011110101101
0100001001010001011000
0100101011111101001101
1011000001101010000101
1010110000110100100101
1101001010011110101101
0111100100001110101100
1010000100100110111000
22 22
1101110100100110101110
0000100001011000111110
1100111001000100100010
1001010010110000100011
1011011010101110001110
1011111011110110110000
0101101011110100000001
0100100110010110001101
1011111011110110110000
1111100101101100000010
1101110100100110101110
1111111100111000000011
0000100001011000111110
0100100110010110001101
0000100001011000111110
1000011111010010101111
0100100110010110001101
1111111100111000000011
1111011101100000111101
0110001111010000011110
1011011010101110001110
1011011010101110001110
25 20
11101100000110100101
10110100010010110011
10000111000011011101
11101011110100000011
01010010000111100100
01100011111111100111
00111010010110110000
01101101010100110100
00100101001111000111
01011000010100010110
01011110000101011010
10000001010010010001
00010010100110001000
10110011100000010101
00011011101110010101
11111010011000001100
00011000100100010010
01111100111000111011
10000110100000110111
11100010111100011110
01101101010100110100
00110101001111100001
00000111110010100110
00110010111101000111
11001000101010001000
3 166
0000001110111101010001011101010111010111001010111010000011000000000111011001010000001110001001000110001010011000111000000110111101010001001000000001000100100101001110
1100000100001011101111011000101110010000000111011000101000110100101001010111000010110010011111000100111111100001000111001110000110010010001111100111111001010110100110
0110011110000100100100110010011110111101011011000010100110011011001010111110010001100101111110001010011001010010111010000000001001111010111101100110101011111111011101
4 125
00101001000000100000111010111111010111100011101101101000010001100101011010100100101000011001011000100000110111011111100101010
00101001000000100000111010111111010111100011101101101000010001100101011010100100101000011001011000100000110111011111100101010
00001010011001001101011110011111001101001111001110110101011010010100010101110010011010011001111000011010010100110100110111100
00001010011001001101011110011111001101001111001110110101011010010100010101110010011010011001111000011010010100110100110111100
1 8
01101101
22 22
0100010010101010001000
1001011000101100100000
1011011001000010001111
1100000100101011011101
0011000010110111011010
0000001110111101100110
0111001011101110011011
1100001000100100101011
0010111011111100101101
1101111110001100110111
0111101110111100101001
0010010110000001010000
1011011001000010001111
0010001000101001010110
1011010010110111100110
1000011111000110101100
1011010010110111100110
0001011101110100100101
1010010101011101101010
1001101011111100001101
0100101000011101110001
1110001110110000011011
45 11
10111011100
10110001001
01101010001
01011001110
01011011101
01000111110
01100101110
10011001110
01111011001
11101100010
11111100000
00000110010
11011101010
01100100110
01010100110
01000111110
10011100110
01101010001
00100011000
10011111100
01111100001
01000110001
01010010011
11101010000
00001100101
11011101010
11111110000
11100111000
10010000011
01101100011
10110010011
11010001111
00101110101
10100111001
10000110011
11010010101
01101010001
00001100010
10110100001
01110101100
00101000111
10000000001
00101000111
10011111100
11100011101
41 12
010101110011
010001111101
001001111000
001110111010
000100000110
011101000100
101110010000
101101010001
101001111100
000100110110
000111101101
110001000111
100111111011
010111011011
011001001111
000000110010
100100001000
110001010001
111100010011
100100001101
001110000001
111011010100
010011101100
101110111001
100110011100
000011001001
111101100101
010100100110
101001001100
101000001011
100001011010
001111001110
111111100100
100100110010
111100010000
000101011110
101010011000
000100110100
011011101111
100111011001
111010010011
7 8
00010001
00000011
00000010
11101101
10010101
01011111
10000001
2 8
00011101
11110000
23 21
101000110010111000100
001110011110100010010
010011111011111100110
010100111110011100010
011010100000111110000
000000011101001000000
100110101100011010110
101111110111011000000
111011001001000100010
111011010100001100010
011101111000010110100
101111110111011000000
111100001100100100110
010001010111100000010
101111110111011000000
110010001111001110100
100110001000001001101
010001010111100000010
011010100000111110000
110111100110110010100
010110010010000000110
011010111101110110000
010011111011111100110
23 21
011101011110001111100
110101001011000000101
010011110011011000110
011011001110110011111
101000110000010110010
001001111111101110101
000101111111010111000
100110011110110110000
000010001000010011101
100010100000010011100
111010000111101011011
110111101011011110111
110111101011011110111
110011111100111111001
110101001011000000101
001101000111110000001
010001110101101000111
000010100101110110011
111101110111000110000
101000111101000010110
101111001100100110000
101110001010100110001
010101100010001001001
50 10
1000001011
0011111010
1110100001
0101011000
0010110101
1111111101
0011011111
1110101001
1011111100
1010011101
0001001001
1010010011
1000101110
0100111010
1001100100
0011110111
0111101101
1011010010
1010011101
0100010100
1101110110
1100010100
0100011010
1000101000
1101011011
1101111000
1100010100
0010010101
1101110000
0010110011
0010110011
0011111100
1001100111
1010011011
1010011011
1100010010
0101111011
0000100011
1110000010
1011110100
1111101011
0011010111
0111100011
1001100001
0010010110
0001001001
0110101010
0101011101
1000100000
0101011110
1 500
11100110111000011000110110010110010000011111111011010010000011101010111110011000111100000011011000100010101010000101001110100110111111000100101110000101000111010111111011100111011111100111110001100000101001010100111001100101011010110010101000010011000010100000001111010100011001111101101110100010010100001000100110001101000010111010000001010111100100000100111010001100111111100011110110010011111101000000110010101100001100111101011010000101101000111000011001001110100101001010100011100111100011011111
125 4
1100
0111
1111
1010
1000
1100
1010
0101
1000
1000
1011
1111
1010
1110
0110
1010
1001
1010
0100
0100
0101
0100
0100
0011
1100
1011
0011
0101
1110
1011
0111
0110
1011
0011
0010
0100
0100
1011
1100
1110
0101
0010
1001
1011
1100
1100
0111
1111
1110
1001
0010
0111
1001
1100
0001
0111
1100
1011
0011
1110
1110
1010
1011
1010
1111
0110
1000
0011
1001
1011
1110
1000
1000
1011
0110
1010
1100
0111
0100
0100
0011
1010
1100
1001
1010
1100
0001
0110
0010
1111
1001
0111
1000
0111
0001
0110
1111
0010
0111
0111
0011
0111
1001
0001
0111
1101
1000
1001
1000
1101
1101
0100
0100
1100
1000
0101
1011
1000
0010
1110
1001
0101
1001
0011
0111
18 27
101000100001000110100010010
000101100010110111001011011
100111000001000111101111011
101001001011110101000011011
101001001011110101000011011
100011101010011101000100001
101001001011110101000011011
100110101011110100001110010
101100101001000010001000000
101001001011110101000011011
000100101011011010101011010
101000000010011000100011010
001111000011011111001100001
001110001010110010101100000
001010100001101000000111010
000101100010110111001011011
000101100010110111001011011
001100011011001011000001101
3 4
0011
0001
0001
25 20
00100010000000101110
10011110100101000000
10110000111100010001
01000100110101101111
10101111001111110001
00100101011011011000
01011000110011001001
10001011000101100100
11000010010010001100
10110100100010010010
10001101111010010001
00010001100001110000
00010111101100011101
10000001001100100110
00011111000110101110
10010010001001110001
11100110110110111101
01111010110101110001
10001100011101010101
01111110011000101010
11101100001011011101
10101111001111110001
11001000011110011111
11010011000110110010
11001000011110011111
31 16
1000011011110011
0011100101111110
0101100010000011
0101100101100101
0101001000101111
0011010010011100
1000100011111111
1010001110000110
0101011011111010
1001000010110000
0010010111010100
1101101010111111
1010000101000010
0000110001000101
1110011011101000
0111111011100111
1011010000000100
0011010001001101
1111001011110001
1011000000011010
1011110001000010
0110100010101000
1111001100100101
1111110010101010
0000110011110110
1111110011001001
0000011010010111
0110111100111101
0110111111100111
0100111010110000
1111100000100111
23 21
001101111000011110101
101111001110011110001
000100101101111001101
110010101110011110111
100110011001101100000
011011101001011101000
000010101100101101000
110001111011101100110
110000001100010110011
011111100110111000010
000001100111011001111
101100000111001001010
010100101110010111111
101100111001100011111
010010101111000011010
011001010100011100011
101001111000101010101
100110111101100100000
011100101001101000001
000000001000101000010
011001001101111001011
100000110111101001000
000100000111101010000
27 18
000011000001101001
100001101010100011
000100101000111111
011110100101001001
100010111010000110
110001100011011111
011111101000100100
101011110000010010
100001001010111000
101110001011111011
101100101101010111
000101110100101001
000011100111101000
101101111010000100
100101000110011101
111000010110111100
011011000011100000
010000101011000110
101000111111001110
011100101111011100
010100001110000100
111110001100001100
101100011110011000
101010111001100111
111110100110111001
010110010110001111
110010000110001111
50 10
0001100101
1111100100
0111100110
0011110110
1011011100
0100011110
1001000010
0001011010
0010111100
1100110100
0011111000
0010001100
0010000111
1100111001
1010000101
0101100100
1000101010
1000111101
1000110000
1000101010
1111011011
0011000111
1011110111
1011100011
1101000110
0000011010
0000011010
0110011001
0111010001
1111100010
1111101001
0110101011
1100011100
1100000110
0111110111
0001000000
1100101110
0110010100
1101101101
0001000000
0010100100
0111000110
1010011111
1010010010
0000110010
1011101101
1110000001
1000101010
0001000000
0100110110
2 250
0001111000010100101001100110010101011011011001001111001101001100101010101010011111000101010101100000101111001010101100000010010110100101010110001111001101011010001011100110100101110000010101011000111101110010101111110001111000011001000110110011000111
1111110000001001011111001101110111001110010101110111001011001101011111100011100001110011001001111111100111011001010010111101100000011100011011001000100101110100100011000001101100001110000010110101001111000101110111111110111111001110001100101011010101
20 25
0000110001100111101101111
0111010111000000001010001
1010011100110011011101001
0000101110001001101001101
0010011101111110100001000
0000110110110000100100011
1100111100011000110110100
0010011000010010010010111
1100001000001000101011100
1000101100111010110111001
1101100010100101010000110
1001110000101101101011101
0111001111101001111111010
1110010000011010111001011
1000011101011101011010110
1110001100000011000000011
1011110001010001110000101
1011110110000110111001001
1110101110111000000000000
0000100001011100000101100
50 10
1101011111
1100010111
0011100110
0110011010
0110100001
1000101010
1111001001
1001010111
1011001110
0111101100
0000010111
0001111001
1011001010
1010001101
0010011000
1110111011
0111010111
1011110101
1011000001
1100101100
1111001100
0110000011
0001000011
0110001100
1100010111
1101111001
1011101001
0010100010
1010101110
1110010010
1010111001
0000110100
1010101111
0111101101
0111100011
1100010110
1011011001
0110010001
1011100010
1100100011
1000110110
0111101100
0000110100
1010111001
1011111011
0110000011
0000110100
0000011001
1011000000
1010000010
2 9
101010001
010000100
1 10
0010001000
10 50
10110110101000100000001000010010110110000011101111
00000011111111010000101110100010110100100110011110
01111000010001011100010111110111011111001011110011
11110000000010110010000011000000000001101011110001
00011110110010010100000101110000100000001100011110
01010010011110100101001100010100010011000110101110
11011100101001110001010010111101100010011111111001
01010010011110100101001100010100010011000110101110
00011000010110101110001111101110001111110101001011
01010010011110100101001100010100010011000110101110
14 35
11010110000110010100001001100111001
11010111110000110111000111111010111
10000110100001000010111111101100000
00100110110101001111001001111011101
00111100011101011110000111111000110
00111010011100110110101000011010011
01011011110110100000010010110010000
01010000010111011111000110101010011
00111100011101011110000111111000110
11110110001111100010001011111110000
10111011101111100111100010010011000
10111101111011011110101001001010111
11110101000010110110001000010100010
01010111010110110100011100101001000
12 41
10010101101010100101101101010110001010011
01100010111100111010001011010001100011001
00000110001111101100100001100110111011100
00000110001111101100100001100110111011100
00001101101101101001010100011001111011011
10000011100110000100100000110101001001111
00111001000000010001001101000000111000110
00000110001111101100100001100110111011100
01001001001110100001100100010101110011011
11101110000110010000110001111100000001001
00000110001111101100100001100110111011100
00000110001111101100100001100110111011100
250 2
10
11
10
01
01
10
11
10
11
01
01
01
11
11
10
01
01
01
01
10
11
11
10
10
01
10
10
10
01
01
10
01
10
10
10
11
11
11
11
11
01
01
11
01
10
01
11
11
10
01
01
10
11
01
10
11
11
10
01
01
11
01
01
01
01
11
11
11
01
11
11
11
11
01
11
01
10
10
11
11
01
01
11
10
01
10
01
01
01
11
01
01
01
01
11
11
11
11
01
01
01
01
01
11
11
11
01
01
10
01
01
01
10
01
11
01
11
11
10
11
11
01
10
11
01
10
01
10
10
01
01
11
10
10
01
01
01
01
11
11
01
01
01
10
11
10
10
10
01
11
11
10
11
11
01
10
01
10
10
01
11
11
01
11
11
11
11
11
10
11
11
10
11
11
11
01
10
01
11
11
11
11
01
01
01
10
01
01
01
10
10
11
11
10
01
01
11
11
10
10
01
01
11
11
11
11
01
11
10
01
11
01
11
01
10
01
01
10
11
01
01
01
01
10
01
10
01
11
10
01
11
11
01
11
01
10
10
10
10
10
11
11
11
11
10
11
11
10
11
11
5 100
1001000010000001111101011111101101010010101011001001001001111010011000010001111101111101101010111110
0100111011111000010001111101100010010110100000100100100100101001011010100001110110011000011000110001
1101111001111001101100100010001111000100001011101101101101010011000010110000001011100101110010001111
0100111011111000010001111101100010010110100000100100100100101001011010100001110110011000011000110001
0100111011111000010001111101100010010110100000100100100100101001011010100001110110011000011000110001
21 23
10001001111100100000110
01010000011111111110010
01001001111001100011000
01010000011111111110010
10011111111111101000110
00011010110110000100001
11000000000101000011110
01001010101001111010011
01010101001101101100000
00100100100110110111011
00001111100101010101010
10001100101110110010100
01010000011111111110010
11011001100011011110100
01011111111010101011000
00101101000001101001000
10000110011001110101100
11001100110000001111111
10010101001000101111110
10011100101111110001101
01100001101010011000010
22 22
1101100011101001111110
0011010000111110000101
0000101101111011011000
0010010001100000100001
0101101111011000111000
0100010010000000110010
0100110010001010100100
0110100111011010111100
0101000111001001000011
1011100011110111111111
1000001110011101010000
1110110010101100111101
0110101110000010111111
0111011110001111101001
1000110101110011010100
0011101110101101010000
0000111010101000011010
1011000111111111001011
1101001001010011011011
0011100001000000010010
0110011010011010110010
1111110011101001110100
22 22
1100011011001001000101
0101001001000101001101
0001110010111110110100
1101110001000001101110
0101010001110011010010
0101001001000101001101
0101110000011001110110
1100011011001001000101
1000111000000100100011
0110101111110011101100
0000011000110110011111
0101010001110011010010
0010001100111110001010
0011100110110110100001
0100110011101001110110
0010001100111110001010
0101001001000101001101
1000000001011000011000
0101001001000101001101
1000111000000100100011
1101110001000001101110
0011100110110110100001
500 1
1
1
1
1
1
1
1
1
1
1
1
1
1
1
1
1
1
1
1
1
1
1
1
1
1
1
1
1
1
1
1
1
1
1
1
1
1
1
1
1
1
1
1
1
1
1
1
1
1
1
1
1
1
1
1
1
1
1
1
1
1
1
1
1
1
1
1
1
1
1
1
1
1
1
1
1
1
1
1
1
1
1
1
1
1
1
1
1
1
1
1
1
1
1
1
1
1
1
1
1
1
1
1
1
1
1
1
1
1
1
1
1
1
1
1
1
1
1
1
1
1
1
1
1
1
1
1
1
1
1
1
1
1
1
1
1
1
1
1
1
1
1
1
1
1
1
1
1
1
1
1
1
1
1
1
1
1
1
1
1
1
1
1
1
1
1
1
1
1
1
1
1
1
1
1
1
1
1
1
1
1
1
1
1
1
1
1
1
1
1
1
1
1
1
1
1
1
1
1
1
1
1
1
1
1
1
1
1
1
1
1
1
1
1
1
1
1
1
1
1
1
1
1
1
1
1
1
1
1
1
1
1
1
1
1
1
1
1
1
1
1
1
1
1
1
1
1
1
1
1
1
1
1
1
1
1
1
1
1
1
1
1
1
1
1
1
1
1
1
1
1
1
1
1
1
1
1
1
1
1
1
1
1
1
1
1
1
1
1
1
1
1
1
1
1
1
1
1
1
1
1
1
1
1
1
1
1
1
1
1
1
1
1
1
1
1
1
1
1
1
1
1
1
1
1
1
1
1
1
1
1
1
1
1
1
1
1
1
1
1
1
1
1
1
1
1
1
1
1
1
1
1
1
1
1
1
1
1
1
1
1
1
1
1
1
1
1
1
1
1
1
1
1
1
1
1
1
1
1
1
1
1
1
1
1
1
1
1
1
1
1
1
1
1
1
1
1
1
1
1
1
1
1
1
1
1
1
1
1
1
1
1
1
1
1
1
1
1
1
1
1
1
1
1
1
1
1
1
1
1
1
1
1
1
1
1
1
1
1
1
1
1
1
1
1
1
1
1
1
1
1
1
1
1
1
1
1
1
1
1
1
1
1
1
1
1
1
1
1
1
1
1
1
1
1
1
1
1
1
1
1
1
1
1
1
1
1
1
1
1
1
1
1
1
1
1
1
1
1
1
50 10
1101110101
0100011110
0000100100
1010101101
0101100001
0000111101
0010010101
1011001010
1111101100
1011100001
0011111011
0111111100
1101100010
1101010110
0000110010
1101001111
0100010001
1010100010
0000011110
0101001100
0110110001
1101010111
0010111110
0110000101
0010111110
0000100101
0101101110
1101010111
0010000100
0011100011
1110101100
1100010101
1011100000
1101101101
0010010011
1100000101
1000110110
1101110101
0100001110
0100000111
1001010001
0000011000
1001110011
0011010111
1111001011
1000000100
1000011010
0011001111
0100100100
1010011000
9 4
0111
1100
1011
0011
0100
1111
0110
1111
0011
20 25
1001100011001111101111000
1000010000010010010110000
0101011110110000000111000
1101001110100010010001000
1001100011001111101111000
1000010000010010010110000
0110001010011100000101010
0001101100010000101111000
0001110011000100110011001
1010110111111010100111011
0010111000100101100111011
1000010000001011011100001
0010111000100101100111011
1001100011001111101111000
0110001010000101001111011
0110001010011100000101010
0011010100110101001000011
1010110111111010100111011
1101001110111011011011001
0110001010011100000101010
166 3
101
010
101
100
111
011
010
010
011
111
101
001
111
101
110
001
110
010
010
001
011
100
110
010
100
100
110
101
110
010
111
110
111
101
101
001
011
100
110
110
111
110
010
111
111
101
010
111
011
110
001
010
101
111
110
110
010
111
001
110
110
111
100
001
111
001
010
001
011
111
101
101
111
001
110
100
110
001
010
001
111
001
111
110
001
001
011
011
100
010
010
100
111
110
011
101
101
010
001
011
111
101
001
110
111
100
001
001
111
110
001
100
110
100
101
001
101
110
110
010
100
101
110
111
101
100
001
010
001
011
011
001
001
101
011
011
110
011
101
011
010
101
011
111
011
011
111
110
001
010
110
001
110
101
110
100
111
011
111
101
111
111
101
111
101
001
21 23
10110001010001111001010
00110010101111011101101
10011001101010010010110
10001110110000001101011
01111110010010010100100
10001110110000001101011
11000111101101110101011
10001110110000001101011
10001100000101100101010
11111100111101010110111
01111001111011101011010
01101011000001000101110
00000111101001111111110
11111001110100100011010
01010000111011111000001
00110111001111100000001
00000010100110001010000
10001110110000001101011
10110011011011101101010
01111011110010100101101
10001000011101110110011
5 100
0100101101011110111011001010001011001011101011100010000110111011101000000001100000000111001110000010
1011001101010010110100010100011110001011101011100010000110111011010110000001010000111010110111010110
0100101101011110111011001010001011001011101011100010000110111011010111111110011111111000110001111101
1110101101011110111011111011101011101011101011100010000110111011000000000000000000000000000000000000
1011010010100001000100110101110100111011101011100010000110111011101000000001100000000111001110000010
16 31
0001111101011010000110000110011
0000000000000000110001100010110
0011010000011101110011110010011
1011011110000010001011011111011
1100100000100000011011110011011
1011000001100010011101000000110
1001010100010001010011000010110
1111111100100011101000101011110
0000110111111101111000101001000
1001111101010000110101111001101
0110110100001111001110100011110
1110111100100010100011111101011
0110110100111111100010010101010
1010101111000110111011001100011
1111100111111010010001011101000
0101110100101001111000100100001
2 7
1101001
1101001
21 23
00110101100010101001010
00011110011111111100000
01011010001100001011111
11010011100101110111111
10110011001001000110001
10110011001001000110001
00011110011111111100000
00100100111111000110001
11100110000111011110101
10110011001001000110001
11100110000111011110101
10110011001001000110001
00111010100000111010001
10011000110100010011011
10100010010100101001010
11110111011010110001110
10010111110110000000000
10001001101001111100000
10110011001001000110001
01011010001100001011111
00100100111111000110001
3 8
10000011
10000011
10000011
35 14
11011011100111
11010001100101
00011001011100
11101010100001
11010101110010
10011111110011
00010010100100
01101010101111
00000001110101
11000111001100
01000110010011
11011100101011
00000011111000
01011101111011
01110111110101
10110111100111
11111001111110
01011101011111
10110010011101
01011011000000
10001000011000
11011110000000
10100010011000
01000101001111
10111111001011
01111111101001
00010101011011
11110101000011
01101110110110
11111001011000
11010111100010
00110101011110
11101110011000
10101100110010
01110010001110
0 0
