5 3
101
100
001
100
101
166 3
100
111
111
010
011
001
100
111
110
010
101
011
110
001
100
010
110
001
010
101
100
001
100
011
010
100
010
101
110
011
100
101
111
110
110
010
011
011
010
111
011
010
011
011
010
001
110
010
010
010
011
111
100
100
111
010
110
001
111
101
110
110
110
111
110
100
001
011
100
010
001
001
100
001
111
111
100
010
001
101
110
001
011
100
011
010
010
101
101
011
101
010
010
111
001
110
010
111
001
101
111
011
101
010
110
111
110
110
010
100
100
110
011
010
010
011
111
110
010
001
001
101
010
001
101
110
010
101
110
011
100
010
101
111
001
011
110
110
101
101
101
011
111
011
010
110
011
010
110
101
100
011
001
010
101
110
110
101
010
011
011
100
110
110
111
010
5 100
1000011100111010110010101010010100011100100110010100000111101111001101001001010110101110000100001001
0100100010001011100011100001110010101100000011100111111000010100011110100001001100110110111101101010
0100100010001011100011100001110010101100000011100111111000010100011110100001001100110110111101101010
1100111110110001010001001011100110110000100101110011111111111011010011101000011010011000111001100011
0100100010001011100011100001110010101100000011100111111000010100011110100001001100110110111101101010
5 100
0000101001011100000101000101010011110010001111110111111000111000010000000011101111010110000101101010
0100011001000100011000110010010100100010001111110111111000111000000011000010001110100001011001110111
0000101001011100000101000101010011110010001111110111111000111000101111111100010000101001111010010101
0100101001111111110101100101011011110010001111110111111000111000000000000000000000000000000000000000
1111010110100011111010111010101100000010001111110111111000111000010000000011101111010110000101101010
31 16
1000100110010100
0100100100000010
1011000001001000
1110001100111111
0000110000100101
0010111101000101
1111010011000010
1000111001011111
1001000111001111
1101111010000111
1001101100000110
0111010101000110
1000101110000011
0010101011101101
0111001110010110
0001011100111010
0010000000111000
1111010010011101
0001101111010000
1111101000100110
0110011010110111
0001001011011000
1001000011110111
0111000110010101
1010111000100111
1011010001100011
1100011110001111
0101111001000010
0111010011111011
0001010011101001
1101011111010000
3 1
1
1
1
25 20
11100000111111001110
11100000111111001110
10011011110001100110
01000000110001010011
00011001101110001100
01010111000101001111
10100000001110011101
01010111000101001111
01010111000101001111
01010111000101001111
00110101100101101011
01010111000101001111
11000010101110111001
10110111111010000001
10001100000101111010
01010111000101001111
00011001101110001100
10001100000101111010
10110111111010000001
10001100000101111010
11001100110100101001
01101100111010110100
01001110101011000011
01010111000101001111
00110101100101101011
21 23
11101010110111001100010
00000101000000000100101
11101110000101011010110
11111100010100010110100
01100011000111000000010
10101000000110000111100
11101101100110110010000
11110100001110111100010
00011010001011100110100
01010000010001100111011
10100100011111011011001
01110001111010010001111
10110101001000110000110
10110001101110001001110
00010101011101001111000
10011100011100100011111
00100011000001010110100
10001101011111100111100
01001111110110011000101
10010100011011110100001
01010111000000011001001
3 5
10110
00111
10001
10 4
0100
0101
1101
0100
1100
1101
0100
0001
0011
1010
4 2
11
10
10
10
21 23
10001001010000111011000
00110110111010101111000
11011111100111001011000
01000111101000011111001
10001001010000111011000
01000111101000011111001
11001110111000100100001
11101001011101100100000
10001001010000111011000
10111111101010010100000
11111000000010001011001
11011111100111001011000
11111000000010001011001
00110110111010101111000
01100000001101011111000
10001001010000111011000
01100000001101011111000
10111111101010010100000
10111111101010010100000
00110110111010101111000
10011000001111010100001
2 8
00111000
01010101
50 10
1101011111
1100010111
0011100110
0110011010
0110100001
1000101010
1111001001
1001010111
1011001110
0111101100
0000010111
0001111001
1011001010
1010001101
0010011000
1110111011
0111010111
1011110101
1011000001
1100101100
1111001100
0110000011
0001000011
0110001100
1100010111
1101111001
1011101001
0010100010
1010101110
1110010010
1010111001
0000110100
1010101111
0111101101
0111100011
1100010110
1011011001
0110010001
1011100010
1100100011
1000110110
0111101100
0000110100
1010111001
1011111011
0110000011
0000110100
0000011001
1011000000
1010000010
4 125
11000011100111101110101111010111100010000010111010100001001011111101110101010101101110110111100100101001110010000001100101000
11000011100111101110101111010111100010000010111010100001001011111101110101010101101110110111100100101001110010000001100101000
11011001100001110100001111101111111000011000110011100011110101001011110110111000101001110011000001111001100000001111100110101
10111110000000011011001011101101001100001011010000111010101100011000111111110100100000100111011001000110000001110111101111000
100 5
11011
11010
01101
10110
11110
11110
11000
10101
11111
10001
01001
11110
11001
10001
11011
10010
10101
11100
11101
00110
11000
11101
10010
00110
11001
10011
10000
11001
11000
10010
01100
10011
11100
10101
11000
00011
01101
01111
11111
10001
01111
01000
00001
10110
01000
11001
10011
00001
00001
01001
11110
01000
10110
01100
11000
01000
10101
00010
10111
01011
01011
11100
01010
10110
11000
11110
10100
00100
11100
11001
01100
10101
00011
01111
11110
11000
10111
10010
00110
01100
10001
11010
01110
00100
11100
00111
10110
01101
01011
10011
01111
01000
11111
01011
11010
00011
01000
10110
00110
10010
22 22
0111110011001001101010
1000000010101001101000
0011101011011010000111
0100010101100001111011
1101010001010000100000
0100010101100001111011
1111101110101110100011
1111011010110000010111
1001100111110010011100
1110111010001010100111
1001111000101001110110
0100111101111111110011
0111110011001001101010
0000111010100010111111
1101101101011101000110
0110000100101110101001
1101000110011010010101
1001011111101010101111
0111111110111011111100
1111110110101110100011
1110101010001100011100
1101010001010000100000
50 10
0001100101
1111100100
0111100110
0011110110
1011011100
0100011110
1001000010
0001011010
0010111100
1100110100
0011111000
0010001100
0010000111
1100111001
1010000101
0101100100
1000101010
1000111101
1000110000
1000101010
1111011011
0011000111
1011110111
1011100011
1101000110
0000011010
0000011010
0110011001
0111010001
1111100010
1111101001
0110101011
1100011100
1100000110
0111110111
0001000000
1100101110
0110010100
1101101101
0001000000
0010100100
0111000110
1010011111
1010010010
0000110010
1011101101
1110000001
1000101010
0001000000
0100110110
22 22
0100111100110111111100
0111110001000110011110
0010001111000111110000
0100110100001011101111
0110101110001101000100
1101001101100011011110
0101111110001101000010
0010110000011000010010
1001011100100010011010
0110000110011000011111
1110111001101010011000
1100110111011000111101
1001010000001100011100
1001001001000101001001
1100111001000111001011
1101001101101111110010
0011100011000111011100
1101011001010011110011
0110010000101111111100
0111110011000001010000
1011100011101110011010
1011110100101000001111
23 21
000100010010111011101
010000101001001011100
010001110000001010100
110111111111100101111
111010000111010001110
101111100101100000111
111111001100101011011
001110100110010100000
010101100010110001001
011100001000111110101
100011000100010101110
111111001100101011011
010100111011110000001
010101100010110001001
110010110100011111010
101011110111011011010
000100010010111011101
111001011001110001111
111011011110010000110
111111001100101011011
010100111011110000001
101011110111011011010
010100111011110000001
1 5
11100
1 1
1
20 25
1110001010101010100011001
1011111011010010000000100
1010110011001001110000111
1010001011100100101110011
0001010010011101001010011
0011011000100011011000000
1100001110010001011100000
1101000001110001011011001
0111000011001101110000110
1011110001111101100011000
0000110100011111000011000
1001010011111110000010101
0000001110111111010000111
1101111011011011001010011
1010011101111010011100101
1000000101101111100111100
1110011101100011111011000
0011110010100010100100011
0001000101110011101111011
1111001110011000011000110
18 27
000001100100000010010011101
101100110111101101101100011
100000011111100111001011010
110100110111100101000100101
110100011101000110001010001
110111010001011010011000101
101100001011101100100001100
101110011111110000011110010
001000000111100011100000111
101101000010010001110100010
101000100001100111100101010
101001111111100111000100110
000000011001000110011000110
111000110111110010100110111
000010011011000110101001111
011011110000010110000100101
001100001001110100001101001
111100111010000100110111111
45 11
10111011100
10110001001
01101010001
01011001110
01011011101
01000111110
01100101110
10011001110
01111011001
11101100010
11111100000
00000110010
11011101010
01100100110
01010100110
01000111110
10011100110
01101010001
00100011000
10011111100
01111100001
01000110001
01010010011
11101010000
00001100101
11011101010
11111110000
11100111000
10010000011
01101100011
10110010011
11010001111
00101110101
10100111001
10000110011
11010010101
01101010001
00001100010
10110100001
01110101100
00101000111
10000000001
00101000111
10011111100
11100011101
21 23
01110011001011110111111
00101000001011110111001
01111011010010001000110
00000001000000011101110
10101111000010110100001
00110101110100010011000
11111100011011001011110
10111011100100110010111
11110101000010101001001
00100001010010010101110
10000111001001000011000
11011101001001011110000
11000001110110100111111
11100000100100110010001
11110101000010101001001
11001001101111011000110
00111100101101110001111
11000001110110100111111
11010100010000111100111
11010100010000111100111
10101111000010110100001
41 12
000010100000
101101111110
100001011000
000000010011
110110111101
000010110110
101011100101
101011100001
111000011101
100101011011
111110111111
111110011011
000101101110
001000111001
000010111100
101100101110
011100101110
101011010000
101101001000
001111001111
010011010100
001011110111
100010111010
101000010011
000010101000
001010101101
101111100111
011100101000
111100001100
110010010100
010010001010
110011111000
011000000111
111110101011
101011100001
011100111110
101101101111
010101011011
100111110100
001111001111
010000100110
22 22
1001101101100110011101
0110010011010100011101
1101001110111110100001
0011100001111100100110
0110101000011010001001
0000100111110010001001
1001010100000100100100
0110101101000110101010
0000001010000101011111
0011101011111001111001
1100111000011101101110
1110100101000111011000
1001100110001001010100
0001101111110010110001
1001111111000011010000
1011101010011101101111
1000001000000001110010
1001001111101000100111
0000111110101110100010
1011001001101111101100
0010000110010101010100
0101110111111000011100
22 22
0101100011101100000011
1111110010011110001101
0000111001000101111110
1000100111101001101010
0111010011110101010111
1111010001001001001110
0000111001000101111110
1111110010011110001101
1000011000101110100100
1000011110101100010100
1111110100011100111101
1000100111101001101010
0111101010110000101001
0101100101101110110011
0010110000011001010100
1101111011000010100111
0000111111000111001110
0000111111000111001110
0000000110000010110000
1111110010011110001101
1000100001101011011010
0111101100110010011001
2 250
0110000110001110110000100000010101010110101010001101110111011000111110011001010110001111111101000110000110100011100001101011111110111101111110100101110011101000100101011011101110010101110011001101111111100011010001001001101111011000010010110000100100
1010111111010010101100101010110011010010110111001011011011100110011110110101000010001000101000101011010001001011011100001110110010011100110100110011000011100111101110011110011001010110010011001101100100111101111101010101001000111111100111000100010111
1 500
11110001010111011101110000001101111101011110011100011101010111100110010001100011000010101000111100010001100100100011010010110001000010000111001001101110101001100001011110001000111010011001110110110111000010111010101000101000100001100110111100101011010010001001000001000011011111110101001010110110010011100010010001000000101100111110111011011101001101000001111001000111111010111010010110101101110101111000110001011101110101000010110001111000100011001011101010111010110111011010101011001000011000010101
7 5
10111
01010
10011
00111
01101
01110
11010
500 1
1
1
1
1
1
1
1
1
1
1
1
1
1
1
1
1
1
1
1
1
1
1
1
1
1
1
1
1
1
1
1
1
1
1
1
1
1
1
1
1
1
1
1
1
1
1
1
1
1
1
1
1
1
1
1
1
1
1
1
1
1
1
1
1
1
1
1
1
1
1
1
1
1
1
1
1
1
1
1
1
1
1
1
1
1
1
1
1
1
1
1
1
1
1
1
1
1
1
1
1
1
1
1
1
1
1
1
1
1
1
1
1
1
1
1
1
1
1
1
1
1
1
1
1
1
1
1
1
1
1
1
1
1
1
1
1
1
1
1
1
1
1
1
1
1
1
1
1
1
1
1
1
1
1
1
1
1
1
1
1
1
1
1
1
1
1
1
1
1
1
1
1
1
1
1
1
1
1
1
1
1
1
1
1
1
1
1
1
1
1
1
1
1
1
1
1
1
1
1
1
1
1
1
1
1
1
1
1
1
1
1
1
1
1
1
1
1
1
1
1
1
1
1
1
1
1
1
1
1
1
1
1
1
1
1
1
1
1
1
1
1
1
1
1
1
1
1
1
1
1
1
1
1
1
1
1
1
1
1
1
1
1
1
1
1
1
1
1
1
1
1
1
1
1
1
1
1
1
1
1
1
1
1
1
1
1
1
1
1
1
1
1
1
1
1
1
1
1
1
1
1
1
1
1
1
1
1
1
1
1
1
1
1
1
1
1
1
1
1
1
1
1
1
1
1
1
1
1
1
1
1
1
1
1
1
1
1
1
1
1
1
1
1
1
1
1
1
1
1
1
1
1
1
1
1
1
1
1
1
1
1
1
1
1
1
1
1
1
1
1
1
1
1
1
1
1
1
1
1
1
1
1
1
1
1
1
1
1
1
1
1
1
1
1
1
1
1
1
1
1
1
1
1
1
1
1
1
1
1
1
1
1
1
1
1
1
1
1
1
1
1
1
1
1
1
1
1
1
1
1
1
1
1
1
1
1
1
1
1
1
1
1
1
1
1
1
1
1
1
1
1
1
1
1
1
1
1
1
1
1
1
1
1
1
1
1
1
1
1
1
1
1
1
1
1
1
1
1
1
1
1
1
1
1
1
1
1
1
1
1
1
1
1
1
1
1
1
1
1
1
50 10
1101110101
0100011110
0000100100
1010101101
0101100001
0000111101
0010010101
1011001010
1111101100
1011100001
0011111011
0111111100
1101100010
1101010110
0000110010
1101001111
0100010001
1010100010
0000011110
0101001100
0110110001
1101010111
0010111110
0110000101
0010111110
0000100101
0101101110
1101010111
0010000100
0011100011
1110101100
1100010101
1011100000
1101101101
0010010011
1100000101
1000110110
1101110101
0100001110
0100000111
1001010001
0000011000
1001110011
0011010111
1111001011
1000000100
1000011010
0011001111
0100100100
1010011000
23 21
111000010110100000111
101010000100011111000
110010000011100010010
101010001011100001011
100101111100000010000
010111110011000010111
001111111011000001110
110010000011100010010
111000010110100000111
100110110001010100001
100011000110111010111
001011000011000101111
101010001011100001011
111111101111010000010
010010001011010010010
100000010100011001011
010101101000010011100
100011001001000100100
001101111010100001110
101010001011100001011
001000000001101101101
001000001110010011110
000100110100100110100
12 41
11100101001100111110110111010001001000010
00000110010011000101010101111011100100001
10000110001100010010111110100100010001100
00111010000001000110111101100110110001101
00100000101010000011000001110100111000110
00100101010001100010110000011010010111111
00110111111010001001011101100100111011011
01100111111011010110011000101100111111111
10010111110011010110111100010000111111100
11111011000101000101011101011100000101011
10101010000100000001111000100011001000111
11001110001110110111000011011100011110011
7 4
1101
1001
1001
0101
0001
0001
1100
125 4
1011
0010
1011
0111
0100
1110
1000
1001
0111
0110
1000
0011
1000
0111
0110
1101
0011
0010
0100
1101
0100
0010
1001
1100
0010
0100
1100
1110
1111
1101
0011
0001
1001
0110
1100
1011
1111
1111
0101
1101
0100
1110
1010
0100
1101
0110
0111
1011
0111
0101
0100
0110
1110
1010
0111
0110
1100
1100
1101
0100
1001
0100
1010
1001
1100
1100
0110
0111
0001
1110
0101
1111
0001
0010
0101
1111
1110
1100
0001
1100
1110
0110
0101
0111
0100
0101
0111
1000
0001
1010
1100
1111
1110
1011
0010
0111
1110
0100
0011
0110
1110
0001
1100
0110
1000
0011
1011
0001
1011
1011
1010
1000
0011
0100
0001
0110
0111
1011
0001
1101
0011
0001
0010
1000
1010
23 21
001100001100000110100
100110000000011111110
110010000000011110101
000010011000101000101
011001100001010011110
010000001111001011110
000101111111000000110
101011011010000011000
100110000000011111110
000001011101001100100
111111101010011010110
010000011001000011010
001100001100000110100
100110000000011111110
101010001100011001010
100110100110001111111
010011011110101010010
101111010101001001101
010000010010010101100
100111010110000101100
010101010110011011001
111010101110010100011
110100001010100010111
50 10
1000001011
0011111010
1110100001
0101011000
0010110101
1111111101
0011011111
1110101001
1011111100
1010011101
0001001001
1010010011
1000101110
0100111010
1001100100
0011110111
0111101101
1011010010
1010011101
0100010100
1101110110
1100010100
0100011010
1000101000
1101011011
1101111000
1100010100
0010010101
1101110000
0010110011
0010110011
0011111100
1001100111
1010011011
1010011011
1100010010
0101111011
0000100011
1110000010
1011110100
1111101011
0011010111
0111100011
1001100001
0010010110
0001001001
0110101010
0101011101
1000100000
0101011110
27 18
110101111100110010
000010011101100010
001011011010001000
001001010110101000
100011100001001011
000010011101100010
101000110000010001
011111000001011100
001011111110001101
001000000001110111
101001001000110111
100111000001101011
111110100111000010
010100001010010110
011011101011110001
001111011001111100
010100011110100100
000111010101101111
101100001010100001
100111001011100110
010110000111010001
111100011000001100
011101011100111110
010010000101000010
000110001111010100
101000101010010011
011010111101010110
10 50
01100000011001011111100110101111100011100101111011
01100000011001011111100110101111100011100101111011
01110000011100011010000100111101100011111011001101
01100000011001011111100110101111100011100101111011
01110000011100011010000100111101100011111011001101
01100000011001011111100110101111100011100101111011
00010000000101000101100010010010000000011110110110
01100000011001011111100110101111100011100101111011
11110001010001000100101110111111011101011000110111
00010000000101000101100010010010000000011110110110
250 2
11
11
01
10
11
11
01
01
10
01
01
10
01
11
01
10
11
01
11
01
11
11
01
10
11
11
11
10
11
01
01
01
11
11
11
10
01
10
10
10
11
11
01
10
11
01
01
11
01
10
01
11
01
11
11
11
10
10
11
11
11
10
10
11
11
01
11
11
01
10
01
11
01
11
10
10
10
10
11
01
11
11
01
10
10
01
11
01
10
10
11
11
01
11
11
01
01
11
11
11
11
10
01
11
10
11
01
11
10
01
11
01
11
01
11
01
01
11
11
01
10
01
01
10
01
11
10
10
01
01
10
10
10
10
01
10
10
11
11
01
11
11
11
01
10
10
11
11
01
11
01
01
01
10
01
11
10
10
11
11
11
11
11
11
11
01
10
10
01
01
11
11
10
11
11
01
01
01
11
11
10
01
11
11
01
10
11
10
01
10
11
10
01
10
10
01
11
10
11
01
11
11
10
01
01
01
10
01
01
10
01
01
10
01
01
10
10
01
11
10
01
11
11
01
10
10
10
01
10
10
01
11
11
01
11
11
01
10
01
11
11
01
01
10
11
11
01
10
11
10
14 35
00100101110101001011111101101001101
10111101011000100110111111000010111
00000000111011010100000010100110011
10011000010110111001000000001101001
00100101110101001011111101101001101
11101011101100010000111101010110011
01110011010011001010011111100000100
01110011000001111101111111111101001
01100100010010011001001001010101011
10011100100010111000001001000010101
10111001000101000100010100110110101
00001101011001011101000111101110100
11111100000010101010111101110011011
11111000100010010110100000001010011
35 14
01000000100110
01110011100110
00111111010001
11101001100001
10111011110001
10000001110010
11001111111010
01111011101100
01010001111001
01100000010010
00100110011011
01011000011110
10101111100011
11100010101101
11110000001101
10011000100101
11000000111011
01100010110000
11110000011011
11111001111010
01010100100000
11010110001011
00001000111010
11110000011011
01101111010011
11011101001111
01111011001010
01100010110000
01011000011110
00011101110111
00101001011010
11100110100000
01101010011100
01000110011111
01001101001010
16 31
1001110101011110010010010111100
0110000001101101010101100001010
0000100001101111011110000101111
1000100001110101100011010000111
1100000100001001101010010100011
0110101000111111110110100010100
0101100110001010001011110111011
0110111011110111011101000010111
0001111010001010100010000011001
1110111100011110010000010000011
0001010011011000000001000000111
1100010001100100101010000000100
1110110110010011011110110110001
1100010001100100101010000000100
0100111101101111110111110001101
0111101000101111011100000010000
25 20
11100001010111000110
00100110101100001001
01111000111100011010
10011100010100111000
00100001100010010000
11111100011011010000
11111011010101001001
11000111111011001111
10000100100111001010
10011110100101000101
11100001010111000110
11111100011011010000
11111100011011010000
01100000001111101000
10100111110100100111
01100101110000001100
11111100011011010000
11000111111011001111
10111010111000110001
10000100100111001010
11111011010101001001
01011110010000010011
10111010111000110001
11011010110111011001
10100010001011000011
20 25
1010100100010111011111110
0010111101000011001000011
0110000111111010011110100
0011101101011111111010000
0000011001111111110010111
0100011000100111011111111
1110001110010101000110101
0011011100111110010111001
1001100111011101000101101
1101110001110101110000000
1001011101010100000011110
1100110000010010100101011
0001110010000010111011011
0100110011011111111111000
1110010111001000100000110
1001000100001001100101101
1010100100010111011111110
0111011000100011101111101
0111010000000101101110110
0001111111110111000000110
3 166
1000100011100010010110111110000101100100010010101010001011110011001001000100101111011001000000010100011100111100001111111100111101010111010110001000001011111000110010
0000011011100110110001010111001000010010110101110010001111100111001101001001000111000011110001100111111011100111101101001010100001000101101101001100011010011011110010
1000100011100010010110111110000101100100010010101010001011110011001001000100101111011001000000010100011100111100001111111100111101010111010110001000001011111000110010
22 22
0110111110101110111011
1011001001010101111100
0010011000000000011101
0001110010101011000100
0100001011010010010001
0100111100001111111011
0011101010101011011001
1101001000111011101011
0010010000011101011011
0001011111010111110011
1000100011111110100101
1000100011111110100101
0111011110111001100100
1011100100101001001011
1100011111110001011110
1010111011111110111000
1000100011111110100101
0100110100010010111101
1110001111101100000101
1010111011111110111000
0111010110100100100010
1100011111110001011110
0 0
