1 500
11101110011111110111010000111001101110010110000101010110011101101010001000110000001111011111001100010111110010000011110110000110001101010001111001001101001111110111101111010111000110110100010110011100000000110101010001011100101010100000011011111111111011110100101011010011011001001001110010010010110101110011000101111100000111110011000001000100011000101011110100111101010101010001110100110110000011111111101001101000101010111111100111110101100000011101110110011110100001111010001001001010001001011011
7 7
1011101
1111111
0000001
0010111
0101011
1100000
1100000
1 1
1
27 18
010101100001101110
001011011001000001
110001000111001110
111001110001110101
001100100100000001
100011011011100000
111111101100100011
000111111001001110
100110101111110011
010111101010001100
000011101111111010
001111001011111011
000011101111111010
011110111000101111
001001010010100011
100000000001111010
010101100001101110
101010001001000011
111010011110001111
011100110011001101
000010001011100010
001010111101011001
011110111000101111
010010011100101110
101100100001110101
010001000010111010
000000110101100000
20 25
0000111011001010101000000
1000111011010000111111101
0111100011001001111110010
1000010110001101111010101
1010001010000001010011100
1001000100000000111001000
1110111011011100001001100
0111000001000110001111101
0001001110000001011010110
0010001000010100101010100
1100000000010110010001110
1010001010000001010011100
1101001110000111011010111
1100001110010011011101101
0001111010010000000000011
1001001100010100100011110
0110101110011001110100111
0101101100011011111010111
1110001101010010101100011
1000010000011100101100000
22 22
1000001000110101000101
1101100011110011011101
1101100011110011011101
0010101011001010101110
1010111000010011001100
1010100011011100100110
0111011100001001000111
1011001001100100010110
1000000100011010110000
0000010101001101011100
1101100011110011011101
1001101001001011010110
1100011001000011111101
0101100000000000111011
0110110000010111110011
1111110011111000111111
0001001011100010100000
1110110011010101000100
1000010100000000111100
0100001010001000000011
1000011000010110111001
0110111101010100011001
14 35
01001000001010000100010001101110101
10110000000001010001101100100100101
11000001110010100101011110001110110
11000001111110010100100110001101100
11111001001010100001101110000100000
10000010000100101100101101011011001
11111001001010100001101110000100000
00001011111001011100101010100101110
10000000110000011000111001010011000
00110010001010110110000000001111111
01001000110101010011000010111100110
11001011111001101011001100110100001
11111101111001000101110001100100110
10110001000000100101111111101010101
25 20
11001011110010011011
10011010111001101000
11001001000101001010
01110100101100011101
01000011100001100100
10110010110000101000
10101001001001001011
10110101101011111001
10100001010011100101
01011111011101010011
11110000010010100011
10101101111110100101
10001101100111111110
00110001100101001011
00100000000001100101
10010111101101000001
11010100010011101101
10001110111011001101
01100011100001110011
00010010011001100010
11000101111110000000
11111101111011111011
01010010101011000011
11000011000000111001
00011101010001100001
5 100
1111011100101110101101110101011100101100110110101100000110000010010010111100011101000101010100001110
0101110000001010010101101001111001001100110110101100000110000010111000001110001110100100100110011000
1111110011101011111101101001111111001100110110101100000110000010000000000000000000000000000000000000
0101110000001010010101101001111001001100110110101100000110000010000111110001110001011011011001100111
1010001111110101101010010110000110111100110110101100000110000010111000001110001110100100100110011000
22 22
1111101111111001110000
0110001000000101111111
0110100110110010110110
1001010100011100001000
0111000110010001011101
0101000011110011100100
0111000110010001011101
0000000101011010011011
1000110111101001111100
0101111000110111011110
1101000100101100000000
1001001001001011000110
1010101111110001001010
0101101101000100101101
1011010001111110110001
0001111111111101011011
1100001101011000011111
1010011001100110010111
0010000101100010111001
0001100000100011101011
1100100010000011101111
1011001101101001000110
16 31
1101000111100010100111110110001
0111000101010111001110000111100
0110000100100001111010111000100
1110011000011001011111101001100
0011011111101110101100001110111
0011011111101110101100001110111
1110011000011001011111101001100
1000111000001111011101111011000
1001111111001110100000111100001
0011011111101110101100001110111
0011001000011111000111100001000
0011011111101110101100001110111
1100111001111010010000011110110
0011011111101110101100001110111
1101000111110111110011100111011
0010101110011011011100100110000
4 125
11011000011001110101000100011001010100000110101111011010100101001110011101010001011111101001010101010100100000011000100010111
00010100010000001100011100100010101100010011000001001000010000111011010100110010111100010011011010011100100111111101110001011
00010100010000001100011100100010101100010011000001001000010000111011010100110010111100010011011010011100100111111101110001011
00010100010000001100011100100010101100010011000001001000010000111011010100110010111100010011011010011100100111111101110001011
9 5
11101
10010
01001
11011
00110
11110
10000
10110
01101
500 1
1
1
1
1
1
1
1
1
1
1
1
1
1
1
1
1
1
1
1
1
1
1
1
1
1
1
1
1
1
1
1
1
1
1
1
1
1
1
1
1
1
1
1
1
1
1
1
1
1
1
1
1
1
1
1
1
1
1
1
1
1
1
1
1
1
1
1
1
1
1
1
1
1
1
1
1
1
1
1
1
1
1
1
1
1
1
1
1
1
1
1
1
1
1
1
1
1
1
1
1
1
1
1
1
1
1
1
1
1
1
1
1
1
1
1
1
1
1
1
1
1
1
1
1
1
1
1
1
1
1
1
1
1
1
1
1
1
1
1
1
1
1
1
1
1
1
1
1
1
1
1
1
1
1
1
1
1
1
1
1
1
1
1
1
1
1
1
1
1
1
1
1
1
1
1
1
1
1
1
1
1
1
1
1
1
1
1
1
1
1
1
1
1
1
1
1
1
1
1
1
1
1
1
1
1
1
1
1
1
1
1
1
1
1
1
1
1
1
1
1
1
1
1
1
1
1
1
1
1
1
1
1
1
1
1
1
1
1
1
1
1
1
1
1
1
1
1
1
1
1
1
1
1
1
1
1
1
1
1
1
1
1
1
1
1
1
1
1
1
1
1
1
1
1
1
1
1
1
1
1
1
1
1
1
1
1
1
1
1
1
1
1
1
1
1
1
1
1
1
1
1
1
1
1
1
1
1
1
1
1
1
1
1
1
1
1
1
1
1
1
1
1
1
1
1
1
1
1
1
1
1
1
1
1
1
1
1
1
1
1
1
1
1
1
1
1
1
1
1
1
1
1
1
1
1
1
1
1
1
1
1
1
1
1
1
1
1
1
1
1
1
1
1
1
1
1
1
1
1
1
1
1
1
1
1
1
1
1
1
1
1
1
1
1
1
1
1
1
1
1
1
1
1
1
1
1
1
1
1
1
1
1
1
1
1
1
1
1
1
1
1
1
1
1
1
1
1
1
1
1
1
1
1
1
1
1
1
1
1
1
1
1
1
1
1
1
1
1
1
1
1
1
1
1
1
1
1
1
1
1
1
1
1
1
1
1
1
1
1
1
1
1
1
1
1
1
1
1
1
1
1
1
1
1
1
1
1
1
1
1
1
1
1
1
1
1
1
1
1
1
23 21
100100000011011000110
110101100010010111100
010011001111101001011
101110001111110001011
111101001111101010100
011011011110110111100
000100110100000001110
111100011100111110010
100101000011110100110
101001011001101101001
110100111101010100111
101010101000001000011
111110111010001111010
001000100101101010001
011111111101110000100
000100010111110011110
111110111010001111010
000111100010010110000
010111001010000001110
010110110001010101000
001000110111110001010
110110011111100101011
011100110111101101000
23 21
100011001111010111111
110100001101101000110
100001111101011011010
010010001010101000101
111010011101010000100
110001100111100000010
111001001110110110001
001101000110000001111
110100010100101110001
010101000000110100100
010000111110101111101
101110100100110100000
100000001100000010100
100110010010111001010
110100101010010111101
000100001100111101100
011011001100111010101
110000110100001011111
000000100101111100110
011010000110000010010
011001100111100011010
000011011111100010011
011100110111100111000
45 11
10111011100
10110001001
01101010001
01011001110
01011011101
01000111110
01100101110
10011001110
01111011001
11101100010
11111100000
00000110010
11011101010
01100100110
01010100110
01000111110
10011100110
01101010001
00100011000
10011111100
01111100001
01000110001
01010010011
11101010000
00001100101
11011101010
11111110000
11100111000
10010000011
01101100011
10110010011
11010001111
00101110101
10100111001
10000110011
11010010101
01101010001
00001100010
10110100001
01110101100
00101000111
10000000001
00101000111
10011111100
11100011101
4 2
01
01
10
01
21 23
00001010010000100111100
01000111101110001110000
10100110111110101101111
10100101011100000110111
11000000110000110111000
00111001110011110011100
01110111100010101101001
10111101000010111101101
11001111100110110101010
01001111010011111000100
00110000000001111111000
11101010001111111110011
10011001111101010011101
10001110110101101010101
10100100011110100000110
00100111000100011010001
00100111000100011010001
00001000111101110110100
00011110110111101001101
01001010010110010000011
11100010110010001000111
3 166
1110010000000100110100010111011010000010100010010100101011100100101001000001011000000110001110110001110101000011110011010100011011111011101010000111111100101111011000
0011110111111100101101101000111010001101000010001110111110000100111111000100110101001000100011000100100100001100011000111110010001011011110001110001011011010011011011
1100001001110001101101100100110100110000001011100101000100001101110010101100010110010001011101110111000010100110011111001001001110010010110101001101011110111101110111
12 41
00011111100111110010100010110011000000110
01011110010001001100001000010011110100100
10000010110000100011000001101010100001101
10001001001000001000110010100001001000110
00011001101001110101101111000000110101100
11000110101001111011110111111110000110110
01001001011101111111001000000010001001000
00011010111010011111111110101001100001101
00100010101110111010110000001100010001100
11010111100111111111001001011110100101000
11100000000111010101001101001001100101110
11101001111101011101001010001000100000011
2 4
1110
1000
5 9
110001000
011001010
110110010
100011110
010110100
22 22
1100101101100001001101
1000101000000011100001
1101000001100110001101
1101000001100110001101
1101000001100110001101
1000101000000011100001
1000101000000011100001
1101000001100110001101
1000101000000011100001
0101101001100101101100
1101000001100110001101
0101101001100101101100
0101101001100101101100
0100000101100010101100
1101000001100110001101
1100101101100001001101
0100000101100010101100
1000101000000011100001
1101000001100110001101
1101000001100110001101
1000101000000011100001
0110000011111101000110
20 25
1010101000011010101000011
1000110110001101110101100
1111111100110100110100000
0110100011011001110011000
0101000010100101101100101
0011110100111110001100110
1001111001001010101011000
1111001111101000100011101
1100100000010100100100000
1111110001000100100111011
1011011010110010000011010
1110100101001011100000010
0100100010110000111101101
0101001000010000100000110
0111100001101110111110111
1010101000011010101000011
0011111100110001110000000
0111000111001001010010111
1110000010010000000000110
0100001010110001100001010
6 10
0001101101
1111100010
0000110010
1011000110
0100001001
0100111001
35 14
11111100111001
10101011110000
11000101010100
10010110101000
10000111110010
11000010011100
00011101001111
00100101111100
00000111100111
00100011110011
00101011101001
00101111001110
01110101000010
10100110111101
11111100111001
10110010010110
11101101100110
01001010100100
10000111111010
10100001110011
01110001010001
00011100000000
10011001111100
00001000101000
10001110110000
10001111000101
10011101001010
10010010111111
00111111001101
00110100000100
00011011000100
00000001101011
00000000000101
10010111100111
00110101101100
250 2
11
10
11
01
01
11
11
10
11
11
11
01
10
10
11
11
01
10
01
11
10
11
11
01
10
01
11
10
01
11
01
01
10
10
11
01
10
11
10
01
10
01
10
11
11
11
11
01
01
11
10
10
10
11
01
11
01
11
11
11
10
01
11
11
01
10
01
10
11
11
11
10
01
01
10
01
01
10
11
10
10
10
01
01
11
10
01
01
10
10
11
11
01
10
11
11
10
11
10
11
10
01
10
01
01
01
10
01
11
01
01
10
10
11
01
10
10
11
10
01
11
01
11
11
10
01
11
10
01
10
11
01
10
01
11
11
11
10
11
11
11
01
11
11
01
01
10
11
10
10
10
11
11
11
01
01
11
01
11
10
11
01
11
11
11
11
11
11
01
10
01
10
10
01
10
10
01
11
01
11
11
11
10
01
11
01
01
10
01
01
11
01
10
11
10
01
11
01
10
11
01
11
11
11
01
11
11
10
10
11
01
01
11
11
11
11
01
10
01
10
10
10
10
01
01
11
10
10
11
01
11
10
10
11
11
10
10
11
11
01
10
10
01
01
10
10
01
11
10
10
9 3
110
110
010
111
111
110
001
001
110
100 5
11100
11111
10111
11110
01011
10101
01001
11110
10110
01111
01100
10110
10011
01010
11110
11001
11000
01110
01100
01111
10111
11010
01001
01000
01011
01011
01010
00111
10011
01000
11100
11100
01110
01110
11011
10100
11000
11110
10001
10101
01101
11111
10011
10110
01101
10101
10000
00100
01110
01100
01111
11011
10001
01101
01001
11111
10111
00010
01001
11010
11100
10110
00001
11111
10011
11100
00010
01000
00010
01011
01000
00100
01111
10100
10000
00111
11000
10000
01010
01111
01111
10001
11010
01110
00100
11111
01101
10110
10101
01011
10111
00001
11111
00101
11100
11101
11110
11110
01100
10110
18 27
011000011001010011101111100
011100010111011101011100010
011011011010101111111010011
011100010111011101011100010
010100100010000010100011001
110111101100100101000110000
011100010111011101011100010
011100010111011101011100010
000011000011111100010101111
000111001101110010100110001
001011110110100011101010100
111000010100001000011111010
100000001101011011110000110
000011000011111100010101111
111100011010000110101100100
111100011010000110101100100
011011011010101111111010011
101011111011111000011010010
10 50
11100000110011101110111001011001100000001011011011
10011000100010000110001000110000100101111011110110
00110111100100011110001010011100111010001100111001
01111001111011101010110100010110010011100000101101
00010010010111111011111110000001011010001100011001
10010101100001011110100110100110110101000111000110
11010000111111101111001001011001011111011001110011
11010101011000001111111100111110011110110000000001
00111000101110000101001100100000100111011010110010
01011111100101000011011000110101000011000000100101
50 10
1000001011
0011111010
1110100001
0101011000
0010110101
1111111101
0011011111
1110101001
1011111100
1010011101
0001001001
1010010011
1000101110
0100111010
1001100100
0011110111
0111101101
1011010010
1010011101
0100010100
1101110110
1100010100
0100011010
1000101000
1101011011
1101111000
1100010100
0010010101
1101110000
0010110011
0010110011
0011111100
1001100111
1010011011
1010011011
1100010010
0101111011
0000100011
1110000010
1011110100
1111101011
0011010111
0111100011
1001100001
0010010110
0001001001
0110101010
0101011101
1000100000
0101011110
21 23
01111000101000101110010
10000000100010010110011
10000000100010010110011
10000000100010010110011
10000000100010010110011
10000000100010010110011
10000000100010010110011
11111010011110011011101
01111000101000101110010
01111010111100001101110
01111001011100000101111
00000001110100101011101
10000000100010010110011
10000000100010010110011
10000001010110111101110
01111000101000101110010
10000000100010010110011
11111001111110010011100
11111000001010111000001
10000000100010010110011
11111001111110010011100
50 10
1101011111
1100010111
0011100110
0110011010
0110100001
1000101010
1111001001
1001010111
1011001110
0111101100
0000010111
0001111001
1011001010
1010001101
0010011000
1110111011
0111010111
1011110101
1011000001
1100101100
1111001100
0110000011
0001000011
0110001100
1100010111
1101111001
1011101001
0010100010
1010101110
1110010010
1010111001
0000110100
1010101111
0111101101
0111100011
1100010110
1011011001
0110010001
1011100010
1100100011
1000110110
0111101100
0000110100
1010111001
1011111011
0110000011
0000110100
0000011001
1011000000
1010000010
22 22
1001001001110011111111
1010101011001001110011
1011110111100110101000
0101100111000111100100
0101100111000111100100
1110010000100001001100
0100011110100001011111
0010001011010101100100
0011010111001100100000
1101000111011011110011
0011010111111010111111
1000010101101010111011
0001101001101111101000
1000100000011100010111
1000010101101010111011
1011110111100110101000
1111101001000111110111
1111001100111000001000
1110010000100001001100
0100111011101000111111
1001111100110011001100
0011010111111010111111
6 5
00111
00001
00101
00101
00011
00110
25 20
11000111110001101010
00010000100101101111
10011111011000100000
10101011010001110000
01010010110001100111
10000110001100010010
11100011111011001011
11111010101111111001
10100011110101001001
11111010101111111001
01111100100011101011
10101010100010001010
00010101100110001100
01100101110111011001
10010110010111100010
01111100100111100010
01000001111101111000
10000111000001110111
10111010000111100101
10100000011100111001
01011000101001001010
00100100001010100001
11100000001010111010
01111101010000010001
11100011111011001011
5 10
1111110111
0111011000
1000101111
1111110111
0111011000
23 21
000110110011000110000
000011010010111110001
011010000110110010100
100010010101011101010
101010011110000110111
101101000010011011010
001000101010100010101
110011000110101001100
001011100010100000101
001000111100010111101
100101011001101000110
101000110110101000011
011001101110001110010
100000111011110100110
100101001111000000111
001000010000111100111
111100010000100110000
001111011110010001101
110011000100110000110
011000011001111101001
010010000000011011100
001000010000110111101
001001101110000110010
22 22
1000110100010000011100
1111011001011001100011
1111111010110100100010
0001100111100000000011
0000100000001101101100
1111111010110100100010
1110011101010100100001
0000110110000111010100
1100011000110100110111
0011011100110001111110
1101110111100010001011
0110010100010101111011
1000010100011101110000
0100110010011000101100
1111001100110011110110
0110000001111111101110
1100101110110011100011
0101111110100011010001
0010001101010110101001
1001000010000010010100
1010010001111101100110
0001100111100000000011
21 23
11101101011100101011110
10111001110111010010111
11101101011100101011110
01101000111011001111100
11110111100001010011000
10011111011010011100100
00010111010111011100101
10111011010111111000100
10001000001101000000001
01010110001011010011010
01010110001011010011010
10110100011101110110100
01110010000110110111010
00101001100111000000011
01010110001011010011010
10011101111010110110111
00100110011101001110010
01111111101100010011001
10111011010111111000100
11110111100001010011000
10101100000000100100001
2 250
0000000010011010011001100010111111010110111101010110111111110100011101010010010000110010011001000001001110111111111011111001111100110010010100001000101000100011111000100110101111101000010000100001001100111001000110111110011001100111011001011010100101
1011110100101100110100011100101001010000000010111101010001110011101011010110011101001110010001111111111101101001111011001100111110011100111110011101011010011101101111011110111100111011001000111100011111000100001101001010100110000001000111110111000000
50 10
0001100101
1111100100
0111100110
0011110110
1011011100
0100011110
1001000010
0001011010
0010111100
1100110100
0011111000
0010001100
0010000111
1100111001
1010000101
0101100100
1000101010
1000111101
1000110000
1000101010
1111011011
0011000111
1011110111
1011100011
1101000110
0000011010
0000011010
0110011001
0111010001
1111100010
1111101001
0110101011
1100011100
1100000110
0111110111
0001000000
1100101110
0110010100
1101101101
0001000000
0010100100
0111000110
1010011111
1010010010
0000110010
1011101101
1110000001
1000101010
0001000000
0100110110
50 10
1101110101
0100011110
0000100100
1010101101
0101100001
0000111101
0010010101
1011001010
1111101100
1011100001
0011111011
0111111100
1101100010
1101010110
0000110010
1101001111
0100010001
1010100010
0000011110
0101001100
0110110001
1101010111
0010111110
0110000101
0010111110
0000100101
0101101110
1101010111
0010000100
0011100011
1110101100
1100010101
1011100000
1101101101
0010010011
1100000101
1000110110
1101110101
0100001110
0100000111
1001010001
0000011000
1001110011
0011010111
1111001011
1000000100
1000011010
0011001111
0100100100
1010011000
41 12
101101010101
001000010010
110011110110
010100111011
100011011000
110010011001
110011011011
101001110001
000001101100
000001111111
010011110110
010000000010
100100011011
011011110100
110111000001
000011111111
110100110101
010111111000
001110110010
001000011111
111100000111
001010000101
011000011101
111110011100
000111100100
011001100001
100011111100
001011101011
000010110111
110111000001
110001100111
101101110000
000111101111
100111100010
000111101111
011110110000
011111010011
101010000101
000111101111
100001101110
110011011010
31 16
1100001111111011
1111011000010010
0100011111010101
0101110111100001
1111111001111000
1001000101111110
1100101000011000
0101110111100001
1011100011101110
0111011001000010
0010010101000101
1001000101111110
1101101001000000
1101001010100001
0001010001010011
1101001010100001
1100101001110000
1001101111100100
0101100111101011
0101010110001011
1101001010100001
0011101100110001
0011011101011000
0001101000110100
0110101010011000
0000111110010000
0111110001000100
0010110011011001
1111100111111111
1111111001111000
0111110101011000
125 4
1110
1101
0011
0001
1000
0101
1011
0010
1011
1010
0111
1111
0111
0011
0111
1111
0100
1101
0100
0001
0010
1110
0001
0110
1100
0010
1100
0111
1000
1010
1101
0011
0010
1110
1111
0011
1111
0101
1010
1000
1101
0001
1011
0010
1110
1011
1011
0001
0001
0001
0011
0101
1110
0011
0110
1010
1100
0100
1001
0101
0010
1110
0110
0111
1011
1010
1001
1101
0110
1011
0011
1010
0101
0100
1110
1111
0110
1110
1101
1000
0010
1001
0011
0010
1011
1100
1101
1111
1010
0010
0001
1101
0011
0111
0010
0100
1100
0001
1010
1101
1101
1100
1001
1111
1100
0111
1011
0001
0011
1101
1110
1110
0001
1101
0101
1111
1001
1111
0001
0010
1110
1101
0011
1001
0111
5 100
0001110000011111010110110010100010100011001100010000010000000101011010110111100100000001100000101100
1100000111100010101111001010010100010111100001010011011100010010101010100100000000110110101011110011
0100101010011010001000011011100001100011001110110110010110100100000011001001111111100111001111011011
0111001110101101001010100001001001010100100001110100001101001010110111101001101010010011011000000101
1111101001011010001001100100000011110100101110011110101110001000000010001110011001010010100001010010
166 3
101
001
110
011
110
101
100
010
001
001
010
111
001
111
001
110
111
101
111
100
110
100
111
111
110
001
101
011
101
011
101
111
001
100
010
001
011
110
110
100
101
011
110
100
111
001
110
011
110
001
010
110
011
101
101
101
010
001
001
010
010
111
001
111
101
100
111
010
001
100
110
100
010
110
010
001
011
111
100
101
011
101
011
101
011
100
010
101
001
011
110
111
001
010
101
010
110
010
011
100
001
001
110
110
011
101
001
010
110
001
101
010
001
111
001
011
011
001
010
011
111
001
011
101
010
101
001
110
010
101
011
110
001
010
001
001
010
011
110
111
110
110
010
110
001
101
010
010
100
011
110
101
001
010
010
111
110
100
111
111
110
001
100
111
111
101
0 0
