2 3 25 30
2 3 55 60
2 3 85 90
2 5 63 70
2 7 33 42
2 7 75 84
2 9 55 66
2 13 63 78
2 15 85 102
2 19 93 114
2 25 33 60
2 25 63 90
2 25 93 120
2 33 49 84
2 33 55 90
2 33 75 110
2 33 85 120
2 33 91 126
2 49 75 126
2 55 63 120
2 55 75 132
2 55 93 150
2 63 75 140
2 63 85 150
2 63 91 156
2 75 91 168
2 85 93 180
3 4 35 42
3 4 77 84
3 5 22 30
3 5 52 60
3 5 82 90
3 7 32 42
3 7 74 84
3 7 95 105
3 8 55 66
3 10 65 78
3 11 52 66
3 13 62 78
3 14 85 102
3 16 95 114
3 17 82 102
3 19 92 114
3 22 35 60
3 22 65 90
3 22 95 120
3 25 32 60
3 25 62 90
3 25 77 105
3 25 92 120
3 32 49 84
3 32 55 90
3 32 85 120
3 32 91 126
3 35 46 84
3 35 52 90
3 35 82 120
3 35 88 126
3 46 77 126
3 49 74 126
3 52 65 120
3 52 77 132
3 52 95 150
3 55 62 120
3 55 74 132
3 55 92 150
3 62 85 150
3 62 91 156
3 65 82 150
3 65 88 156
3 74 91 168
3 77 85 165
3 77 88 168
3 82 95 180
3 85 92 180
4 5 21 30
4 5 51 60
4 5 81 90
4 9 65 78
4 11 51 66
4 11 95 110
4 15 95 114
4 17 81 102
4 21 35 60
4 21 45 70
4 21 65 90
4 21 95 120
4 35 45 84
4 35 51 90
4 35 81 120
4 35 87 126
4 35 91 130
4 45 77 126
4 45 91 140
4 51 65 120
4 51 77 132
4 51 95 150
4 65 81 150
4 65 87 156
4 77 87 168
4 81 95 180
5 6 99 110
5 7 58 70
5 7 93 105
5 9 16 30
5 9 46 60
5 9 76 90
5 9 91 105
5 11 94 110
5 16 39 60
5 16 49 70
5 16 69 90
5 16 99 120
5 21 34 60
5 21 44 70
5 21 64 90
5 21 94 120
5 22 33 60
5 22 63 90
5 22 93 120
5 27 28 60
5 27 58 90
5 27 88 120
5 28 57 90
5 28 72 105
5 28 77 110
5 28 87 120
5 33 52 90
5 33 72 110
5 33 82 120
5 34 51 90
5 34 81 120
5 34 91 130
5 39 46 90
5 39 76 120
5 39 86 130
5 44 91 140
5 46 69 120
5 46 99 150
5 49 51 105
5 49 86 140
5 51 64 120
5 51 94 150
5 52 63 120
5 52 93 150
5 57 58 120
5 57 88 150
5 58 77 140
5 58 87 150
5 63 72 140
5 63 82 150
5 64 81 150
5 69 76 150
5 72 88 165
5 76 99 180
5 81 94 180
5 82 93 180
5 87 88 180
5 91 99 195
6 14 85 105
6 15 49 70
6 39 85 130
6 49 50 105
6 49 85 140
6 49 99 154
7 8 27 42
7 8 55 70
7 8 69 84
7 9 26 42
7 9 68 84
7 15 20 42
7 15 48 70
7 15 62 84
7 18 45 70
7 18 80 105
7 20 57 84
7 20 78 105
7 20 99 126
7 25 38 70
7 26 51 84
7 26 93 126
7 27 50 84
7 27 92 126
7 32 45 84
7 32 87 126
7 33 44 84
7 33 65 105
7 33 86 126
7 38 39 84
7 38 81 126
7 38 95 140
7 39 80 126
7 44 75 126
7 45 74 126
7 45 88 140
7 48 50 105
7 48 85 140
7 48 99 154
7 50 69 126
7 51 68 126
7 55 78 140
7 55 92 154
7 57 62 126
7 58 75 140
7 62 99 168
7 65 68 140
7 68 93 168
7 69 92 168
7 74 87 168
7 75 86 168
7 80 81 168
8 9 85 102
8 13 57 78
8 19 87 114
8 25 27 60
8 25 57 90
8 25 77 110
8 25 87 120
8 27 49 84
8 27 55 90
8 27 85 120
8 27 91 126
8 49 69 126
8 55 57 120
8 55 69 132
8 55 77 140
8 55 87 150
8 55 91 154
8 57 85 150
8 57 91 156
8 69 91 168
8 85 87 180
9 10 95 114
9 11 46 66
9 13 56 78
9 16 35 60
9 16 65 90
9 16 95 120
9 17 76 102
9 19 86 114
9 25 26 60
9 25 56 90
9 25 86 120
9 26 49 84
9 26 55 90
9 26 85 120
9 26 91 126
9 35 40 84
9 35 46 90
9 35 76 120
9 35 82 126
9 40 56 105
9 40 77 126
9 46 65 120
9 46 77 132
9 46 95 150
9 49 68 126
9 55 56 120
9 55 68 132
9 55 86 150
9 56 85 150
9 56 91 156
9 65 76 150
9 65 82 156
9 68 91 168
9 76 95 180
9 77 82 168
9 85 86 180
9 91 95 195
10 11 45 66
10 14 81 105
10 17 75 102
10 18 77 105
10 35 39 84
10 35 81 126
10 39 56 105
10 39 77 126
10 45 77 132
10 65 81 156
10 77 78 165
10 77 81 168
11 14 85 110
11 15 40 66
11 15 84 110
11 16 39 66
11 21 34 66
11 24 75 110
11 25 74 110
11 27 28 66
11 27 94 132
11 28 93 132
11 34 65 110
11 34 87 132
11 35 64 110
11 39 82 132
11 40 81 132
11 45 54 110
11 45 76 132
11 46 75 132
11 49 94 154
11 51 70 132
11 52 69 132
11 52 91 154
11 57 64 132
11 58 63 132
11 63 80 154
11 69 85 165
11 70 84 165
11 93 94 198
12 28 65 105
12 33 65 110
12 63 65 140
12 65 88 165
13 14 51 78
13 15 50 78
13 20 45 78
13 21 44 78
13 22 95 130
13 25 92 130
13 27 38 78
13 32 33 78
13 32 85 130
13 35 82 130
13 42 75 130
13 44 99 156
13 45 72 130
13 45 98 156
13 50 93 156
13 51 92 156
13 55 62 130
13 56 87 156
13 57 86 156
13 62 81 156
13 63 80 156
13 68 75 156
13 69 74 156
13 77 92 182
13 87 95 195
14 19 81 114
14 21 25 60
14 21 55 90
14 21 85 120
14 25 51 90
14 25 66 105
14 25 81 120
14 25 91 130
14 36 55 105
14 40 51 105
14 51 55 120
14 51 85 150
14 51 91 156
14 55 63 132
14 55 81 150
14 81 85 180
15 17 70 102
15 18 77 110
15 19 80 114
15 20 49 84
15 20 91 126
15 21 34 70
15 24 91 130
15 33 62 110
15 34 35 84
15 34 77 126
15 34 91 140
15 35 76 126
15 39 76 130
15 40 77 132
15 48 77 140
15 49 62 126
15 49 76 140
15 50 91 156
15 55 62 132
15 62 63 140
15 62 91 168
15 65 76 156
15 76 77 168
16 17 69 102
16 23 99 138
16 33 35 84
16 33 77 126
16 35 39 90
16 35 69 120
16 35 75 126
16 35 99 150
16 39 65 120
16 39 75 130
16 39 77 132
16 39 95 150
16 49 75 140
16 65 69 150
16 65 75 156
16 65 99 180
16 69 95 180
16 75 77 168
16 95 99 210
17 21 64 102
17 22 63 102
17 27 58 102
17 28 57 102
17 33 52 102
17 39 46 102
17 40 45 102
17 55 98 170
17 58 95 170
17 65 88 170
17 75 78 170
17 88 99 204
17 93 94 204
18 45 77 140
18 70 77 165
19 20 75 114
19 21 74 114
19 26 69 114
19 27 68 114
19 32 63 114
19 33 62 114
19 39 56 114
19 44 51 114
19 45 50 114
19 75 96 190
19 85 86 190
20 28 57 105
20 35 99 154
20 36 49 105
20 45 91 156
20 49 57 126
20 49 99 168
20 55 57 132
20 57 88 165
20 57 91 168
20 84 91 195
20 85 99 204
20 91 99 210
21 23 94 138
21 24 25 70
21 24 95 140
21 25 44 90
21 25 74 120
21 25 94 140
21 34 35 90
21 34 65 120
21 34 77 132
21 34 85 140
21 34 95 150
21 34 99 154
21 35 64 120
21 35 94 150
21 44 55 120
21 44 75 140
21 44 85 150
21 44 91 156
21 45 74 140
21 54 65 140
21 55 56 132
21 55 64 140
21 55 74 150
21 55 78 154
21 64 65 150
21 64 95 180
21 65 70 156
21 65 94 180
21 65 96 182
21 74 85 180
21 85 98 204
21 94 95 210
22 23 93 138
22 27 35 84
22 27 77 126
22 33 35 90
22 33 65 120
22 33 95 150
22 35 63 120
22 35 69 126
22 35 93 150
22 48 95 165
22 50 93 165
22 55 63 140
22 63 65 150
22 63 80 165
22 63 95 180
22 65 69 156
22 65 78 165
22 65 93 180
22 69 77 168
22 93 95 210
23 27 88 138
23 28 87 138
23 33 82 138
23 34 81 138
23 39 76 138
23 40 75 138
23 45 70 138
23 51 64 138
23 52 63 138
23 57 58 138
24 25 56 105
24 25 91 140
24 51 95 170
24 80 91 195
24 91 95 210
25 26 39 90
25 26 69 120
25 26 99 150
25 27 38 90
25 27 68 120
25 27 98 150
25 32 33 90
25 32 63 120
25 32 93 150
25 33 52 110
25 33 62 120
25 33 92 150
25 38 57 120
25 38 77 140
25 38 87 150
25 39 56 120
25 39 66 130
25 39 86 150
25 44 51 120
25 44 81 150
25 44 96 165
25 49 66 140
25 51 74 150
25 51 94 170
25 52 63 140
25 56 69 150
25 56 99 180
25 57 68 150
25 57 98 180
25 62 63 150
25 62 93 180
25 63 77 165
25 63 92 180
25 68 87 180
25 69 86 180
25 74 81 180
25 86 99 210
25 87 98 210
25 91 94 210
25 92 93 210
25 96 99 220
26 39 55 120
26 39 85 150
26 49 51 126
26 49 65 140
26 49 93 168
26 51 55 132
26 51 91 168
26 55 69 150
26 55 99 180
26 69 85 180
26 70 99 195
26 84 85 195
26 85 93 204
26 85 99 210
26 91 93 210
26 95 99 220
27 28 35 90
27 28 50 105
27 28 65 120
27 28 77 132
27 28 95 150
27 35 58 120
27 35 64 126
27 35 88 150
27 38 55 120
27 38 85 150
27 38 91 156
27 49 50 126
27 49 92 168
27 50 55 132
27 50 88 165
27 50 91 168
27 55 68 150
27 55 98 180
27 58 65 150
27 58 95 180
27 64 65 156
27 64 77 168
27 65 88 180
27 68 85 180
27 77 94 198
27 85 92 204
27 85 98 210
27 88 95 210
27 91 92 210
28 35 57 120
28 35 87 150
28 57 65 150
28 57 95 180
28 63 65 156
28 65 87 180
28 77 93 198
28 87 95 210
29 46 99 174
29 51 94 174
29 52 93 174
29 57 88 174
29 63 82 174
29 64 81 174
29 69 76 174
29 70 75 174
30 33 91 154
31 56 99 186
31 57 98 186
31 63 92 186
31 68 87 186
31 69 86 186
31 74 81 186
31 75 80 186
32 33 45 110
32 33 55 120
32 33 85 150
32 33 91 156
32 45 49 126
32 45 55 132
32 45 63 140
32 45 91 168
32 49 87 168
32 55 63 150
32 55 93 180
32 63 85 180
32 85 87 204
32 85 93 210
32 87 91 210
33 35 42 110
33 35 52 120
33 35 58 126
33 35 82 150
33 35 86 154
33 44 49 126
33 44 91 168
33 49 72 154
33 49 86 168
33 52 65 150
33 52 95 180
33 55 62 150
33 55 92 180
33 58 63 154
33 58 65 156
33 58 77 168
33 62 85 180
33 65 82 180
33 82 95 210
33 85 86 204
33 85 92 210
33 86 91 210
33 92 95 220
34 35 51 120
34 35 57 126
34 35 81 150
34 35 99 168
34 51 65 150
34 51 95 180
34 57 65 156
34 57 77 168
34 65 81 180
34 77 87 198
34 77 99 210
34 81 95 210
34 85 91 210
34 95 99 228
35 39 46 120
35 39 52 126
35 39 56 130
35 39 76 150
35 39 94 168
35 40 51 126
35 40 93 168
35 42 88 165
35 45 46 126
35 45 88 168
35 46 69 150
35 46 87 168
35 46 99 180
35 51 64 150
35 51 82 168
35 51 84 170
35 51 94 180
35 52 63 150
35 52 81 168
35 52 93 180
35 55 64 154
35 57 58 150
35 57 76 168
35 57 88 180
35 57 98 190
35 58 75 168
35 58 87 180
35 63 82 180
35 64 69 168
35 64 81 180
35 65 82 182
35 69 76 180
35 69 91 195
35 76 99 210
35 81 94 210
35 82 93 210
35 86 99 220
35 87 88 210
36 39 55 130
36 44 85 165
36 49 55 140
36 55 63 154
36 85 99 220
37 86 99 222
37 87 98 222
37 92 93 222
38 39 49 126
38 39 55 132
38 39 91 168
38 49 81 168
38 55 57 150
38 55 87 180
38 57 85 180
38 77 95 210
38 81 85 204
38 81 91 210
38 85 87 210
39 45 46 130
39 46 65 150
39 46 95 180
39 49 80 168
39 49 94 182
39 52 77 168
39 55 56 150
39 55 86 180
39 56 85 180
39 63 80 182
39 65 76 180
39 66 77 182
39 76 95 210
39 77 82 198
39 77 94 210
39 80 85 204
39 80 91 210
39 85 86 210
39 94 95 228
40 44 81 165
40 48 77 165
40 51 65 156
40 51 77 168
40 65 77 182
40 77 81 198
40 77 93 210
40 93 95 228
44 49 75 168
44 51 55 150
44 51 70 165
44 51 75 170
44 51 85 180
44 55 81 180
44 75 85 204
44 75 91 210
44 81 85 210
44 91 96 231
44 91 99 234
45 46 49 140
45 46 65 156
45 46 77 168
45 49 74 168
45 51 74 170
45 55 98 198
45 57 88 190
45 74 85 204
45 74 91 210
45 76 77 198
45 76 99 220
45 77 88 210
45 77 98 220
45 88 95 228
45 88 98 231
45 91 98 234
46 65 69 180
46 65 99 210
46 69 95 210
46 75 77 198
46 75 99 220
46 77 87 210
46 87 95 228
46 95 99 240
48 52 95 195
48 57 85 190
48 77 85 210
48 77 95 220
49 50 55 154
49 50 69 168
49 51 68 168
49 57 62 168
49 62 99 210
49 65 68 182
49 65 96 210
49 66 95 210
49 68 93 210
49 69 92 210
49 74 87 210
49 75 86 210
49 76 85 210
49 80 81 210
50 52 93 195
50 54 91 195
50 55 93 198
50 69 85 204
50 69 91 210
50 91 93 234
51 54 65 170
51 55 64 170
51 55 74 180
51 55 92 198
51 64 65 180
51 64 95 210
51 65 94 210
51 68 91 210
51 70 77 198
51 74 85 210
51 77 82 210
51 82 95 228
51 91 92 234
51 91 96 238
51 94 95 240
52 63 65 180
52 63 80 195
52 63 95 210
52 65 93 210
52 69 77 198
52 77 81 210
52 81 95 228
52 93 95 240
54 63 65 182
54 65 91 210
55 56 69 180
55 56 87 198
55 56 99 210
55 57 68 180
55 57 78 190
55 57 86 198
55 57 98 210
55 62 63 180
55 62 81 198
55 62 93 210
55 63 80 198
55 63 92 210
55 64 91 210
55 68 75 198
55 68 87 210
55 69 74 198
55 69 86 210
55 74 81 210
55 77 78 210
55 78 98 231
55 86 99 240
55 87 98 240
55 92 93 240
56 63 85 204
56 65 99 220
56 69 85 210
56 85 99 240
56 87 88 231
56 87 91 234
57 58 65 180
57 58 75 190
57 58 95 210
57 62 85 204
57 62 91 210
57 64 77 198
57 65 68 190
57 65 88 210
57 68 85 210
57 76 77 210
57 85 98 240
57 86 91 234
57 88 95 240
58 63 77 198
58 65 87 210
58 75 77 210
58 75 95 228
58 77 85 220
58 87 95 240
62 63 85 210
62 81 91 234
62 85 91 238
62 85 93 240
62 91 99 252
63 65 82 210
63 70 95 228
63 80 91 234
63 82 95 240
63 85 90 238
63 85 92 240
64 65 81 210
64 69 77 210
64 69 95 228
64 81 95 240
65 68 77 210
65 69 76 210
65 69 96 230
65 70 99 234
65 75 94 234
65 76 93 234
65 76 99 240
65 77 78 220
65 81 88 234
65 81 94 240
65 82 87 234
65 82 93 240
65 87 88 240
66 69 95 230
68 75 77 220
68 75 91 234
68 85 87 240
68 91 93 252
69 74 91 234
69 75 86 230
69 76 85 230
69 76 95 240
69 85 86 240
69 91 92 252
74 81 85 240
74 87 91 252
74 91 95 260
75 86 91 252
75 91 94 260
76 77 85 238
76 77 99 252
76 95 99 270
77 81 94 252
77 82 93 252
77 87 88 252
77 93 94 264
77 94 95 266
80 81 91 252
80 91 95 266
81 94 95 270
82 93 95 270
84 85 91 260
85 86 99 270
85 87 98 270
85 92 93 270
87 88 95 270
91 94 95 280
91 96 99 286
