100 16 100
2 3 4 5 6 7 8 9 10 11 12 13 14 15 16 17
46 44 23 55 1 34 72 47 28 65 15 59 50 51 36 60 51 100 79 36 39 8 57 22 45 93 86 15 57 15 1 64 15 31 90 89 93 48 89 7 29 52 95 3 48 16 16 73 84 20 36 78 52 37 65 6 67 6 60 99 60 78 92 59 24 76 94 38 95 22 27 2 47 27 97 18 68 93 74 56 71 83 95 11 66 84 38 61 81 31 16 57 57 8 100 86 71 17 87 91
85 3 6 45 2 45 43 76 13 24 76 58 74 50 19 47 77 82 72 67 65 86 58 31 34 98 98 64 84 78 34 66 49 43 51 87 95 78 31 30 40 59 52 16 47 52 44 18 62 24 99 93 31 1 76 60 81 82 20 22 1 57 25 21 55 14 49 80 77 38 56 82 63 2 6 1 10 13 30 12 84 29 76 98 73 79 60 64 37 94 44 59 72 88 94 31 81 29 4 1
3 67 4 3 3 3 3 3 3 3 3 3 3 3 3 3 3 3 3 3 3 3 3 3 3 3 3 3 3 3 3 3 3 3 3 3 3 3 3 3 3 3 3 3 3 3 3 3 3 3 3 3 3 3 3 3 3 3 3 3 3 3 3 3 3 3 3 3 3 3 3 3 3 3 3 3 3 3 3 3 3 3 3 3 3 3 3 3 3 3 3 3 3 3 3 3 3 3 3 3
4 4 3 5 4 4 4 4 4 4 4 4 4 4 4 4 4 4 4 4 4 4 4 4 4 4 4 4 4 4 4 4 4 4 4 4 4 4 4 4 4 4 4 4 4 4 4 4 4 4 4 4 4 4 4 4 4 4 4 4 4 4 4 4 4 4 4 4 4 4 4 4 4 4 4 4 4 4 4 4 4 4 4 4 4 4 4 4 4 4 4 4 4 4 4 4 4 4 4 4
5 5 5 4 6 5 5 5 5 5 5 5 5 5 5 5 5 5 5 5 5 5 5 5 5 5 5 5 5 5 5 5 5 5 5 5 5 5 5 5 5 5 5 5 5 5 5 5 5 5 5 5 5 5 5 5 5 5 5 5 5 5 5 5 5 5 5 5 5 5 5 5 5 5 5 5 5 5 5 5 5 5 5 5 5 5 5 5 5 5 5 5 5 5 5 5 5 5 5 5
6 6 6 6 5 7 6 6 6 6 6 6 6 6 6 6 6 6 6 6 6 6 6 6 6 6 6 6 6 6 6 6 6 6 6 6 6 6 6 6 6 6 6 6 6 6 6 6 6 6 6 6 6 6 6 6 6 6 6 6 6 6 6 6 6 6 6 6 6 6 6 6 6 6 6 6 6 6 6 6 6 6 6 6 6 6 6 6 6 6 6 6 6 6 6 6 6 6 6 6
7 7 7 7 7 6 8 7 7 7 7 7 7 7 7 7 7 7 7 7 7 7 7 7 7 7 7 7 7 7 7 7 7 7 7 7 7 7 7 7 7 7 7 7 7 7 7 7 7 7 7 7 7 7 7 7 7 7 7 7 7 7 7 7 7 7 7 7 7 7 7 7 7 7 7 7 7 7 7 7 7 7 7 7 7 7 7 7 7 7 7 7 7 7 7 7 7 7 7 7
8 8 8 8 8 8 7 9 8 8 8 8 8 8 8 8 8 8 8 8 8 8 8 8 8 8 8 8 8 8 8 8 8 8 8 8 8 8 8 8 8 8 8 8 8 8 8 8 8 8 8 8 8 8 8 8 8 8 8 8 8 8 8 8 8 8 8 8 8 8 8 8 8 8 8 8 8 8 8 8 8 8 8 8 8 8 8 8 8 8 8 8 8 8 8 8 8 8 8 8
9 9 9 9 9 9 9 8 10 9 9 9 9 9 9 9 9 9 9 9 9 9 9 9 9 9 9 9 9 9 9 9 9 9 9 9 9 9 9 9 9 9 9 9 9 9 9 9 9 9 9 9 9 9 9 9 9 9 9 9 9 9 9 9 9 9 9 9 9 9 9 9 9 9 9 9 9 9 9 9 9 9 9 9 9 9 9 9 9 9 9 9 9 9 9 9 9 9 9 9
10 10 10 10 10 10 10 10 9 11 10 10 10 10 10 10 10 10 10 10 10 10 10 10 10 10 10 10 10 10 10 10 10 10 10 10 10 10 10 10 10 10 10 10 10 10 10 10 10 10 10 10 10 10 10 10 10 10 10 10 10 10 10 10 10 10 10 10 10 10 10 10 10 10 10 10 10 10 10 10 10 10 10 10 10 10 10 10 10 10 10 10 10 10 10 10 10 10 10 10
11 11 11 11 11 11 11 11 11 10 12 11 11 11 11 11 11 11 11 11 11 11 11 11 11 11 11 11 11 11 11 11 11 11 11 11 11 11 11 11 11 11 11 11 11 11 11 11 11 11 11 11 11 11 11 11 11 11 11 11 11 11 11 11 11 11 11 11 11 11 11 11 11 11 11 11 11 11 11 11 11 11 11 11 11 11 11 11 11 11 11 11 11 11 11 11 11 11 11 11
12 12 12 12 12 12 12 12 12 12 11 13 12 12 12 12 12 12 12 12 12 12 12 12 12 12 12 12 12 12 12 12 12 12 12 12 12 12 12 12 12 12 12 12 12 12 12 12 12 12 12 12 12 12 12 12 12 12 12 12 12 12 12 12 12 12 12 12 12 12 12 12 12 12 12 12 12 12 12 12 12 12 12 12 12 12 12 12 12 12 12 12 12 12 12 12 12 12 12 12
13 13 13 13 13 13 13 13 13 13 13 12 14 13 13 13 13 13 13 13 13 13 13 13 13 13 13 13 13 13 13 13 13 13 13 13 13 13 13 13 13 13 13 13 13 13 13 13 13 13 13 13 13 13 13 13 13 13 13 13 13 13 13 13 13 13 13 13 13 13 13 13 13 13 13 13 13 13 13 13 13 13 13 13 13 13 13 13 13 13 13 13 13 13 13 13 13 13 13 13
14 14 14 14 14 14 14 14 14 14 14 14 13 15 14 14 14 14 14 14 14 14 14 14 14 14 14 14 14 14 14 14 14 14 14 14 14 14 14 14 14 14 14 14 14 14 14 14 14 14 14 14 14 14 14 14 14 14 14 14 14 14 14 14 14 14 14 14 14 14 14 14 14 14 14 14 14 14 14 14 14 14 14 14 14 14 14 14 14 14 14 14 14 14 14 14 14 14 14 14
15 15 15 15 15 15 15 15 15 15 15 15 15 14 16 15 15 15 15 15 15 15 15 15 15 15 15 15 15 15 15 15 15 15 15 15 15 15 15 15 15 15 15 15 15 15 15 15 15 15 15 15 15 15 15 15 15 15 15 15 15 15 15 15 15 15 15 15 15 15 15 15 15 15 15 15 15 15 15 15 15 15 15 15 15 15 15 15 15 15 15 15 15 15 15 15 15 15 15 15
16 16 16 16 16 16 16 16 16 16 16 16 16 16 15 17 16 16 16 16 16 16 16 16 16 16 16 16 16 16 16 16 16 16 16 16 16 16 16 16 16 16 16 16 16 16 16 16 16 16 16 16 16 16 16 16 16 16 16 16 16 16 16 16 16 16 16 16 16 16 16 16 16 16 16 16 16 16 16 16 16 16 16 16 16 16 16 16 16 16 16 16 16 16 16 16 16 16 16 16
17 17 17 17 17 17 17 17 17 17 17 17 17 17 17 16 17 17 17 17 17 17 17 17 17 17 17 17 17 17 17 17 17 17 17 17 17 17 17 17 17 17 17 17 17 17 17 17 17 17 17 17 17 17 17 17 17 17 17 17 17 17 17 17 17 17 17 17 17 17 17 17 17 17 17 17 17 17 17 17 17 17 17 17 17 17 17 17 17 17 17 17 17 17 17 17 17 17 17 17
18 18 18 18 18 18 18 18 18 18 18 18 18 18 18 18 18 18 18 18 18 18 18 18 18 18 18 18 18 18 18 18 18 18 18 18 18 18 18 18 18 18 18 18 18 18 18 18 18 18 18 18 18 18 18 18 18 18 18 18 18 18 18 18 18 18 18 18 18 18 18 18 18 18 18 18 18 18 18 18 18 18 18 18 18 18 18 18 18 18 18 18 18 18 18 18 18 18 18 18
96 22 83 6 8 55 24 54 97 30 50 74 11 30 74 22 89 60 81 36 11 93 97 35 40 38 33 21 81 83 96 21 68 93 14 37 82 36 24 41 14 85 55 43 15 77 89 93 62 80 27 23 34 48 84 86 18 55 64 49 18 72 30 72 94 3 19 24 45 52 73 36 4 12 73 87 77 20 9 24 68 72 31 93 41 17 7 88 20 48 37 73 28 57 53 66 17 52 73 82
42 67 79 42 19 6 12 59 48 66 31 78 80 27 79 66 79 94 20 6 88 16 99 56 80 80 5 44 33 41 37 30 60 42 63 44 31 32 73 26 48 39 13 39 93 25 89 71 17 62 30 43 49 91 62 95 56 43 19 12 14 41 81 35 51 16 15 80 65 80 11 56 41 80 85 95 79 91 29 30 37 22 94 59 40 69 19 100 6 73 69 92 85 72 71 54 71 45 1 76
12 36 46 89 68 100 91 79 50 88 5 81 78 36 42 79 71 50 85 37 2 91 13 40 93 86 74 13 77 17 93 35 96 55 31 73 24 11 65 90 10 36 79 36 76 30 84 65 4 47 28 5 62 100 59 82 22 64 99 35 91 92 97 1 10 14 4 37 21 45 61 88 12 35 34 89 43 47 35 63 94 71 96 97 88 72 93 80 28 25 44 76 12 39 35 63 93 12 27 72
43 75 74 74 79 41 34 70 88 12 52 4 1 59 34 67 15 55 89 5 92 73 39 36 65 97 38 16 53 100 15 30 83 60 57 42 59 55 27 34 54 55 90 89 98 65 44 81 91 65 66 41 93 32 63 56 3 54 82 24 50 25 85 100 92 64 44 62 93 36 2 53 9 78 8 97 72 95 16 54 5 43 64 21 47 71 1 83 39 55 12 27 28 72 91 36 98 79 13 17
100 28 62 76 34 100 25 36 47 68 30 71 51 20 83 15 3 72 43 1 8 43 35 86 52 91 47 36 25 18 23 80 20 52 11 42 11 6 62 82 39 80 84 50 3 4 20 74 27 70 23 10 99 18 7 24 17 9 13 8 10 95 46 13 33 50 34 11 54 46 13 19 81 56 96 97 89 83 50 55 85 34 4 99 18 20 60 85 11 66 99 26 100 68 7 18 52 36 18 11
98 22 100 12 56 23 57 75 27 10 73 67 20 58 70 63 67 65 34 85 59 82 7 68 43 25 53 62 7 18 67 31 8 13 50 52 76 1 95 57 11 24 42 91 41 20 22 14 1 30 78 77 91 86 56 65 79 56 32 90 68 90 41 22 62 84 100 35 25 94 79 65 4 69 83 22 6 58 71 5 28 42 31 67 5 81 18 97 41 43 40 96 3 50 28 20 26 93 72 50
64 74 24 93 14 98 34 36 85 56 81 14 5 77 21 26 52 31 61 1 84 69 14 90 2 9 17 21 40 34 64 75 60 26 34 40 78 5 51 30 1 28 60 43 3 60 65 67 89 16 46 19 56 98 25 91 55 39 43 49 70 2 7 48 41 5 1 26 26 32 68 87 39 48 81 35 58 74 86 83 35 29 100 17 85 91 93 24 85 12 42 49 66 62 6 24 31 12 54 96
32 3 95 63 93 11 79 79 2 75 52 99 2 89 7 79 84 43 50 51 36 37 15 36 3 20 35 16 99 13 7 29 52 100 91 82 61 98 14 66 100 95 67 78 54 96 3 15 92 6 21 70 77 97 88 47 41 2 61 11 59 50 18 9 4 57 8 92 87 83 90 55 90 58 59 33 99 98 9 7 21 32 72 76 27 76 79 28 12 19 40 97 93 22 7 36 66 61 54 98
13 44 4 25 78 33 85 86 50 88 80 98 83 70 13 62 14 35 16 41 93 32 4 14 53 65 80 71 81 4 50 71 61 60 95 17 56 23 8 3 6 9 4 72 47 27 4 98 30 85 85 45 83 75 54 90 93 32 67 37 25 54 39 48 50 4 23 81 26 52 64 59 47 13 89 34 24 3 95 66 79 26 44 40 22 30 57 6 83 62 55 34 11 32 25 31 80 38 16 72
38 69 30 59 78 37 28 66 70 58 100 30 78 54 56 79 83 40 57 81 66 19 16 18 93 65 29 10 15 80 59 90 51 1 73 61 37 83 8 94 53 61 74 92 2 49 93 97 80 6 86 83 3 59 59 42 1 53 33 20 60 77 23 99 34 80 77 11 26 41 9 98 78 54 70 18 80 52 16 34 87 50 1 81 92 74 3 93 19 37 59 21 50 42 76 4 61 58 82 64
77 42 48 80 92 51 2 58 10 78 7 10 7 98 29 9 47 93 80 71 89 7 86 54 41 33 58 64 94 3 57 32 8 23 55 86 99 28 96 15 54 67 12 86 41 65 78 45 95 55 14 72 69 61 7 25 57 4 82 63 24 56 36 36 21 98 72 27 95 79 15 70 7 16 23 84 15 84 4 32 1 92 22 37 34 14 57 44 31 2 19 9 59 44 25 7 59 45 94 87
97 86 35 77 13 15 82 2 51 33 100 19 95 21 26 5 48 15 12 67 18 7 61 59 48 31 52 65 22 59 30 18 88 60 13 23 85 22 7 72 25 34 9 25 3 85 96 56 72 90 44 12 62 84 76 28 42 62 75 86 82 5 62 65 72 10 36 4 37 17 21 64 19 50 27 50 92 28 32 42 68 89 53 25 83 36 85 20 29 44 60 43 48 70 84 11 53 74 20 88
51 74 52 60 35 94 10 46 70 50 36 100 2 8 68 65 78 39 83 56 57 97 26 11 3 65 12 96 76 6 29 76 87 15 36 7 84 88 43 85 22 28 62 69 94 69 20 4 50 41 94 34 11 17 1 70 75 29 40 85 88 89 12 51 11 87 2 73 6 18 17 32 11 40 1 45 42 6 81 75 75 35 98 52 13 32 94 16 97 47 38 45 13 55 68 93 9 98 97 99
9 51 12 10 73 40 53 84 44 82 47 25 65 96 48 85 37 83 99 54 11 65 25 56 31 21 29 58 100 16 53 40 50 64 20 43 96 20 3 19 67 37 55 86 25 52 70 78 39 17 62 2 75 10 65 22 67 10 3 27 72 30 23 80 60 63 42 68 37 26 30 13 91 39 68 98 26 19 11 54 25 78 59 23 93 26 34 47 56 18 75 87 78 55 58 87 91 78 33 39
39 96 82 46 69 5 30 49 12 42 68 77 81 95 60 54 59 53 81 96 98 69 15 82 25 7 90 90 7 68 45 46 46 5 27 90 63 70 50 28 44 92 47 7 30 39 91 24 3 32 93 92 29 44 37 68 53 27 19 15 17 6 98 36 26 61 54 42 3 86 78 74 36 45 90 92 12 54 55 2 96 86 34 83 50 93 29 46 50 90 69 65 40 78 85 42 48 1 73 9
93 34 16 63 70 33 71 85 64 80 20 79 86 3 8 62 44 91 85 79 84 11 53 5 28 26 17 27 79 20 91 99 67 64 56 60 81 53 46 5 65 37 99 84 49 19 36 20 79 27 95 15 80 13 86 56 90 25 42 47 79 54 53 28 79 82 72 24 6 92 21 80 7 66 91 83 58 39 61 41 15 6 94 22 69 21 32 71 36 64 12 54 56 31 56 53 44 91 78 99
99 98 98 50 86 98 8 70 60 34 75 37 17 69 27 89 56 49 100 81 96 49 80 48 3 100 33 93 38 80 97 69 82 15 76 4 31 18 66 4 99 60 99 20 100 43 40 87 15 100 60 63 62 86 85 62 38 35 71 24 70 92 69 59 14 32 52 93 25 24 85 46 88 17 39 55 56 57 87 96 72 18 34 79 92 78 99 7 68 34 94 50 66 43 30 55 20 67 84 21
84 74 82 46 54 38 93 57 89 93 3 72 58 60 14 39 84 82 94 39 62 81 99 92 84 97 5 79 54 43 94 5 56 67 32 38 85 42 4 78 72 49 20 16 5 44 34 90 29 60 11 35 93 30 69 73 3 78 77 47 2 49 41 67 22 11 87 13 93 57 1 83 52 100 15 31 66 28 8 88 63 82 73 41 34 87 52 25 36 99 14 37 59 74 54 81 60 7 68 91
58 92 66 62 9 38 63 13 63 71 75 70 50 35 40 75 76 7 60 56 90 83 69 3 86 67 23 2 92 57 98 61 61 9 77 73 75 28 24 10 63 82 79 59 75 76 44 20 96 38 6 35 29 86 100 36 46 67 42 47 98 39 81 66 9 2 25 8 27 85 2 91 63 20 65 19 65 64 78 17 36 89 37 61 13 56 25 68 34 27 6 30 96 77 9 22 42 70 27 61
92 77 30 43 20 77 3 78 88 62 17 21 98 67 37 22 38 42 100 12 1 29 80 41 28 49 34 77 1 62 2 54 62 44 63 94 83 81 27 21 84 93 53 28 77 40 34 26 93 31 27 14 84 15 30 20 9 57 93 96 8 96 73 58 49 95 73 61 87 76 73 18 86 18 31 82 50 36 48 78 25 35 88 64 1 20 62 45 7 32 89 54 33 34 83 13 98 17 52 98
8 3 71 15 77 15 61 91 11 4 92 65 26 99 66 74 35 85 43 14 75 62 2 63 95 88 77 8 40 54 69 43 55 1 79 12 93 34 13 24 78 6 13 19 5 93 61 6 74 4 98 54 16 8 49 43 87 48 57 33 11 74 10 67 23 82 44 47 71 10 50 64 2 24 36 12 45 3 81 94 42 19 29 37 86 84 77 55 40 92 42 54 11 66 5 15 44 51 46 2
61 48 13 71 95 78 23 93 6 89 83 25 12 1 6 7 49 84 94 61 82 90 8 27 41 96 2 61 42 22 45 92 61 42 68 66 18 90 16 40 76 49 74 35 39 79 56 49 74 36 80 16 77 93 51 74 72 14 43 31 46 37 70 25 82 70 37 47 46 86 58 96 43 37 66 17 47 95 47 22 52 98 48 29 57 10 60 69 20 8 22 8 70 60 88 42 97 51 27 44
3 65 65 26 12 20 16 70 64 91 44 14 19 20 76 33 35 39 38 35 13 100 46 77 60 13 55 38 89 26 7 76 81 75 46 92 70 66 2 58 83 86 86 29 95 9 86 97 98 59 17 100 84 100 4 100 84 6 44 33 38 49 59 8 5 21 92 52 37 95 18 13 27 20 49 52 28 69 66 68 70 50 21 17 72 39 74 11 76 50 62 63 12 90 17 23 78 10 19 53
26 96 39 35 100 18 73 30 23 69 94 79 16 12 59 64 93 81 66 53 58 49 93 9 11 40 84 45 100 86 67 56 36 4 22 69 78 99 79 71 23 31 68 88 78 42 6 67 19 63 79 95 45 20 73 69 12 20 9 58 83 17 76 19 11 55 34 10 74 95 70 60 9 37 19 17 98 35 70 54 3 96 57 39 73 65 18 37 62 12 54 74 68 35 95 72 27 69 19 75
43 50 86 15 75 67 51 29 64 55 96 87 88 80 57 63 3 34 89 93 73 78 1 66 74 21 31 81 32 19 37 74 69 57 31 2 35 39 37 45 82 90 18 36 22 91 10 15 10 46 21 51 45 13 13 77 25 98 45 54 95 76 36 25 12 15 10 68 20 27 39 63 6 37 94 28 65 74 20 85 82 18 14 89 31 94 83 43 81 83 7 73 71 32 93 79 49 100 74 10
42 62 95 13 11 59 99 95 70 88 59 43 75 21 17 78 34 7 89 9 35 34 31 8 12 40 63 92 79 16 35 26 38 40 17 22 9 96 30 73 88 81 24 79 97 15 80 30 54 54 45 25 33 21 28 46 59 70 66 13 10 64 81 70 67 26 83 46 76 40 29 43 43 97 2 68 9 52 61 66 12 26 18 89 86 71 66 52 39 64 74 72 7 79 73 90 69 2 47 54
77 36 46 100 87 65 61 75 98 8 64 77 10 12 69 16 11 52 54 84 96 34 56 39 44 45 50 36 48 98 96 33 79 3 29 88 73 71 57 78 80 80 67 63 46 78 88 47 62 77 99 88 22 50 7 46 95 38 92 58 61 22 46 15 46 65 28 32 96 41 87 20 32 91 100 84 71 27 53 25 93 29 97 35 49 38 75 15 19 63 67 87 22 32 90 12 39 55 93 67
64 7 45 41 9 45 66 69 18 83 71 66 82 52 36 26 26 77 97 52 25 19 8 79 30 94 50 45 72 75 91 93 93 19 33 41 71 83 57 73 50 66 87 6 49 78 80 43 80 71 99 52 95 26 30 6 58 15 40 69 51 27 34 22 96 59 27 37 82 43 86 64 74 41 99 9 72 87 6 36 11 80 71 95 11 28 97 77 87 71 84 72 72 42 26 62 27 6 85 52
43 51 79 14 5 15 25 56 85 28 17 100 40 25 45 10 28 74 53 83 42 67 76 86 57 5 48 30 49 25 65 62 52 47 98 51 36 16 88 34 11 8 38 52 6 33 75 96 15 42 3 96 70 33 74 80 100 74 55 81 11 70 30 7 19 69 6 8 33 20 21 23 79 19 71 62 1 28 91 61 6 99 70 88 4 23 21 60 40 59 67 27 59 67 73 12 24 31 80 88
95 12 27 84 99 82 78 36 25 47 60 37 19 74 94 20 14 41 73 5 81 24 12 29 3 59 40 20 5 32 39 92 78 27 97 59 69 96 70 13 22 80 98 28 5 61 79 63 34 25 47 88 95 19 23 66 18 78 13 87 28 24 79 30 18 77 30 34 40 53 99 62 53 45 93 71 49 50 58 45 7 21 62 90 7 78 75 90 89 53 99 33 96 12 72 92 68 78 23 16
12 1 38 29 17 77 90 89 70 71 1 71 33 80 98 100 4 32 40 41 90 55 22 27 49 26 54 17 99 71 10 50 50 1 34 40 10 45 4 46 31 56 55 39 29 30 43 25 38 17 26 51 15 88 99 84 64 68 26 21 3 11 33 31 13 3 99 14 5 60 11 47 39 79 21 71 14 88 25 38 66 9 6 85 71 84 69 48 12 73 55 93 9 66 3 71 49 61 17 48
13 29 48 99 7 34 5 74 56 96 93 73 47 97 55 14 47 76 40 19 41 74 17 84 43 24 33 14 34 71 48 48 58 51 65 22 53 16 81 61 55 72 78 28 81 28 41 62 1 38 28 14 27 26 77 62 43 90 53 80 37 67 5 52 92 79 36 24 44 22 92 58 72 24 8 86 92 90 49 14 47 61 82 60 66 21 86 23 92 71 10 30 9 39 27 67 95 59 97 58
64 74 23 27 93 30 20 60 16 79 73 69 60 86 57 73 51 55 28 56 19 79 80 51 6 74 43 82 36 98 58 50 69 34 83 68 48 80 77 84 22 92 19 75 21 54 9 9 89 56 3 43 2 62 47 79 16 28 63 75 22 48 49 46 32 77 41 67 73 45 31 8 33 32 42 88 68 94 2 17 49 21 39 78 91 5 8 35 36 82 25 96 49 25 49 46 28 32 32 86
38 65 54 39 41 67 95 40 75 45 45 92 57 81 89 53 86 79 34 81 53 11 60 8 70 66 2 84 53 33 45 20 65 37 6 69 71 97 28 88 1 28 8 10 63 60 12 22 57 76 45 43 51 11 64 8 84 58 64 82 39 2 90 29 53 80 72 63 53 75 59 99 79 57 9 83 46 55 16 99 38 80 49 72 70 90 22 18 87 65 76 7 39 14 53 13 15 78 3 88
89 60 60 89 19 98 44 4 38 84 98 91 60 44 55 41 59 85 45 8 79 32 1 27 84 74 33 17 13 71 72 92 10 32 37 27 43 74 39 76 76 53 16 94 7 51 26 73 61 98 13 77 92 29 23 91 90 36 59 84 9 63 9 87 81 20 4 99 62 81 8 15 26 34 96 89 3 41 86 32 36 19 66 18 19 22 7 33 25 66 25 38 38 43 76 34 89 6 4 23
41 76 2 70 83 93 70 47 77 98 99 70 88 48 60 21 7 46 75 35 10 87 25 35 60 94 68 28 22 72 1 23 38 14 10 71 12 12 100 72 68 11 46 27 54 99 20 36 64 46 17 33 88 95 82 48 44 12 29 25 52 89 99 17 11 79 18 40 62 58 60 32 100 55 38 28 68 90 53 90 59 97 100 57 19 51 21 44 33 62 96 21 63 46 43 19 83 15 24 64
2 83 73 68 14 74 63 40 80 56 56 3 79 3 73 93 19 30 36 71 95 7 3 69 4 1 28 72 67 59 11 32 79 31 63 63 40 20 1 47 10 5 63 76 12 32 63 56 61 12 49 98 26 55 96 59 82 32 26 32 5 42 67 94 37 67 83 37 88 2 53 90 4 98 4 44 26 96 70 6 64 49 79 55 47 50 79 2 37 46 17 16 95 84 25 60 61 50 35 2
97 15 50 55 16 50 38 99 9 56 10 96 100 82 83 56 96 88 38 79 98 100 10 86 64 21 24 49 26 24 89 66 28 11 64 48 17 9 5 5 34 3 35 9 66 10 55 80 35 50 7 23 3 32 40 88 25 70 100 74 84 30 36 14 87 70 63 92 72 15 42 11 84 21 58 33 80 29 37 52 76 63 85 55 22 40 79 10 16 85 33 1 3 27 81 57 4 69 36 36
51 33 76 44 11 54 34 16 4 39 72 11 97 75 60 62 83 8 4 82 27 80 32 44 68 75 63 64 63 19 58 15 68 41 19 92 88 3 63 46 37 45 9 52 84 87 29 73 100 38 1 70 69 87 32 94 85 46 38 85 74 28 53 37 58 53 63 27 34 23 90 48 80 50 6 22 84 46 82 38 27 8 16 41 47 16 9 48 92 76 26 18 27 64 57 26 30 49 41 6
25 86 69 53 39 66 69 82 5 84 37 27 99 41 72 79 79 49 43 12 89 50 11 42 57 60 59 38 54 3 7 28 45 29 22 1 52 89 13 58 52 1 94 83 8 81 10 33 7 77 95 64 50 59 62 89 36 99 70 26 96 93 3 5 70 66 36 85 70 40 74 33 48 77 35 99 38 40 4 69 34 24 67 91 69 79 42 40 60 13 10 41 95 6 13 73 21 79 76 4
14 38 53 3 89 17 70 93 22 3 52 65 1 47 94 46 37 87 79 74 30 34 23 39 55 66 35 97 69 88 73 54 18 99 81 68 95 84 58 55 87 73 73 4 98 77 49 76 18 13 66 55 93 99 62 37 25 94 75 40 2 95 18 39 24 75 86 21 31 54 91 56 89 62 28 39 27 26 81 88 5 63 6 83 89 43 34 61 8 69 16 34 49 2 22 92 55 83 48 65
56 96 94 68 57 6 56 17 22 46 15 13 9 85 55 15 70 2 11 21 28 83 90 71 57 72 6 31 8 1 72 80 22 65 26 80 81 46 8 34 79 38 6 76 2 93 69 65 21 12 69 68 45 16 50 32 34 53 72 62 62 60 49 22 81 33 67 31 43 25 35 50 8 85 55 47 40 57 52 39 97 98 33 7 16 40 79 24 76 69 95 81 80 89 7 52 10 64 57 17
7 83 94 21 63 3 84 93 59 64 45 69 90 15 14 69 92 64 33 95 51 69 71 2 5 1 86 53 55 58 84 78 27 76 7 88 99 100 63 98 24 98 75 41 57 39 12 82 49 7 24 65 96 100 48 15 22 77 3 29 66 52 61 31 21 1 69 22 17 9 31 34 18 43 90 45 88 34 99 34 79 18 13 31 34 66 31 75 1 52 93 53 67 85 3 19 44 9 72 71
71 32 88 18 21 52 43 48 5 41 100 61 19 35 6 52 57 16 63 14 41 55 20 55 64 9 54 2 84 36 92 84 95 43 63 13 26 60 56 6 8 99 2 32 84 32 33 60 30 84 56 73 50 32 52 97 95 85 63 12 77 15 6 72 64 90 43 35 12 63 51 20 75 28 77 62 14 32 78 31 84 64 71 47 28 61 58 78 19 92 97 70 84 92 97 95 87 19 100 16
63 2 8 41 68 40 65 87 1 95 3 46 43 15 30 76 40 25 93 3 68 58 100 30 64 49 77 85 14 84 94 73 39 28 21 97 46 84 31 20 66 58 70 4 39 30 19 96 93 45 85 47 95 47 64 67 41 49 30 50 55 92 98 97 17 73 20 68 17 63 98 31 7 44 62 29 64 56 26 83 63 31 22 33 99 59 33 74 96 81 49 95 93 12 87 84 7 9 60 47
53 81 70 26 95 9 59 33 71 64 45 98 98 61 25 76 4 11 4 76 36 11 57 43 5 46 21 74 55 80 65 60 55 70 96 64 15 65 30 77 91 37 30 24 91 94 97 97 46 26 4 22 68 21 2 94 9 100 56 16 5 47 28 66 98 83 46 70 12 32 82 96 88 96 16 9 93 51 98 94 10 92 29 15 91 42 13 29 7 65 89 85 43 53 59 66 14 15 46 67
27 15 59 90 39 35 35 38 48 34 68 78 19 2 68 48 18 35 44 19 22 93 10 85 59 66 8 41 95 38 55 83 43 37 45 95 14 5 83 70 12 41 84 29 57 67 8 23 87 86 5 48 11 29 38 100 64 83 62 72 98 92 10 30 97 27 25 60 15 46 77 65 38 7 77 91 44 91 89 90 33 13 83 84 44 60 86 75 30 46 22 62 82 54 41 16 91 51 61 48
30 14 72 15 21 100 67 97 68 38 91 44 88 20 39 71 67 70 3 97 14 33 71 24 75 31 98 18 3 99 43 11 81 94 96 84 41 5 58 6 46 80 3 30 41 77 7 38 55 43 98 22 59 64 53 4 86 79 96 59 100 78 83 29 58 69 6 57 62 65 47 74 37 86 39 30 54 86 81 24 93 24 58 30 9 37 44 44 97 50 88 51 87 84 71 99 16 59 16 97
49 8 60 53 94 95 37 78 41 26 16 41 91 59 16 86 80 50 40 75 50 9 12 11 38 86 29 96 15 45 84 29 45 66 48 8 83 27 77 89 97 13 57 98 47 99 58 45 24 34 2 1 100 11 22 17 27 14 16 68 44 25 73 95 14 16 64 42 38 91 9 91 7 95 87 73 28 9 14 55 74 25 97 51 100 28 41 39 5 55 64 83 53 69 44 41 61 69 74 79
22 62 71 5 82 45 53 48 67 14 43 36 45 99 53 100 21 12 78 24 80 90 70 6 48 20 92 30 60 81 44 72 31 28 2 90 74 26 58 99 78 11 25 21 26 1 11 16 51 36 31 17 45 44 21 20 57 99 13 6 85 32 100 95 66 9 86 10 43 26 95 72 51 35 45 49 67 14 86 71 90 51 46 81 83 74 73 29 86 37 59 50 71 39 50 86 74 2 64 17
5 69 46 73 85 23 10 32 58 50 61 81 86 97 46 36 74 83 26 97 49 94 54 48 7 85 32 60 3 85 30 40 65 60 46 41 93 53 100 39 90 54 67 55 72 46 4 14 58 35 49 65 61 86 31 34 15 54 56 26 49 36 10 58 18 66 51 96 89 11 11 32 51 25 37 48 3 83 30 63 52 31 84 99 14 25 61 64 13 26 29 87 89 43 20 67 32 99 1 11
63 20 56 1 42 39 77 53 55 75 74 44 99 66 49 46 5 80 68 88 60 54 12 11 90 72 70 83 88 31 65 28 86 68 10 25 25 84 22 8 72 70 67 80 31 92 88 87 96 38 97 52 29 17 99 62 84 81 42 67 8 63 98 25 63 100 93 97 90 76 36 75 43 12 66 39 32 69 99 88 85 55 42 47 46 39 92 32 83 77 47 81 58 54 4 54 72 11 89 19
77 36 28 5 27 10 61 82 15 82 60 27 4 31 41 61 81 16 42 22 63 4 45 80 58 60 51 1 75 45 15 93 36 11 56 66 100 71 66 23 87 9 18 79 23 19 13 55 46 61 94 35 45 71 81 77 58 22 64 60 3 82 17 94 57 93 82 43 79 43 56 60 56 32 9 17 44 86 67 84 51 56 22 71 100 48 17 17 44 42 34 22 21 71 58 99 55 11 86 19
50 2 40 88 26 39 90 47 14 32 54 20 38 100 80 2 37 73 28 97 91 2 85 55 63 31 39 90 26 67 70 46 99 41 40 80 66 28 8 27 85 82 1 27 69 2 95 13 6 2 35 48 67 29 14 76 31 14 17 93 43 43 12 64 57 79 78 11 6 53 99 68 94 26 83 37 35 60 100 31 57 37 59 63 64 36 43 11 20 80 13 71 9 27 95 94 81 40 58 73
77 57 19 27 31 38 61 27 13 72 29 4 9 60 61 80 31 37 94 46 15 14 54 81 12 73 91 26 78 92 66 94 80 84 77 41 14 66 61 36 77 40 16 57 2 86 88 81 99 78 46 85 94 26 25 57 60 27 40 10 99 76 20 34 36 43 91 35 71 64 58 28 34 8 72 72 85 47 44 37 12 34 52 50 87 62 88 85 38 72 15 30 43 3 18 30 6 93 99 60
80 30 68 36 76 50 94 71 93 32 78 13 15 46 66 63 5 18 73 44 16 36 51 60 67 17 23 81 49 54 97 41 19 75 7 31 59 36 16 41 66 59 33 23 74 44 98 51 65 80 19 31 80 23 80 98 77 70 68 83 38 30 23 28 27 7 60 9 48 45 36 63 76 18 53 73 75 38 12 98 41 54 70 65 62 18 23 55 72 99 23 45 31 70 83 15 8 34 14 2
90 90 65 87 40 89 94 78 2 8 14 48 87 3 35 29 4 24 15 79 88 83 2 73 62 56 32 89 67 65 45 91 29 57 59 51 52 74 96 86 65 96 82 26 2 35 13 66 80 57 60 67 73 66 96 61 62 6 74 31 38 87 22 86 49 72 51 63 59 47 20 90 86 4 51 63 7 11 32 61 81 58 82 10 24 20 34 80 88 100 18 95 71 52 27 81 3 50 36 49
50 15 77 37 36 3 49 35 80 86 24 52 23 42 49 12 56 82 90 59 74 32 59 55 18 93 18 32 22 48 82 43 66 58 19 95 43 81 60 91 39 24 98 73 15 28 14 45 29 43 67 97 58 32 53 94 89 80 83 77 30 4 73 60 76 5 31 60 43 30 77 54 95 9 85 63 60 59 96 22 56 3 13 30 79 27 44 45 50 71 80 14 43 16 94 24 87 10 60 81
17 11 59 36 33 54 37 47 18 44 51 38 87 46 36 42 77 85 97 86 36 89 59 10 62 27 52 11 96 59 6 9 64 95 30 17 87 10 54 91 61 13 92 45 56 65 41 25 49 95 10 35 59 99 83 33 42 5 99 6 49 36 25 76 96 98 10 45 75 17 89 66 45 25 53 63 98 23 75 20 6 20 25 75 68 67 44 80 91 15 19 28 60 35 53 82 94 64 64 9
40 99 64 32 15 36 52 28 18 68 18 30 48 20 62 3 81 99 42 50 21 60 81 85 80 74 87 88 37 22 47 24 39 97 26 61 10 27 25 93 58 53 94 19 51 91 31 77 100 83 18 11 73 40 84 5 85 88 26 64 64 79 67 58 70 9 60 66 26 16 58 81 76 68 12 64 52 98 18 83 25 37 23 15 54 31 96 29 28 13 87 48 18 87 44 24 75 41 59 42
64 81 85 45 64 59 7 11 22 75 6 72 90 31 73 34 8 42 69 44 20 78 96 32 44 50 55 9 57 21 52 13 55 58 85 3 60 53 51 54 17 40 35 1 97 64 81 17 48 12 100 70 73 41 27 54 40 29 99 1 93 59 46 75 39 37 6 97 18 43 32 96 93 93 98 8 1 60 61 87 20 1 72 52 95 72 99 16 53 31 68 32 33 97 74 85 72 56 81 98
69 11 15 10 43 40 94 27 90 59 71 12 6 5 61 64 15 95 100 77 39 84 55 6 31 54 14 18 31 98 92 78 57 11 83 7 38 79 3 93 41 94 46 73 85 37 15 84 47 56 63 38 63 85 94 84 14 43 88 30 54 15 53 46 46 50 52 31 22 13 21 79 32 44 23 49 30 36 35 27 17 9 90 21 71 88 3 9 83 98 91 65 35 31 44 25 69 21 26 18
43 78 45 43 49 17 45 8 3 70 16 30 69 17 7 32 25 75 89 9 96 89 71 60 90 11 71 15 9 58 90 52 10 91 33 11 56 58 68 10 90 67 22 39 89 88 14 34 64 33 5 29 15 3 29 22 9 58 28 96 54 11 31 2 10 83 24 30 31 25 56 95 74 36 37 80 59 47 97 75 73 79 58 11 67 100 28 75 86 60 90 89 45 3 53 91 91 14 67 81
36 28 69 68 64 88 46 33 94 8 66 72 87 7 71 45 45 17 20 39 68 2 65 40 92 11 28 95 37 96 19 98 38 34 16 36 98 63 56 84 67 81 68 24 2 43 71 35 95 9 21 15 83 62 37 11 25 89 41 87 93 93 61 31 73 80 100 72 90 77 59 83 100 50 87 11 74 86 95 83 79 8 28 54 72 14 3 74 11 39 7 41 89 42 64 91 10 85 69 6
36 23 23 9 11 53 28 77 39 65 5 75 100 86 84 84 66 94 46 19 95 76 78 55 27 10 32 99 43 96 68 24 58 96 65 30 7 52 41 91 46 34 68 82 27 52 41 85 53 40 74 84 19 45 82 8 47 2 6 37 42 80 15 13 62 72 99 38 36 74 76 64 90 3 12 44 78 4 67 2 77 90 48 100 33 44 4 61 51 32 93 71 55 10 12 93 30 15 32 86
51 23 45 36 27 76 61 10 79 89 63 14 42 95 11 79 1 27 79 41 61 70 93 80 40 88 74 37 1 70 49 21 11 52 18 99 98 31 52 30 85 52 39 97 1 55 7 74 13 81 71 20 40 7 66 88 3 21 58 55 36 99 96 83 52 12 57 18 1 70 72 10 45 62 22 100 53 75 92 44 39 23 76 78 21 43 53 48 83 61 71 45 37 29 87 28 26 39 53 44
6 40 89 42 97 16 37 89 26 81 94 69 22 47 67 43 14 67 65 31 52 4 48 23 91 17 57 65 42 97 10 53 69 45 7 16 35 45 93 98 5 95 90 29 2 71 59 80 21 10 58 69 7 67 20 59 6 44 15 41 6 26 17 93 32 25 15 30 54 26 91 82 69 16 19 45 87 22 48 64 33 4 52 86 62 81 16 7 10 99 22 84 76 51 97 69 57 97 80 19
27 53 74 22 90 37 61 23 82 5 94 3 95 45 95 87 91 86 90 30 40 37 31 31 48 47 42 31 79 80 42 15 36 4 19 48 88 81 33 38 90 6 86 66 33 25 12 47 70 35 73 88 7 35 65 88 24 54 88 13 18 54 50 59 83 46 56 78 76 80 57 51 87 23 63 83 85 57 98 42 21 46 73 58 39 55 5 45 78 33 11 87 62 19 42 65 99 83 67 99
100 18 51 59 21 71 37 64 86 8 62 4 50 57 34 19 20 79 97 81 13 59 52 27 8 4 32 11 53 76 75 56 10 3 39 63 53 11 68 12 28 26 34 50 56 27 1 35 91 50 59 5 37 32 62 27 23 60 3 57 63 48 16 75 62 80 27 78 62 9 33 64 88 4 72 83 67 57 65 30 3 69 26 23 11 100 61 14 59 35 72 61 15 83 35 22 18 84 81 17
52 75 43 35 73 37 31 87 36 18 58 52 96 82 3 65 78 51 70 21 89 25 89 73 52 73 39 56 12 31 8 10 52 12 66 61 71 69 83 90 29 26 97 58 18 7 84 43 38 38 84 54 27 71 8 100 39 95 44 22 27 58 84 15 100 85 39 42 66 100 81 73 36 33 96 3 82 83 91 31 11 68 75 71 59 72 36 6 70 28 58 86 59 27 10 11 14 4 52 34
15 35 100 79 45 43 45 71 19 51 27 51 94 73 19 59 65 60 10 91 27 16 90 10 69 16 96 98 90 87 67 2 17 12 52 60 10 69 40 11 53 45 1 14 86 14 100 42 39 44 41 12 41 83 79 41 96 81 40 33 38 65 71 17 60 29 5 8 17 58 51 62 53 55 63 84 39 22 75 89 55 94 56 88 29 50 73 88 80 100 86 83 52 71 81 23 28 58 95 32
65 18 80 72 85 4 75 21 89 65 43 71 20 4 10 7 69 43 32 9 13 79 12 32 35 51 27 77 2 65 59 43 54 49 94 85 79 20 72 90 25 15 8 88 90 65 20 78 15 76 89 70 51 53 96 8 7 75 27 89 77 88 56 33 24 16 13 6 70 48 99 46 97 80 95 72 5 50 100 68 30 77 14 91 3 30 45 32 4 74 48 25 5 50 31 58 68 26 5 89
83 35 50 73 15 33 27 20 34 61 37 1 19 64 82 66 76 55 27 62 47 33 75 36 86 95 66 39 61 87 31 48 56 49 19 67 67 69 40 83 28 72 35 81 80 99 14 89 79 90 58 40 59 78 82 67 45 56 11 83 99 40 70 95 71 86 93 1 43 80 86 41 71 26 6 12 27 1 3 62 14 45 59 90 88 95 31 65 32 16 85 66 91 27 30 36 59 19 77 6
9 83 86 50 40 84 87 59 67 90 98 28 63 99 29 18 34 15 25 10 54 11 68 20 20 2 32 25 85 91 89 94 84 61 98 39 46 69 9 69 17 31 58 20 57 65 20 94 18 11 53 14 80 97 9 82 2 1 34 5 55 10 75 14 36 82 44 67 20 52 4 18 39 99 32 68 32 10 53 37 31 73 9 57 99 71 23 15 45 54 2 68 23 60 78 92 34 54 72 90
85 76 52 27 39 2 10 27 77 6 99 91 61 83 31 56 64 79 18 99 53 47 87 35 84 78 34 66 5 61 68 96 26 98 38 51 36 100 86 37 82 41 78 9 37 96 14 62 50 3 30 34 15 63 86 8 35 7 24 67 1 44 78 94 89 8 85 14 99 78 63 22 14 99 98 30 45 77 35 47 10 15 63 53 62 6 62 10 6 15 55 68 10 58 45 82 33 5 93 16
74 91 41 39 70 77 95 38 35 32 16 12 70 1 86 79 70 80 83 26 39 6 99 80 57 31 89 50 34 85 27 25 67 91 93 63 67 22 10 13 38 7 75 55 72 95 54 96 64 66 93 89 30 77 60 98 37 20 11 38 17 80 17 22 21 62 2 46 22 50 82 16 51 57 43 58 3 32 36 28 91 71 72 12 29 87 79 65 6 100 85 96 8 95 33 94 61 65 76 20
62 54 83 73 45 99 1 8 60 8 34 24 75 7 69 2 18 92 3 98 60 55 49 14 1 45 26 21 41 98 19 86 15 32 66 10 4 19 99 54 81 40 78 51 44 47 63 83 72 12 84 51 43 25 47 35 79 22 17 76 55 51 48 15 2 70 41 63 36 3 55 11 60 39 27 73 14 17 34 76 3 52 62 3 12 94 17 100 11 26 100 82 18 76 70 79 26 92 78 50
49 62 4 47 36 21 21 78 78 95 75 16 51 94 42 98 90 19 81 39 56 94 69 43 35 75 53 78 11 32 17 13 24 37 99 6 49 22 29 91 51 12 16 15 85 85 47 64 70 7 66 94 66 9 12 91 12 86 85 9 9 16 40 99 76 74 70 88 8 19 6 3 61 29 63 45 40 10 57 6 94 74 12 68 53 35 79 70 23 60 51 79 9 63 29 64 1 43 91 42
76 2 20 86 21 17 23 10 56 55 20 71 64 77 100 97 77 84 96 93 23 10 65 16 17 49 63 41 35 11 17 91 57 97 7 52 34 11 21 95 21 86 85 95 51 63 53 98 19 41 22 19 89 58 6 20 71 51 82 5 11 79 77 15 87 8 83 98 64 70 40 23 84 33 27 26 99 80 19 90 66 61 21 44 59 10 79 48 7 43 83 80 24 21 98 31 63 41 65 47
79 63 87 19 4 56 14 1 77 28 90 37 66 88 73 1 59 85 1 55 95 11 28 94 42 83 83 9 56 30 100 51 11 44 97 53 73 57 46 43 68 79 66 47 100 99 27 32 84 7 61 97 69 74 43 88 30 28 95 11 62 10 65 50 77 68 43 27 43 82 40 56 88 50 24 5 34 16 26 75 35 69 82 10 36 77 36 97 14 1 31 64 45 65 86 17 88 23 91 28
3 2 59 89 33 88 59 46 50 73 90 90 86 46 65 23 100 63 41 61 76 76 13 65 14 68 69 94 80 21 76 28 4 34 39 20 24 33 11 10 16 65 75 63 71 66 8 31 78 84 4 32 11 19 7 33 56 14 49 100 42 83 66 84 86 24 32 23 55 94 45 53 50 81 18 100 13 37 9 22 49 44 84 18 12 61 32 36 39 27 10 84 57 32 1 86 45 14 47 73
41 46 80 64 18 39 70 80 21 12 3 33 9 71 77 96 94 91 29 74 47 23 53 96 49 80 94 64 66 19 15 39 7 81 8 30 63 77 43 31 77 86 42 98 86 78 55 45 60 15 72 51 37 50 33 86 34 32 60 86 40 64 48 4 34 7 37 11 73 18 5 54 19 43 71 87 56 24 55 2 57 95 27 16 67 61 90 41 8 42 67 98 27 43 82 71 83 97 83 39
