50 25
120789642
-27681636
31505068
17691770
-23757236
-51815831
-91076293
-7633056
66676695
-124909405
-12357805
-43921036
-18055625
65966287
28169188
-116273095
122357534
99094558
-32092730
-4043565
-156519546
-30157663
-148595470
-114920160
55258493
-48142811
54430520
39116111
-97012831
-149784320
-56383956
33190766
-30345942
113058185
64201610
-127043844
-28030017
112560821
83017751
-133636116
-4499636
-90833800
-17447603
5342854
91525642
10462783
-114092724
-97585545
-19516706
97296602}
{-56709085
40333566
-138413010
-71513157
-120183425
-123457434
78700758
-21197931
138807549
103757428
24153542
-89103824
-131531200
148560043
-120173524
-66030408
44641563
-93395668
66532794
-138398638
-110188904
142314106
5182375
-94143329
-20570705
124429748
-32554604
120818437
-7733150
-68140470
-89299766
35330241
115206807
15540877
-70449567
-70523650
112760319
94786275
39579801
-138339763
93163828
32532115
57817594
9142706
118469062
-75265408
47447179
153667484
140869798
-27464082
