148471280
150039172
126776196
140739823
140242459
144546880
146114772
136815423
136318059
172605475
118492528
117782120
174173367
150910391
107074326
164874018
116017443
164376654
134833584
143341475
149112435
211865937
157752990
157042582
213433829
190170853
146334788
145506815
130192406
124267061
204134480
155277905
203637116
174094046
182601937
188372897
245699049
156414475
142601177
191586102
190875694
153078595
247266941
224003965
120865842
180167900
179339927
164025518
158100173
237967592
189111017
237470228
207927158
130252261
216435049
135372190
222206009
164710680
110597733
109887325
166278572
143015596
156979223
156481859
126938789
135446680
141217640
138845269
140413161
237062739
147778165
133964867
182949792
182239384
144442285
238630631
215367655
171531590
170703617
155389208
149463863
229331282
180474707
228833918
199290848
121615951
207798739
126735880
213569699
152882374
98769427
154450266
131187290
145150917
144653553
115110483
123618374
129389334
277309190
188024616
174211318
148886492
223196243
144161743
138463923
222485835
184688736
278877082
255614106
152475983
211778041
210950068
195635659
189710314
269577733
220721158
269080369
239537299
152019912
139071945
161862402
248045190
166982331
253816150
150947307
152515199
129252223
143215850
142718486
121683307
127454267
269385114
180100540
166287242
140962416
215272167
136237667
214561759
176764660
270953006
247690030
144551907
203853965
203025992
187711583
181786238
261653657
212797082
261156293
231613223
144095836
153938326
240121114
159058255
245892074
235709804
146425230
132611932
181596857
180886449
143089350
237277696
214014720
170178655
169350682
154036273
148110928
227978347
179121772
227480983
197937913
206445804
125382945
212216764
168932455
114819508
114109100
170500347
147237371
161200998
112344423
160703634
131160564
139668455
145439415
217802475
128517901
163689528
162979120
219370367
196107391
152271326
151443353
136128944
130203599
210071018
161214443
209573654
180030584
188538475
194309435
270573964
181289390
167476092
142151266
216461017
137426517
215750609
177953510
272141856
248878880
145740757
205042815
204214842
188900433
182975088
262842507
213985932
262345143
232802073
145284686
132336719
155127176
241309964
160247105
247080924
177173600
123060653
122350245
178741492
155478516
111642451
110814478
169442143
120585568
168944779
139401709
147909600
153680560
151135586
152703478
129440502
143404129
142906765
113363695
121871586
127642546
247833488
158548914
144735616
193720541
193010133
155213034
249401380
226138404
123000281
182302339
181474366
166159957
160234612
240102031
191245456
239604667
210061597
122544210
132386700
218569488
137506629
224340448
148819661
150387553
127124577
141088204
140590840
125326621
254425760
165141186
151327888
126003062
200312813
199602405
161805306
255993652
232730676
129592553
188894611
188066638
172752229
166826884
246694303
197837728
246196939
216653869
129136482
138978972
225161760
144098901
230932720
211623444
157510497
156800089
213191336
189928360
146092295
145264322
129949913
203891987
155035412
203394623
173851553
182359444
188130404
139805139
234882368
145597794
131784496
180769421
180059013
142261914
236450260
213187284
169351219
168523246
153208837
147283492
227150911
178294336
226653547
197110477
205618368
211389328
218375189
129090615
164262242
163551834
125754735
219943081
196680105
152844040
152016067
136701658
130776313
210643732
161787157
210146368
180603298
189111189
194882149
140306350
141874242
132574893
-2143246751
