100
500
500
500
500
500
500
500
500
500
500
500
500
500
500
500
500
500
500
500
500
500
500
500
500
500
500
500
500
500
500
500
500
500
500
500
500
500
500
500
500
500
500
500
500
500
500
500
500
500
500
500
500
500
500
500
500
500
500
500
500
500
500
500
500
500
500
500
500
500
500
500
500
500
500
500
500
500
500
500
500
500
500
500
500
500
500
500
500
500
500
500
500
500
500
500
500
500
500
500
500
100
999
999
999
999
999
999
999
999
999
999
999
999
999
999
999
999
999
999
999
999
999
999
999
999
999
999
999
999
999
999
999
999
999
999
999
999
999
999
999
999
999
999
999
999
999
999
999
999
999
999
999
999
999
999
999
999
999
999
999
999
999
999
999
999
999
999
999
999
999
999
999
999
999
999
999
999
999
999
999
999
999
999
999
999
999
999
999
999
999
999
999
999
999
999
999
999
999
999
999
999
100
3499
3499
499
1499
1499
1499
2499
2499
2499
2499
1499
2499
1499
1499
3499
2499
499
1499
3499
499
499
3499
499
499
499
499
2499
3499
2499
499
3499
3499
499
2499
3499
499
499
2499
3499
3499
499
3499
3499
1499
1499
3499
1499
3499
3499
1499
501
3501
501
501
2501
2501
501
501
1501
3501
2501
2501
501
1501
1501
2501
501
2501
2501
2501
2501
501
1501
2501
1501
2501
2501
3501
1501
1501
3501
2501
1501
501
1501
3501
2501
501
3501
501
2501
1501
2501
2501
2501
3501
3501
1501
2501
2501
100
3280
815
1953
4080
1987
1616
4788
3709
4904
2656
763
2978
3707
2000
2585
3340
835
1819
947
1771
2428
2330
3910
3340
2840
4572
2272
2256
4000
4893
1983
3998
2000
4827
870
2386
3575
4025
3225
1669
2631
4347
2034
4991
1000
4604
4873
1838
2515
1660
780
3298
820
4883
1606
246
4697
2146
2659
789
998
1873
3665
4582
575
1832
2320
2855
2196
1665
3989
4244
462
2365
2327
2784
637
2185
1846
659
4541
4684
4739
4549
2921
905
469
681
966
3884
3000
4927
4864
4985
1198
547
3574
2766
1172
2426
100
2169
1843
1114
1300
3562
2277
4712
725
1973
385
3941
149
3393
781
2398
3604
4981
782
731
2114
1625
1848
3867
869
1988
4772
3545
1750
4741
908
4994
1647
2000
2976
2863
3199
3000
226
2744
886
2775
3996
883
1627
1720
949
939
288
1874
2524
2875
1777
4811
394
335
2617
4396
3950
4110
1166
594
2108
523
1899
1222
2978
4856
398
4870
2000
1142
1983
4475
4000
936
3112
2248
2215
4908
996
2955
3933
2353
3059
3746
2821
4966
4170
23
415
2485
805
3073
4496
4046
2545
1415
3864
343
2569
100
5000
5000
5000
5000
5000
5000
5000
5000
5000
5000
5000
5000
5000
5000
5000
5000
5000
5000
5000
5000
5000
5000
5000
5000
5000
5000
5000
5000
5000
5000
5000
5000
5000
5000
5000
5000
5000
5000
5000
5000
5000
5000
5000
5000
5000
5000
5000
5000
5000
5000
5000
5000
5000
5000
5000
5000
5000
5000
5000
5000
5000
5000
5000
5000
5000
5000
5000
5000
5000
5000
5000
5000
5000
5000
5000
5000
5000
5000
5000
5000
5000
5000
5000
5000
5000
5000
5000
5000
5000
5000
5000
5000
5000
5000
5000
5000
5000
5000
5000
5000
100
992
1640
3535
289
2956
896
1505
2460
4768
793
600
4838
3200
2553
1559
3160
4313
3845
4111
1112
3975
4855
752
1875
1711
13
4517
4279
3297
2361
4313
3686
3757
3773
2561
3927
3677
515
1217
2901
2992
4853
4000
690
2659
4685
4403
272
876
5000
1179
2191
1750
1628
2490
782
589
5000
852
794
2000
908
500
4503
1954
1465
931
682
3250
3754
2091
3006
996
884
3489
1747
1059
1853
781
3856
1625
3437
4605
3000
1273
3590
2690
658
1954
2065
2550
1556
2274
231
3272
1178
2740
3315
1206
4057
100
2894
3905
3220
2746
1209
2044
869
3586
2000
871
4401
3507
4515
1505
240
3941
1556
4702
4048
3956
3786
2528
3495
2588
314
1922
1000
595
2667
2992
3103
66
2715
1120
347
1603
3610
3209
830
33
4993
4661
1809
854
4995
4908
3012
875
2810
580
2540
2749
1846
2000
83
4372
4729
2145
4347
336
2680
3189
2827
3908
3039
2597
3326
4236
4948
1196
2873
4735
4459
2569
913
4872
1607
3993
4935
3789
4000
2682
2924
495
1298
2653
3277
1555
3845
3806
4086
3513
4635
2000
4928
3481
1726
2511
555
2619
100
3287
787
1879
960
1545
3847
1110
1000
3056
2968
2930
2711
2660
1681
351
4695
1000
751
2478
240
463
2507
854
837
503
462
3521
4456
2874
2452
1563
2973
823
1759
4160
925
721
2000
4458
4414
1761
2361
4769
291
363
2593
907
1940
2193
232
1669
4269
942
2795
780
1766
4300
1000
4802
5000
3762
4493
1818
4814
1194
976
1913
3158
1301
3648
1746
3808
430
4742
1735
3675
3346
1898
1000
4685
902
4002
3674
958
2765
1908
1122
4817
603
1013
1507
1732
3398
3912
3598
555
2784
2598
3572
1621
100
1466
639
1210
4499
1461
4453
4205
1135
1591
3549
4504
52
55
4238
4179
3399
3654
3832
3232
4686
3263
223
1136
4329
1090
898
1482
4187
1388
4607
4483
2478
2528
158
3405
1636
4597
3064
2182
2991
2921
2012
2766
3339
4183
3383
1992
4765
3050
3283
3997
323
3446
2820
465
4406
4915
3594
2258
2905
706
1625
2192
4523
499
4185
1000
815
1946
269
1808
3824
1409
1667
2546
1397
586
2862
1249
1535
1905
4228
124
3372
1879
4257
4760
3632
2797
2769
3985
3665
4443
3353
4163
3395
3729
4488
3960
4803
100
3517
2772
3688
3447
4169
4928
2352
1836
4901
1515
1410
521
613
29
226
2562
2481
3233
4230
2710
3014
1485
3879
585
819
2809
1650
705
793
2982
927
4772
1718
4184
1859
2881
4479
1994
558
1557
382
1761
4211
2786
283
1638
980
4436
1519
820
4763
3754
851
2765
1181
1824
2886
4431
2382
3153
4723
3821
4506
810
3770
4370
2918
3752
1970
951
1550
4275
913
3547
3946
4725
3532
865
4872
3900
4387
2430
2569
4785
2000
3949
3016
1547
895
1973
3789
4938
4536
141
1360
1520
2024
554
1950
3376
100
3500
2500
500
500
500
500
3500
500
3500
500
1500
1500
2500
4500
2500
500
1500
1500
4500
3500
2500
4500
4500
1500
500
1500
3500
2500
500
3500
3500
2500
4500
3500
4500
500
1500
1500
500
2500
3500
3500
1500
3500
1500
4500
1500
1500
1500
4500
1500
2500
3500
3500
4500
3500
1500
500
2500
3500
4500
3500
2500
2500
1500
500
500
2500
4500
500
2500
2500
2500
1500
1500
3500
500
500
4500
1500
1500
1500
2500
2500
500
4500
3500
500
1500
4500
1500
500
2500
2500
2500
500
1500
3500
500
1500
4
800
700
1600
600
4
300
700
1600
600
4
300
700
1600
650
3
1000
2000
500
3
250
250
1000
4
1251
667
876
299
100
2737
2916
4950
2766
391
2024
1435
3340
302
895
1680
2593
1795
696
3000
2789
2915
1669
1855
2762
1809
897
1972
4848
1942
2877
1510
599
603
3921
603
4441
1446
2672
2880
685
3014
274
2807
556
1489
4984
4958
2137
2128
2248
2801
2407
118
2541
856
1767
2807
502
1000
2722
1553
1000
4489
625
2650
2154
1634
654
3056
668
4077
1412
2901
2869
3670
1830
2994
1394
4957
5000
1798
452
3645
4000
2602
2992
4218
3497
2861
2447
1807
3956
4000
3833
4647
2526
623
244
4730
3728
1454
2028
498
4932
100
4970
3862
3000
1743
3907
2408
212
2918
3278
3013
160
4419
1755
949
2738
2885
3841
4930
3910
2000
1768
1814
1232
617
1773
3739
2208
1755
502
4970
4227
4421
3493
1980
1156
3381
3980
1580
2963
4719
1474
4000
946
3017
857
1939
2425
4636
3946
2973
4997
3736
1773
3669
1695
3959
2025
2885
4653
4927
2395
2665
1125
3973
1795
2000
1953
4758
2661
4302
3828
685
3829
3710
2960
2276
4698
2386
3975
3917
2649
2467
4165
1629
1951
3365
4421
4784
3626
3499
4452
918
1987
3294
2000
4052
4830
2991
127
3184
100
1999
2999
3999
1999
999
4999
3999
3999
2999
999
3999
3999
2999
2999
3999
4999
2999
2999
2999
1999
999
999
4999
3999
4999
1999
1999
4999
1999
1999
1999
2999
4999
3999
1999
4999
3999
2999
3999
999
4999
1999
2999
4999
2999
3999
2999
1999
3999
4999
3999
3999
2999
4999
3999
3999
999
999
1999
3999
3999
4999
4999
2999
4999
4999
3999
4999
4999
3999
999
3999
2999
4999
1999
999
2999
3999
4999
2999
4999
1999
3999
3999
4999
2999
3999
2999
1999
2999
1999
2999
3999
4999
999
999
4999
3999
999
999
100
3514
2857
1979
1554
3972
1877
4839
4704
2247
3510
1780
1000
1018
2765
1982
3782
1583
738
4591
4
3661
3595
1205
3582
3201
694
577
836
4467
3435
2456
3238
3919
2670
3698
4929
4651
3743
1047
4126
1423
4514
1226
4397
2541
2925
235
2988
1107
1965
1000
4679
4417
1083
1782
860
1520
4425
1936
4800
203
2429
2011
298
936
4650
1234
2188
1528
2877
843
3403
2530
4869
876
4539
4646
315
1331
4000
669
1824
826
1231
724
47
2172
533
820
3246
478
1793
993
3000
714
4957
1000
3247
2845
3924
100
4000
2000
4000
1000
1000
1000
4000
3000
1000
4000
1000
2000
4000
2000
2000
3000
3000
2000
3000
1000
2000
2000
3000
1000
2000
1000
4000
3000
4000
1000
1000
4000
1000
1000
3000
1000
2000
4000
3000
4000
2000
3000
2000
4000
1000
2000
1000
1000
2000
4000
3000
1000
2000
2000
1000
2000
1000
3000
1000
3000
3000
1000
4000
3000
1000
1000
1000
3000
2000
4000
2000
2000
2000
2000
4000
1000
3000
3000
1000
3000
2000
3000
1000
1000
2000
2000
2000
2000
3000
3000
1000
1000
3000
3000
4000
2000
3000
2000
2000
4000
100
4240
3856
2762
2854
3529
859
553
4761
484
253
662
4934
4002
2777
1649
1696
2824
3878
4960
4134
955
4783
4384
1478
2577
2935
1737
3753
2724
3396
651
891
1229
4045
1630
3771
3728
3639
2748
1903
4722
3093
1654
3687
3988
1537
760
1479
3840
4998
3769
4912
1017
1785
2930
2177
3222
4906
2674
217
1570
3099
1512
1060
1478
3317
353
2722
755
3735
1622
4405
4921
2629
4845
1944
1015
4689
565
704
2419
2616
764
4392
3466
3071
162
4480
3849
2322
4052
1214
4100
4000
4559
3392
4670
892
3470
394
100
1497
4664
4774
4870
614
795
3548
4826
1143
4348
4653
3950
2860
4828
2990
1624
3587
2685
1025
3785
3870
2672
2685
2439
1982
559
909
2657
4994
500
2710
2443
2857
1584
1849
2163
3739
3353
456
1412
89
1326
2205
2512
1138
4808
893
1023
3822
527
4506
4951
336
1882
1140
539
1817
4829
4362
3825
3843
2704
1856
3362
754
3506
2461
759
1996
4434
2944
1972
4968
4703
3000
3474
101
3938
1078
3746
127
4669
4859
1728
1776
3717
1537
149
4359
3506
1688
2891
977
588
1865
1809
4309
4911
2253
4646
100
73
546
1796
2297
3619
643
599
1000
973
1613
2838
957
4459
2831
142
896
2771
3000
3970
2492
3581
110
1593
3616
2916
236
3431
1564
4544
4524
3096
4000
3821
820
2733
4451
1740
1995
2515
4000
1146
4553
4383
850
3339
1612
1381
2634
4537
1273
182
305
2932
2670
659
738
3293
3236
2585
771
2358
1967
828
1598
4479
4725
2000
1799
3230
3854
3780
4436
984
663
4907
4858
4643
538
4031
2135
2018
1735
3174
3281
4580
138
1756
676
3544
4000
3923
4339
2513
1
132
1976
1163
2045
607
949
100
1000
1207
4479
4521
2703
2865
4812
4948
4719
2886
4456
2055
3000
2748
3593
727
1954
4530
4523
1466
2251
2000
3741
4027
3203
907
1430
2279
3981
932
2202
703
4987
897
2201
4182
4506
3947
3917
4000
4820
3587
1288
5000
4000
1239
3961
3726
2005
3373
799
996
4306
2999
3983
3816
862
1556
1299
3809
2818
3474
477
755
3899
1955
4822
4787
2843
2922
3503
1250
1476
3909
4167
3122
456
3896
4132
2672
3964
1871
2595
4000
3000
995
2940
1555
1462
3524
1282
4111
4860
675
1677
3984
3681
634
2584
1602
100
722
3433
3961
4672
614
2956
2576
4495
3083
952
4178
2960
3208
3391
739
1699
2019
4798
3998
1836
4972
4659
4103
2970
3430
2964
501
682
421
1483
1940
4774
3184
3591
3760
1713
1290
1738
1839
955
338
2888
3859
1143
2506
3512
4779
3359
1481
1969
4652
4897
520
2348
3197
3265
3684
120
1757
1372
1499
1161
4539
1106
3565
1995
2292
3756
1891
1000
2800
1999
4968
1229
3847
4389
3846
473
551
4573
2752
2987
192
3682
2997
378
3960
601
202
2930
1231
1085
1116
2639
3298
2923
2540
115
4682
601
100
1
1
1
1
1
1
1
1
1
1
1
1
1
1
1
1
1
1
1
1
1
1
1
1
1
1
1
1
1
1
1
1
1
1
1
1
1
1
1
1
1
1
1
1
1
1
1
1
1
1
1
1
1
1
1
1
1
1
1
1
1
1
1
1
1
1
1
1
1
1
1
1
1
1
1
1
1
1
1
1
1
1
1
1
1
1
1
1
1
1
1
1
1
1
1
1
1
1
1
1
100
4500
4500
4500
4500
4500
4500
4500
4500
4500
4500
4500
4500
4500
4500
4500
4500
4500
4500
4500
4500
4500
4500
4500
4500
4500
4500
4500
4500
4500
4500
4500
4500
4500
4500
4500
4500
4500
4500
4500
4500
4500
4500
4500
4500
4500
4500
4500
4500
4500
4500
4500
4500
4500
4500
4500
4500
4500
4500
4500
4500
4500
4500
4500
4500
4500
4500
4500
4500
4500
4500
4500
4500
4500
4500
4500
4500
4500
4500
4500
4500
4500
4500
4500
4500
4500
4500
4500
4500
4500
4500
4500
4500
4500
4500
4500
4500
4500
4500
4500
4500
100
1196
3597
4414
2981
1269
731
1710
2935
1553
161
393
2537
4747
4232
1902
2678
4939
1436
2645
5000
4595
2622
1507
3629
4081
4248
4932
4696
2883
4419
1874
1869
2924
3657
2154
3620
648
3646
2998
208
780
3417
4802
4085
920
3694
4000
2427
2371
1377
3000
1873
3891
2382
322
1837
1238
3000
3540
3972
1704
704
2542
1651
4032
733
4703
4549
371
2766
4000
4679
3192
1057
872
1486
1322
4422
2721
4831
491
2824
4936
982
83
3096
880
2941
3965
3277
3677
2721
4585
1289
4824
4408
725
4912
2758
3112
100
499
499
499
499
499
499
499
499
499
499
499
499
499
499
499
499
499
499
499
499
499
499
499
499
499
499
499
499
499
499
499
499
499
499
499
499
499
499
499
499
499
499
499
499
499
499
499
499
499
499
501
501
501
501
501
501
501
501
501
501
501
501
501
501
501
501
501
501
501
501
501
501
501
501
501
501
501
501
501
501
501
501
501
501
501
501
501
501
501
501
501
501
501
501
501
501
501
501
501
501
0

