100
3641
2754
3992
98
843
2868
1364
671
4805
4762
2650
554
677
3427
3526
4953
1209
210
1584
3765
3179
1976
3939
2771
3376
686
3343
4985
1138
1930
2940
3810
644
2188
976
914
2452
859
3085
2990
4993
4357
987
2810
2995
778
2697
1218
1067
4960
601
2999
1910
4944
4981
760
4878
3000
1853
2246
1859
3660
206
2750
3710
1842
4988
518
1701
1582
3450
4326
4710
3186
3676
3617
4121
4022
416
2887
4671
3838
4553
3197
695
4769
4000
4995
3510
3327
3564
2656
1899
2898
2797
2385
3928
1538
1638
1413
100
500
500
500
4500
4500
500
4500
500
4500
2500
2500
2500
500
4500
1500
4500
3500
2500
2500
1500
1500
2500
1500
2500
500
500
2500
1500
500
500
4500
2500
4500
500
500
500
1500
1500
2500
4500
500
3500
1500
4500
3500
500
4500
1500
500
1500
1500
3500
2500
4500
1500
500
4500
2500
1500
3500
3500
2500
500
4500
500
2500
500
2500
2500
500
3500
500
3500
3500
500
500
2500
500
3500
2500
1500
1500
2500
2500
1500
500
3500
500
3500
1500
4500
3500
1500
1500
3500
1500
2500
500
1500
3500
100
4591
295
3132
3638
2415
4949
2517
3918
4801
3317
217
2933
4860
946
2745
1544
1796
4000
801
2576
2654
950
2575
1541
4077
1393
401
4526
4810
3106
5000
3640
919
2041
4614
1712
1940
2359
3813
4121
2445
1744
493
1927
5000
3708
3994
1719
4628
400
997
3840
3613
712
3344
1887
1745
4722
5000
2657
2110
1748
2000
1953
3765
562
373
2894
1398
1530
3747
4653
1182
1741
3000
784
3538
375
4810
2535
4789
2882
1636
4000
914
3725
1608
753
2894
3745
3894
4912
4351
4421
597
732
3474
2567
2882
3692
100
500
500
500
500
500
500
500
500
500
500
500
500
500
500
500
500
500
500
500
500
500
500
500
500
500
500
500
500
500
500
500
500
500
500
500
500
500
500
500
500
500
500
500
500
500
500
500
500
500
500
500
500
500
500
500
500
500
500
500
500
500
500
500
500
500
500
500
500
500
500
500
500
500
500
500
500
500
500
500
500
500
500
500
500
500
500
500
500
500
500
500
500
500
500
500
500
500
500
500
500
100
5000
5000
5000
5000
5000
5000
5000
5000
5000
5000
5000
5000
5000
5000
5000
5000
5000
5000
5000
5000
5000
5000
5000
5000
5000
5000
5000
5000
5000
5000
5000
5000
5000
5000
5000
5000
5000
5000
5000
5000
5000
5000
5000
5000
5000
5000
5000
5000
5000
5000
5000
5000
5000
5000
5000
5000
5000
5000
5000
5000
5000
5000
5000
5000
5000
5000
5000
5000
5000
5000
5000
5000
5000
5000
5000
5000
5000
5000
5000
5000
5000
5000
5000
5000
5000
5000
5000
5000
5000
5000
5000
5000
5000
5000
5000
5000
5000
5000
5000
5000
100
2000
2538
505
1721
4914
2506
492
3894
2665
966
2733
944
2189
289
1315
1505
963
4604
2497
317
259
4988
3533
757
925
4066
4269
753
1667
1998
20
2152
1477
2073
530
4907
4130
390
1047
3674
3909
329
2791
672
2954
3818
1365
4887
1921
2581
2875
3999
1831
3869
3808
1591
1297
1378
1952
3526
4517
3345
1885
3555
1708
1018
4827
4530
4885
2004
3886
2807
3142
5000
1981
4688
2857
2222
986
4999
4464
4789
1866
5000
3719
2116
1856
1328
2000
4469
955
2486
3310
3592
1278
3538
2889
322
4047
4804
100
4500
4500
4500
4500
4500
4500
4500
4500
4500
4500
4500
4500
4500
4500
4500
4500
4500
4500
4500
4500
4500
4500
4500
4500
4500
4500
4500
4500
4500
4500
4500
4500
4500
4500
4500
4500
4500
4500
4500
4500
4500
4500
4500
4500
4500
4500
4500
4500
4500
4500
4500
4500
4500
4500
4500
4500
4500
4500
4500
4500
4500
4500
4500
4500
4500
4500
4500
4500
4500
4500
4500
4500
4500
4500
4500
4500
4500
4500
4500
4500
4500
4500
4500
4500
4500
4500
4500
4500
4500
4500
4500
4500
4500
4500
4500
4500
4500
4500
4500
4500
100
499
3499
2499
2499
1499
3499
2499
1499
3499
499
499
1499
3499
3499
499
2499
3499
499
499
3499
1499
2499
1499
1499
3499
1499
1499
2499
3499
2499
499
499
499
2499
2499
2499
1499
3499
2499
2499
3499
499
2499
1499
3499
3499
2499
499
499
3499
1501
2501
501
1501
3501
3501
2501
1501
501
2501
2501
2501
501
3501
501
2501
3501
1501
501
2501
501
2501
1501
3501
2501
501
2501
501
2501
1501
3501
1501
2501
501
501
3501
3501
3501
501
501
501
1501
2501
3501
3501
501
1501
1501
3501
2501
100
2968
3699
2000
666
4763
1308
4705
816
1451
3927
3945
532
561
2760
3669
4441
4925
2173
2394
3707
692
4244
1174
4315
837
4325
977
496
4878
4923
2733
3679
1777
1405
142
3659
4239
4338
1594
4867
3905
4489
3797
1913
3125
2766
958
4814
322
4000
5000
561
2142
1841
500
3938
1875
3336
4925
1753
4869
2919
4716
897
2907
1899
609
1874
768
706
580
735
4452
3000
648
3560
1782
4634
2021
3900
2366
2799
4675
4848
129
1000
3715
3639
2902
1991
2000
2947
4780
4813
1693
4280
3225
656
3393
144
100
975
1305
2518
3128
3399
4046
18
1747
2289
2578
1351
737
954
331
2972
711
1893
4405
2688
3488
1259
4392
1466
3027
2863
1580
3398
477
1751
3858
4454
4330
3618
2913
1935
2870
2575
1538
3000
2370
1051
154
4958
762
1836
2859
3107
2712
4000
4592
4441
3333
2000
2247
3952
3974
1287
3820
2762
4802
4747
915
463
127
1586
1193
3292
3689
2323
3597
1312
2341
1379
443
3966
2871
1994
1690
4672
2877
4719
2988
1339
2943
1996
333
957
3539
2596
401
2643
1377
947
1906
4806
1168
2605
4561
4000
4986
100
499
499
499
499
499
499
499
499
499
499
499
499
499
499
499
499
499
499
499
499
499
499
499
499
499
499
499
499
499
499
499
499
499
499
499
499
499
499
499
499
499
499
499
499
499
499
499
499
499
499
501
501
501
501
501
501
501
501
501
501
501
501
501
501
501
501
501
501
501
501
501
501
501
501
501
501
501
501
501
501
501
501
501
501
501
501
501
501
501
501
501
501
501
501
501
501
501
501
501
501
100
1848
4968
3277
1825
4999
4174
4869
992
4392
970
1852
3244
3563
2552
1505
424
4144
2000
832
2885
4010
1493
2349
2623
2115
3593
3271
4851
1262
3669
8
239
1351
4805
1101
1260
1857
2175
2996
2365
3561
2898
4306
4931
816
2879
452
4192
1848
3455
1823
1620
875
1927
5000
2451
2063
1320
1688
5000
1579
939
235
4168
1000
566
2917
2046
737
3000
3337
1215
3817
884
2000
823
748
2569
325
3159
3534
2903
3907
4028
2282
4966
1433
917
4530
4931
2886
4932
2828
996
1123
3706
3111
3625
2599
3727
100
3000
2000
4000
2000
1000
4000
3000
3000
4000
3000
1000
2000
1000
3000
1000
4000
2000
2000
3000
3000
3000
2000
4000
2000
1000
1000
1000
4000
2000
2000
1000
4000
1000
3000
3000
4000
1000
3000
1000
3000
2000
4000
1000
1000
1000
4000
3000
4000
2000
3000
4000
4000
3000
3000
1000
1000
1000
4000
2000
4000
4000
3000
1000
3000
2000
2000
4000
1000
1000
3000
1000
2000
2000
1000
2000
1000
4000
1000
2000
3000
1000
3000
1000
2000
1000
1000
2000
2000
1000
1000
1000
1000
2000
2000
2000
4000
1000
1000
1000
1000
100
1305
4942
8
775
2356
2439
3424
4198
1000
768
3808
1843
878
2931
734
2750
542
3810
1892
2510
1006
2989
2874
249
3864
2554
2844
928
2236
4632
2439
885
998
4717
1514
1000
1742
3073
1000
1292
4428
2733
887
3422
3963
3897
4981
990
1172
748
4518
4802
3882
2989
4998
3716
99
616
2033
4316
1496
1727
646
2118
1682
4399
195
3434
4981
4915
3753
3343
2691
876
2043
1399
44
3985
3294
2999
3336
3544
1586
569
2968
2936
2561
4986
4339
2638
1575
3877
4850
4545
652
4725
1457
3643
1833
1932
100
999
999
999
999
999
999
999
999
999
999
999
999
999
999
999
999
999
999
999
999
999
999
999
999
999
999
999
999
999
999
999
999
999
999
999
999
999
999
999
999
999
999
999
999
999
999
999
999
999
999
999
999
999
999
999
999
999
999
999
999
999
999
999
999
999
999
999
999
999
999
999
999
999
999
999
999
999
999
999
999
999
999
999
999
999
999
999
999
999
999
999
999
999
999
999
999
999
999
999
999
100
1004
3345
712
2881
4916
1848
132
185
2554
42
424
2821
2158
2215
1243
5000
4000
745
4464
4820
183
4308
3377
1870
346
4366
4210
4431
3730
2234
3844
2209
4831
246
3794
944
4734
1810
1824
1912
4611
1399
3785
460
1855
1741
4520
3999
1000
1763
2944
1090
1202
62
2634
4559
4139
4947
539
2785
741
3325
2651
4577
1027
1985
1730
4297
1000
1042
3447
146
1821
597
3520
4763
3872
2886
4710
3558
4208
3453
3768
2427
5000
1143
4675
2772
3966
2934
780
2979
2399
913
4682
1760
676
4906
952
34
100
386
2799
4130
2237
4457
2350
2710
1913
3040
138
759
2762
3643
4331
3937
3977
4784
2387
949
784
4991
3461
1501
3838
3622
39
2818
5000
4806
368
1616
4835
1987
4532
4683
838
1879
3236
2445
1869
2819
4645
1183
3973
3808
851
777
5000
1754
1809
1136
3140
681
814
1694
4387
2929
1857
4637
3935
3621
441
3725
4661
897
688
1894
597
704
2825
1987
261
1157
1365
1301
98
2727
588
1814
198
1798
133
4252
787
1345
4798
383
4167
3757
3869
4189
3083
2077
1568
3810
2707
2184
1450
2393
4718
100
1088
883
1112
3528
34
2343
3668
1514
2000
3180
4879
2373
1967
2000
1636
810
722
675
3917
1737
3322
3684
4441
1000
1906
4914
908
312
3838
2731
928
579
3706
744
980
3000
3638
2753
2001
1509
2628
3816
450
3875
1866
962
4954
4897
4281
3352
4868
2841
2773
2899
3365
3829
2866
2663
3886
4417
1737
1520
60
3320
1862
4924
438
210
3733
2777
638
730
3393
1695
1744
3150
1734
214
71
3311
3800
1706
4623
783
2563
2000
4862
378
2891
2389
2623
4449
2681
1324
3274
2614
4390
1663
2474
1835
100
1
1
1
1
1
1
1
1
1
1
1
1
1
1
1
1
1
1
1
1
1
1
1
1
1
1
1
1
1
1
1
1
1
1
1
1
1
1
1
1
1
1
1
1
1
1
1
1
1
1
1
1
1
1
1
1
1
1
1
1
1
1
1
1
1
1
1
1
1
1
1
1
1
1
1
1
1
1
1
1
1
1
1
1
1
1
1
1
1
1
1
1
1
1
1
1
1
1
1
1
100
1186
2668
3462
130
469
2835
2360
5000
4777
1872
1535
1355
831
3456
1368
4244
1991
4814
3840
685
2802
3994
2038
4599
4653
4959
190
3306
444
4955
266
2794
2444
4896
2433
4955
3728
4717
2893
1873
4861
1942
3895
3525
3751
2916
1957
1486
2804
2439
1575
2486
3824
3774
2963
1912
2290
2239
3601
3621
3939
1873
4641
3634
2803
883
4433
1583
1119
2860
2727
4994
2766
1970
325
2762
3142
1605
225
409
4643
2215
2536
977
3148
289
1697
1652
2176
1708
800
2471
2623
3948
4034
4700
2240
2851
4547
2739
100
2809
3270
1000
2150
1412
1720
2715
2890
3913
2983
3741
3897
3946
4787
835
3739
1543
4173
3305
3831
3347
2079
4677
4900
3961
1404
1881
891
3862
518
4805
388
532
446
973
1924
708
190
1419
758
2928
927
5000
1000
770
1034
4727
2984
3448
184
859
3000
1679
1970
1824
900
2975
793
237
3595
1771
4970
2563
3710
1058
4304
2185
155
3419
1571
1948
61
631
3660
3434
1964
2252
4328
1517
190
4844
1805
3980
1791
4744
708
2234
3624
3544
3993
409
3424
1691
1926
1382
4965
1867
1276
4484
3665
100
2999
999
3999
3999
999
1999
3999
1999
2999
3999
3999
2999
999
4999
4999
1999
999
2999
2999
3999
4999
999
3999
4999
1999
3999
2999
2999
1999
999
4999
999
4999
999
4999
3999
4999
3999
3999
1999
999
1999
2999
1999
999
1999
1999
2999
1999
4999
3999
2999
4999
2999
2999
2999
1999
4999
1999
999
4999
3999
4999
999
2999
2999
3999
1999
2999
4999
999
3999
1999
999
2999
3999
2999
1999
2999
999
4999
3999
2999
4999
2999
999
999
2999
4999
4999
1999
4999
2999
4999
999
2999
3999
999
4999
2999
100
4975
3834
1957
1305
3981
4242
1846
1771
2669
3729
3520
3811
2956
3842
2518
4494
3704
720
4580
759
3995
796
299
3297
1000
1000
681
1363
752
2052
500
761
3243
1615
2605
3430
788
1503
2566
3364
4489
4160
4293
4795
1194
1070
3554
4878
1415
3889
2495
4305
1569
1973
4595
572
543
1630
669
4859
1868
3666
2841
4709
4021
2077
4609
995
2605
2955
1410
3847
4458
3936
2322
3529
4927
792
4808
3443
859
3982
632
3744
3049
4243
2350
252
3183
2565
1027
4631
1546
1127
2057
3035
3002
3019
3000
1682
100
2150
23
119
2752
2949
2022
3342
3774
2589
3269
4124
2000
2935
4381
1313
2919
1390
174
3195
1223
3510
1505
617
229
3155
4146
2699
4787
4326
447
3000
3171
112
734
545
4169
401
2674
2896
4849
1262
3089
1638
1593
161
2925
3227
3246
2422
2361
1339
1492
594
4274
4642
4779
4632
538
1000
3416
2048
1876
1374
4674
3454
3232
4050
2997
145
2906
3805
1660
1639
4895
2229
3489
2332
192
4371
4472
2680
3989
4293
370
1560
2035
3727
2676
2739
590
4880
1510
4586
727
4667
4310
3459
3934
3910
407
100
22
2309
1587
3578
633
4515
2430
3265
3606
1688
1288
2943
1120
2057
2351
4715
4206
4959
3866
574
2693
682
3765
3459
427
2975
2287
2849
2031
789
3504
2121
3720
2099
3873
1104
1949
3880
2237
3555
4917
3564
1888
500
4000
3576
1617
1663
1901
1762
3868
3423
3529
1804
4415
3018
871
3952
4187
4949
1896
2652
144
1788
3730
3902
3359
2854
4650
1418
3669
455
4082
1950
1583
4668
1871
1315
4304
3841
4347
3994
4026
4296
957
365
2905
3930
1482
1909
336
672
98
966
4441
2998
3824
2884
904
977
4
800
700
1600
600
4
300
700
1600
600
4
300
700
1600
650
3
1000
2000
500
3
250
250
1000
4
1251
667
876
299
100
2048
1837
3951
3846
550
1604
3722
4125
3809
1460
830
2907
3509
3052
290
190
579
550
4390
4000
4275
1821
4832
2775
2412
1892
608
1464
967
3527
2951
1825
2530
916
4973
3496
4329
3792
4811
4805
2791
487
2412
457
2870
4724
1274
3944
1612
2190
2764
3835
1683
4142
1848
4355
2000
2000
4332
1921
2473
61
1964
534
986
218
2997
191
2255
2929
2053
3738
1606
992
4396
3805
3265
3117
951
2748
3842
903
1674
4749
1546
1167
1119
497
3123
2133
1296
1091
1730
3286
3174
4093
213
4910
4424
879
0

