100
1022
2368
991
3175
1208
2375
2661
2979
898
2910
1817
2229
3187
2847
2976
3724
2104
4618
4049
3000
1902
4651
4775
934
221
3773
2219
3523
545
4540
1856
3825
608
3731
4024
2525
4662
4456
1801
4656
3771
3633
2562
1336
4529
1769
1778
916
2874
3304
3823
876
908
1962
841
3068
871
1848
1937
1158
1692
1259
1247
361
4771
2428
4667
820
1909
1686
1263
2216
4530
743
1668
3478
4625
1086
1985
2666
4069
4694
2989
3392
214
562
661
373
1932
2741
337
2952
1510
1874
3013
1706
4056
4000
3587
4472
100
3658
1937
149
1670
1972
3269
3951
893
2940
3371
1533
4462
2564
2929
4787
881
2072
546
2000
4635
1692
3684
856
364
1386
533
838
3934
3000
3836
5000
4581
4569
3955
1982
3539
3737
4716
820
796
3523
1816
2968
2911
4902
4826
955
1025
1922
81
2939
4510
1333
2983
4784
1881
4951
4511
79
1902
4229
2968
683
4052
2748
4000
1671
3732
3624
2181
743
3912
25
4674
3477
1090
3295
1795
1999
4756
4392
2974
933
745
616
920
719
162
862
4021
4657
1764
3848
2266
2260
1987
59
3963
2781
3005
100
1
1
1
1
1
1
1
1
1
1
1
1
1
1
1
1
1
1
1
1
1
1
1
1
1
1
1
1
1
1
1
1
1
1
1
1
1
1
1
1
1
1
1
1
1
1
1
1
1
1
1
1
1
1
1
1
1
1
1
1
1
1
1
1
1
1
1
1
1
1
1
1
1
1
1
1
1
1
1
1
1
1
1
1
1
1
1
1
1
1
1
1
1
1
1
1
1
1
1
1
100
499
499
499
499
499
499
499
499
499
499
499
499
499
499
499
499
499
499
499
499
499
499
499
499
499
499
499
499
499
499
499
499
499
499
499
499
499
499
499
499
499
499
499
499
499
499
499
499
499
499
501
501
501
501
501
501
501
501
501
501
501
501
501
501
501
501
501
501
501
501
501
501
501
501
501
501
501
501
501
501
501
501
501
501
501
501
501
501
501
501
501
501
501
501
501
501
501
501
501
501
100
2125
1647
3681
950
885
4000
1360
1759
1894
4673
3608
2493
685
1915
4371
3875
3969
3884
4795
4345
4628
3307
4992
4974
1753
3907
874
2258
4860
2569
3371
2646
2727
3746
3536
3884
4000
4334
3349
4541
3853
3492
4000
4297
1810
3119
3603
3860
2863
972
3904
4583
1835
4638
4046
4163
2919
839
4151
1000
2215
794
4972
996
3155
3601
2487
2144
1468
875
1468
2827
2604
2099
4044
1851
769
1431
568
3805
4994
2917
1294
4931
3875
2349
3671
837
1927
238
1279
3650
1680
1615
1700
2471
1944
4645
1843
2200
100
2332
4834
2020
627
3911
3343
2917
4934
4981
337
4697
4915
2632
506
283
1671
3806
1751
1601
4513
605
1735
1672
4845
739
4815
4552
3896
2622
372
742
3484
800
4851
1896
202
3713
1019
4933
4704
2000
4251
1908
3987
1822
1851
3216
840
3929
2725
3009
860
438
918
1900
3710
2547
2801
3304
1503
3661
3965
1023
3510
3650
3074
1924
2561
1207
2000
3789
4834
2542
1713
4705
917
863
840
1585
2322
2392
2727
1662
3845
870
990
2061
3443
3781
2471
3794
2537
4765
3917
2775
898
2946
3922
1700
1520
100
912
3302
2527
3257
4921
2867
4991
860
4687
1959
2175
4000
4994
1390
439
2784
1860
3939
3894
3483
4680
3955
3959
3728
2602
1733
1487
1624
866
4948
310
4142
5000
674
2293
1464
4626
2781
248
189
748
741
1310
4559
4926
2127
4612
1120
4617
2352
3372
3476
3527
1409
2723
36
2906
3677
896
3936
3577
4000
3000
523
689
1944
4697
4074
4394
3964
506
1664
951
1251
367
3327
4940
3819
2280
3939
4602
4389
2725
3464
3489
3535
4023
3495
2925
1153
824
4228
984
1548
4570
2298
4965
677
1036
1121
4
800
700
1600
600
4
300
700
1600
600
4
300
700
1600
650
3
1000
2000
500
3
250
250
1000
4
1251
667
876
299
100
2999
999
1999
4999
1999
2999
3999
1999
2999
1999
4999
4999
4999
4999
999
3999
999
3999
1999
4999
2999
1999
1999
1999
3999
2999
999
999
4999
2999
3999
3999
1999
1999
4999
999
4999
4999
4999
999
2999
3999
1999
1999
2999
999
4999
2999
999
4999
999
4999
1999
3999
999
3999
999
4999
2999
1999
2999
1999
2999
3999
1999
2999
3999
2999
3999
1999
1999
1999
2999
2999
3999
1999
1999
4999
3999
3999
3999
1999
4999
999
999
999
999
1999
3999
3999
999
2999
1999
3999
1999
3999
4999
999
999
3999
100
1401
1594
2539
4301
4670
1922
2411
1013
2902
2000
4695
3912
218
1862
4427
4872
2642
3880
1712
3506
604
2686
4207
3000
2682
1312
2921
1997
3794
4724
2663
1996
2306
2983
4755
1842
1803
1145
839
2309
4469
4446
2890
870
4308
3538
774
97
5000
836
4952
3763
946
238
3180
1070
4915
3766
1294
650
4813
4913
4440
2262
4741
4723
1335
334
4647
2902
418
4766
2686
2478
2971
655
3207
2811
4586
4843
4827
1985
2544
3470
4341
853
2973
907
3403
2297
2884
1772
1245
454
3419
3895
2861
980
1920
1433
100
3080
4494
1230
2977
4981
147
4893
4064
1070
1501
4555
1649
5000
4483
1246
2368
4666
4600
3350
3896
449
1530
4758
3688
2993
868
765
4595
1180
1521
1810
3999
3319
3569
1396
4399
2746
2609
813
4588
2611
2869
4472
1843
1808
2642
993
1787
289
1800
1355
3826
3212
2449
1736
1333
4671
4987
4866
1975
2960
3122
9
4858
606
2618
2915
2387
3634
4810
3335
1010
800
2177
3957
1250
4751
4506
846
3697
3337
426
1758
3844
565
1000
4897
4967
2885
3141
1985
4416
2813
4941
742
13
3097
104
3102
4442
100
4350
4186
817
3750
1887
2928
4333
254
3608
2766
3286
2309
4954
4825
2000
4198
3851
1674
3707
2075
729
4035
1635
3281
1117
526
107
3897
3755
4938
816
2157
3354
1740
1085
1554
3443
1805
4476
3734
934
1570
2554
2541
341
110
3843
1796
1795
4833
2253
666
3275
2793
3531
1710
3712
820
5000
2970
4873
3955
1110
1681
1195
2908
2680
3461
2967
2505
684
2083
4525
4360
2063
1161
375
3235
2967
360
3402
2812
268
4976
562
2850
5000
3981
2741
955
3064
2877
1674
3427
2570
3972
3083
912
2886
2900
100
2859
2010
3923
4000
243
3889
1784
4479
3180
2592
1976
4722
4970
860
1619
697
5000
1513
541
816
3542
3835
2462
1247
2601
1121
3000
904
2862
415
2312
253
1875
1718
577
4316
2805
220
2500
1562
2840
1315
1086
1569
4915
4460
3959
639
3444
3143
830
763
1052
4510
1547
3598
4528
3421
1069
2371
4466
1990
4000
863
4316
1870
2206
4892
827
2844
1636
2948
4095
2485
2964
3891
1690
2932
389
879
2591
2065
1391
1921
2896
2616
2902
3736
1531
3991
172
1813
1000
2857
941
829
4901
4759
3762
857
100
5000
5000
5000
5000
5000
5000
5000
5000
5000
5000
5000
5000
5000
5000
5000
5000
5000
5000
5000
5000
5000
5000
5000
5000
5000
5000
5000
5000
5000
5000
5000
5000
5000
5000
5000
5000
5000
5000
5000
5000
5000
5000
5000
5000
5000
5000
5000
5000
5000
5000
5000
5000
5000
5000
5000
5000
5000
5000
5000
5000
5000
5000
5000
5000
5000
5000
5000
5000
5000
5000
5000
5000
5000
5000
5000
5000
5000
5000
5000
5000
5000
5000
5000
5000
5000
5000
5000
5000
5000
5000
5000
5000
5000
5000
5000
5000
5000
5000
5000
5000
100
939
4230
1820
359
4996
2773
3940
4314
2733
4535
4034
1355
4287
4910
4551
755
611
3415
4635
873
2479
941
900
1650
2353
4699
1748
3750
4535
2835
3757
4448
240
1926
4933
1611
527
1850
851
3378
1234
3731
980
2375
319
2949
3724
4566
4292
425
4954
4093
1625
1665
1091
1703
2304
4271
3992
594
3954
908
1206
4799
1159
940
1360
1445
930
207
729
4483
3444
4673
3259
3738
3490
4905
2596
5000
4269
4623
886
3183
1462
2779
398
4079
1724
4892
248
2023
1021
618
1758
89
4459
763
2236
1261
100
4000
4953
1166
4230
4934
3000
4751
361
1950
4534
897
1375
4973
3745
4767
4868
1798
793
1932
2915
3616
2159
2208
4565
2964
3703
1711
3804
3808
3516
3800
3930
55
880
778
562
4994
4183
4516
1724
438
1855
379
4728
603
1676
107
792
1966
20
544
4624
1647
3882
1360
2406
3070
4755
1157
2907
3926
4709
2609
2661
2711
1228
3522
2434
1354
3663
1973
3426
2702
367
4904
2921
2894
1847
836
339
4880
1517
3573
900
608
1887
68
356
1000
262
1823
488
1320
4288
480
1352
424
3931
4490
2444
100
3996
4000
4308
4653
479
3654
3601
2774
4084
129
1663
938
2853
636
1520
1766
2997
924
2017
3860
4818
1361
951
646
696
1881
4487
1815
1422
1720
4774
4559
3375
1762
3895
3061
341
3602
3540
947
4966
630
1067
2661
1130
2739
3821
957
4759
2476
4873
3982
1835
1728
4563
1644
3637
4264
3501
2232
472
729
3913
1482
1420
3906
2477
2563
3866
3342
4048
2000
2828
4661
1914
215
1359
152
1477
754
4547
3461
505
213
869
2462
347
11
925
662
3756
4115
4828
3688
1224
2187
762
3721
3951
1312
100
1499
1499
499
2499
2499
1499
3499
1499
499
499
499
2499
1499
3499
499
499
2499
3499
499
3499
3499
1499
1499
2499
1499
3499
499
2499
499
2499
499
2499
499
3499
499
3499
499
499
499
499
3499
2499
1499
2499
2499
1499
1499
499
2499
2499
2501
1501
1501
3501
501
3501
1501
2501
501
1501
501
501
501
3501
1501
3501
3501
3501
2501
3501
1501
2501
1501
1501
501
3501
501
1501
1501
2501
501
3501
2501
501
1501
501
2501
501
2501
1501
1501
2501
1501
2501
2501
2501
501
1501
3501
1501
100
500
500
500
500
500
500
500
500
500
500
500
500
500
500
500
500
500
500
500
500
500
500
500
500
500
500
500
500
500
500
500
500
500
500
500
500
500
500
500
500
500
500
500
500
500
500
500
500
500
500
500
500
500
500
500
500
500
500
500
500
500
500
500
500
500
500
500
500
500
500
500
500
500
500
500
500
500
500
500
500
500
500
500
500
500
500
500
500
500
500
500
500
500
500
500
500
500
500
500
500
100
999
999
999
999
999
999
999
999
999
999
999
999
999
999
999
999
999
999
999
999
999
999
999
999
999
999
999
999
999
999
999
999
999
999
999
999
999
999
999
999
999
999
999
999
999
999
999
999
999
999
999
999
999
999
999
999
999
999
999
999
999
999
999
999
999
999
999
999
999
999
999
999
999
999
999
999
999
999
999
999
999
999
999
999
999
999
999
999
999
999
999
999
999
999
999
999
999
999
999
999
100
1986
3462
3086
513
4859
3806
523
3565
1743
4589
2000
3474
1370
1642
3643
3962
2687
3466
1771
1744
2091
1912
131
1660
2564
2796
2364
838
429
3714
3537
2301
1681
2611
843
4689
1145
1879
4820
994
3909
4021
3684
475
4766
1166
4625
4158
2636
1970
2161
584
3189
696
4897
4722
4145
4490
3297
4192
3973
1159
2297
3222
950
970
3880
990
830
2264
941
2267
2561
1919
48
4520
2801
2942
1954
1884
1195
2735
4936
2657
4625
1807
2340
3248
4932
3982
1894
2708
801
1000
670
3287
808
666
769
3646
100
1500
2500
500
4500
2500
500
1500
4500
1500
1500
2500
3500
500
1500
3500
2500
500
1500
4500
1500
2500
500
2500
4500
3500
2500
2500
2500
500
2500
4500
4500
4500
2500
2500
3500
500
4500
2500
4500
500
500
3500
2500
1500
2500
2500
500
3500
1500
4500
1500
1500
2500
500
4500
2500
4500
500
2500
3500
2500
3500
500
500
2500
3500
1500
2500
2500
500
2500
4500
500
500
500
3500
3500
4500
4500
1500
4500
1500
4500
4500
500
2500
4500
500
1500
3500
3500
2500
4500
1500
500
1500
4500
2500
500
100
3000
3000
3000
3000
1000
1000
3000
3000
3000
3000
2000
3000
1000
2000
3000
1000
1000
3000
1000
2000
2000
4000
3000
2000
2000
3000
2000
1000
2000
3000
1000
3000
1000
4000
1000
2000
2000
4000
3000
2000
3000
2000
3000
1000
3000
4000
1000
1000
1000
3000
4000
3000
4000
1000
3000
4000
3000
4000
3000
4000
1000
1000
4000
4000
3000
3000
4000
2000
3000
4000
1000
4000
4000
3000
3000
4000
4000
2000
2000
1000
2000
4000
1000
1000
3000
1000
3000
2000
4000
1000
3000
2000
2000
3000
2000
1000
3000
4000
2000
2000
100
497
3986
113
4874
4482
282
3664
1197
1803
1203
2672
2660
4490
1798
636
2432
4865
4713
2335
308
1227
4000
4085
662
3000
411
3645
4816
4800
984
2371
1969
151
3927
3489
4112
1823
3613
1551
1579
2007
3703
4453
3000
1813
1689
590
2840
800
1823
1000
4865
3522
4958
4638
3315
1301
99
3994
4563
3716
3686
3868
514
508
3908
1947
110
897
3566
385
4751
3518
1288
1717
561
1458
2120
698
1627
3103
4780
914
4649
790
4114
1264
1649
464
3531
3669
3646
1824
4000
4590
4470
4684
3148
4216
111
100
1417
83
1871
3767
1337
1402
43
376
3751
3596
4165
4046
791
1315
484
1065
3116
4131
2215
3378
3208
3724
3878
3741
1956
1083
3365
3574
1454
3164
2754
1119
3157
4756
164
3744
1816
2501
1182
4494
1849
4313
4655
4242
4055
3659
3869
2028
1840
4416
415
2437
2346
3297
4266
117
4175
3051
4854
2786
4583
918
4183
314
327
3056
4262
3740
3000
1926
2396
4322
2512
4832
4112
3952
609
3122
4770
4557
3638
2745
2121
310
4913
3144
3379
2771
4380
2724
1557
285
1470
341
2132
4249
4888
3552
2306
1093
100
4559
1929
38
706
3660
4829
3210
3000
3422
363
2788
4806
553
4136
4000
3558
4314
4818
4267
2927
4343
4000
1655
678
939
136
4987
4796
4777
4256
904
3655
5000
311
1116
2539
120
3107
3467
696
2563
1971
5000
4313
3647
50
795
3000
2400
3128
3875
2000
2576
3998
2207
3585
3637
5000
3213
650
1944
4923
1951
1915
386
2087
627
1640
923
2920
1838
4929
751
28
4415
2921
4080
1276
1936
3870
2739
1999
286
2992
73
1040
1833
271
3874
2909
94
1609
296
4596
4967
4990
1995
1820
4891
4571
100
4500
4500
4500
4500
4500
4500
4500
4500
4500
4500
4500
4500
4500
4500
4500
4500
4500
4500
4500
4500
4500
4500
4500
4500
4500
4500
4500
4500
4500
4500
4500
4500
4500
4500
4500
4500
4500
4500
4500
4500
4500
4500
4500
4500
4500
4500
4500
4500
4500
4500
4500
4500
4500
4500
4500
4500
4500
4500
4500
4500
4500
4500
4500
4500
4500
4500
4500
4500
4500
4500
4500
4500
4500
4500
4500
4500
4500
4500
4500
4500
4500
4500
4500
4500
4500
4500
4500
4500
4500
4500
4500
4500
4500
4500
4500
4500
4500
4500
4500
4500
0

