100
4 2
5 2
6 2
1000 1000
1000 1
2 1
486 376
890 668
664 621
500 236
500 255
3 2
500 244
999 1
491 397
1000 511
945 867
3 1
1000 255
500 117
777 739
999 488
491 368
767 719
999 497
1000 512
513 500
500 250
904 829
742 669
999 498
782 740
1000 510
289 216
500 500
1000 2
704 552
647 503
999 2
855 807
4 1
750 696
708 564
500 2
460 413
999 511
500 113
646 523
362 333
1000 256
1 1
990 900
762 608
500 256
5 1
999 999
1000 128
892 706
562 540
999 998
500 128
500 245
1000 499
278 262
1000 270
500 499
1000 500
451 433
531 412
1000 498
977 740
999 128
1000 488
999 512
999 487
999 256
999 127
392 358
514 399
999 492
500 248
500 127
871 806
298 284
719 544
330 324
2 2
999 255
982 933
1000 489
353 271
370 349
500 116
999 499
1000 127
1000 999
500 249
500 1
999 412
500 252
