100
4 2
5 2
6 2
1000 1000
1000 1
693710 669503
330894 305529
5 1
335378 307742
754402 752645
946779 877370
500000 237856
999999 499999
500000 253250
999999 262144
946442 742499
999999 524287
1000000 499998
500000 128
500000 229919
433334 332007
324208 255323
999999 127
273926 227115
809192 661389
1000000 1
786270 694139
397360 378501
1000000 999999
3 1
1000000 521867
1000000 524288
856509 683193
999999 999998
500000 262144
500000 131071
500000 500000
999999 405867
336197 275801
999999 1
277480 232681
1000000 475713
1000000 262144
883943 734385
1000000 499999
778193 614912
999999 499998
864560 859010
500000 249999
999999 999999
375934 343881
730271 707767
500000 237857
251567 222176
500000 131072
886189 799512
1000000 127
1000000 524287
1000000 475712
999999 128
500000 499999
500000 1
833909 692850
999999 475712
999999 524288
834218 819733
764433 704443
2 2
4 1
1000000 274626
928282 708530
500000 127
393468 376964
1000000 128
1 1
500000 249998
1000000 1000000
1000000 500000
3 2
1000000 2
753784 631756
999999 475711
850794 661090
746957 663736
709288 643456
999999 482633
255679 230959
999999 262143
2 1
829401 700182
316039 239995
428004 412790
1000000 262143
500000 2
252763 251510
500000 262143
812618 694354
999999 2
999999 499997
500000 250000
