50 50 8
53201047392344411470438731252072209638476606576022
13242641632370617792332244270350675420864470404947
76372756316250650550563212732102937351075767336672
43391440260272522122049404306241926052045602433410
52720091423022222223344046324704721322132522334463
61693424425167321660472564434627234092497347246494
74134790436364436322363453027722019104342653173246
06407501031023661315440613726761261950342364317750
32434003036734297520344434846325625906542524345344
05729429300314444521730193634776225440322622762751
86170432967422452264329256425612350934624120326541
26260636676449250472787131576465747405632235055443
40432921056447267224144437767405026230355213327648
24472704922530039761140156512267320526045880236176
07436062226225795544236739634472433612487916576911
55028479331202644253542466261627757154341742036422
44736123293411696555237251437134202024002321292635
81006264110473511002519270476632234036184209203337
34270476462376904464776536713540006776077721473323
32686034469090324371414045247233600414023574431213
04080796152524541314625733207636637252102345120474
36904177763204264504704640313204912205748211284652
57646677253297155293792204031260531495473582235447
61433022620013614311260112334301203542233443703533
26244220666366257106223555253272744437143551534343
72304587152225442705443405915460720321040950035230
47266334792647716333950266050273713405293544063606
42436560231720147179723145056172462274137306344833
67443441401341276340150714410757027270244643654052
40404753669203250556387534301404004772563702525335
33666140790372604312034023231462405523170203279455
28102241646055944326071031547720270757259214611268
87746061343006140377547262199332060353244672704332
41225292920224383122136357428437525343572422270572
92160034046626479600394426924399953726374944127112
34214633560182413271544514253244940522222796462242
90062659764619121220592222437422113522730203122504
62132594362434364325233673235334175411672571335787
73620117121304602302723930343349513021441324772513
17763541417154976777536460213763760329204066378655
63263664266374779346744404484544692004111522323332
44632343821194331534223464082067723522091642446477
19604176094424473236373041633400242226774002570136
26233643026251007443132567680196513234006280452006
56654403268971142737776260023025532206663443245553
03675233864254722764052295365207973334724257032549
26647441241535162193323334617330476964344433334454
72463395769420225214343614245237240974142331159757
14226384625321023247202066906229042200415265466217
22420733370592047743255351070026772752224341534396
