100
2716
1819
3850
1435
2867
2907
860
1886
2937
4971
578
796
4260
3533
242
2673
4778
1847
3643
942
4544
4985
4921
77
2650
1184
2381
3732
597
757
3000
4843
3380
4183
4401
4902
802
2181
2787
857
2790
1866
645
4356
3738
4313
451
4278
2132
110
924
4764
2991
741
4078
2218
1889
4860
2460
953
570
4822
2222
3477
440
13
3903
2601
1443
4844
4090
3826
92
477
2337
2738
1686
610
3985
3339
2965
2915
786
5000
2739
3953
2480
3279
4249
1652
4000
3931
4285
675
1842
34
326
2268
2898
470
100
3978
1852
4248
4653
3682
3572
984
2011
4943
1720
110
4571
1697
2794
3873
1538
4405
833
2557
4986
1253
944
3791
3428
4792
3471
4659
3545
1550
1645
4751
3525
3380
1795
4561
2729
558
1453
4861
3633
2912
1934
3957
3253
1498
3222
975
2512
4578
250
4550
3262
2948
894
2593
3906
857
2279
4
835
54
3214
2492
4138
729
1848
886
2285
4358
3873
1594
1747
4742
2864
89
3758
4735
575
578
1675
2450
1287
1248
3640
1952
530
726
1511
4708
4768
2650
3256
4327
4873
1508
2279
3332
2473
4118
3376
100
2499
3499
1499
2499
499
3499
1499
3499
3499
3499
2499
1499
1499
2499
499
2499
1499
3499
1499
3499
499
1499
1499
1499
499
499
1499
2499
3499
2499
1499
3499
3499
1499
1499
1499
1499
499
1499
1499
3499
499
3499
499
3499
3499
499
3499
3499
1499
2501
1501
3501
2501
2501
501
1501
2501
2501
1501
3501
501
501
1501
501
1501
2501
1501
1501
1501
501
1501
3501
3501
2501
2501
3501
3501
3501
501
501
2501
2501
1501
2501
1501
2501
1501
2501
1501
1501
3501
3501
1501
501
501
2501
501
3501
3501
100
3999
999
999
2999
1999
4999
2999
2999
2999
2999
2999
4999
4999
999
4999
4999
999
3999
3999
3999
2999
4999
3999
999
2999
999
999
4999
4999
1999
4999
999
2999
2999
1999
2999
1999
999
999
3999
2999
999
2999
4999
1999
2999
3999
999
3999
999
999
999
2999
999
2999
4999
999
1999
1999
1999
1999
999
4999
4999
1999
3999
1999
2999
999
999
1999
999
2999
2999
3999
999
999
2999
3999
999
999
999
4999
2999
3999
3999
4999
4999
1999
999
999
4999
4999
999
3999
2999
3999
4999
3999
1999
100
746
607
1928
1368
2808
4771
1305
4022
3611
4596
2603
1492
4299
2876
3121
4891
542
964
1306
826
1772
4587
1080
643
2811
2880
2494
2642
4836
4187
3828
3906
3939
3405
2000
4672
1721
1917
152
4390
3674
2380
2476
4887
2292
1930
2683
2295
3166
3562
1155
653
3507
1743
2168
1342
3836
4521
3757
3765
4814
693
4808
3933
2426
1783
1000
3863
995
4902
160
947
4754
3736
1995
2720
4942
1240
2108
3654
649
3781
1837
1921
2885
2798
396
265
2588
1243
210
1405
4554
4000
239
4614
510
2534
3661
1403
100
616
4244
348
1826
4930
2639
3599
3300
1067
385
2940
2155
1971
2381
2036
3936
204
2763
898
3401
4963
536
374
1903
459
1451
4736
2909
1930
2714
4250
2865
1808
3368
881
861
4814
4422
1530
1804
1988
4057
4431
4058
4939
4501
629
3758
2826
4000
3656
4250
834
3732
1819
368
183
2722
3737
3513
1000
1123
4019
4719
16
913
2239
4188
3563
365
4583
1985
3043
1850
3831
857
1991
3971
4565
3376
529
839
1734
1878
1568
2588
1987
882
3683
2449
3413
2971
1936
2000
577
322
4168
2273
3007
353
100
5000
5000
5000
5000
5000
5000
5000
5000
5000
5000
5000
5000
5000
5000
5000
5000
5000
5000
5000
5000
5000
5000
5000
5000
5000
5000
5000
5000
5000
5000
5000
5000
5000
5000
5000
5000
5000
5000
5000
5000
5000
5000
5000
5000
5000
5000
5000
5000
5000
5000
5000
5000
5000
5000
5000
5000
5000
5000
5000
5000
5000
5000
5000
5000
5000
5000
5000
5000
5000
5000
5000
5000
5000
5000
5000
5000
5000
5000
5000
5000
5000
5000
5000
5000
5000
5000
5000
5000
5000
5000
5000
5000
5000
5000
5000
5000
5000
5000
5000
5000
100
4468
807
2862
1991
1797
2867
2638
1384
4995
3115
4862
3871
3274
2639
2253
1848
1142
3097
3544
811
2899
3925
3460
1650
2809
3553
2314
1673
2902
3170
323
2000
1635
2809
2984
2547
2886
802
115
3780
999
3878
2397
2295
3858
1447
537
241
2209
3855
3366
1473
4703
642
2508
278
4383
1084
2433
2127
3594
567
1018
3113
522
2567
1943
978
1855
2269
1542
1907
2274
4130
3931
3477
2752
1890
4532
441
888
846
3330
1244
2734
3406
464
4433
1862
211
2996
1000
2613
367
2962
4978
782
566
3044
3178
100
4804
3559
3919
388
4586
3166
2838
1723
608
251
2710
3703
989
1994
4876
543
2007
4897
2787
4654
3799
2689
1707
4718
1908
1557
4481
2081
4169
3729
967
4615
3648
1729
4970
3474
4600
1789
3790
4384
4687
2000
1719
1397
2909
963
1000
2255
3985
4962
2739
783
1147
990
1926
2965
576
1611
1156
5000
1952
1979
2398
4818
833
1529
1610
497
4849
3141
2655
3865
1921
4545
949
564
4987
4000
4438
2724
3947
665
763
2324
1818
3748
1000
1518
3295
994
4217
2842
220
1759
1782
3452
4657
1427
4707
3817
100
500
500
500
500
500
500
500
500
500
500
500
500
500
500
500
500
500
500
500
500
500
500
500
500
500
500
500
500
500
500
500
500
500
500
500
500
500
500
500
500
500
500
500
500
500
500
500
500
500
500
500
500
500
500
500
500
500
500
500
500
500
500
500
500
500
500
500
500
500
500
500
500
500
500
500
500
500
500
500
500
500
500
500
500
500
500
500
500
500
500
500
500
500
500
500
500
500
500
500
500
100
499
499
499
499
499
499
499
499
499
499
499
499
499
499
499
499
499
499
499
499
499
499
499
499
499
499
499
499
499
499
499
499
499
499
499
499
499
499
499
499
499
499
499
499
499
499
499
499
499
499
501
501
501
501
501
501
501
501
501
501
501
501
501
501
501
501
501
501
501
501
501
501
501
501
501
501
501
501
501
501
501
501
501
501
501
501
501
501
501
501
501
501
501
501
501
501
501
501
501
501
100
4500
4500
4500
4500
4500
4500
4500
4500
4500
4500
4500
4500
4500
4500
4500
4500
4500
4500
4500
4500
4500
4500
4500
4500
4500
4500
4500
4500
4500
4500
4500
4500
4500
4500
4500
4500
4500
4500
4500
4500
4500
4500
4500
4500
4500
4500
4500
4500
4500
4500
4500
4500
4500
4500
4500
4500
4500
4500
4500
4500
4500
4500
4500
4500
4500
4500
4500
4500
4500
4500
4500
4500
4500
4500
4500
4500
4500
4500
4500
4500
4500
4500
4500
4500
4500
4500
4500
4500
4500
4500
4500
4500
4500
4500
4500
4500
4500
4500
4500
4500
100
1755
4509
3799
892
789
2082
282
728
4536
1878
4450
3669
1283
2802
4885
1323
2227
765
181
2000
1922
2800
1756
2000
3930
2838
1729
4000
4209
1983
4007
3540
996
2365
2977
3243
1221
4892
448
4113
4705
2507
2743
1948
3668
2000
1067
4799
2000
1773
4571
2578
4560
985
1738
3776
2012
3158
1994
1522
4994
573
682
2415
114
3453
1800
2863
3551
941
4150
3860
3287
234
2776
1426
1803
1696
3858
1165
3011
4026
2442
1629
4000
4825
3653
2480
3959
3138
4283
4624
4513
1802
2916
789
721
3683
2954
1256
100
2500
500
2500
500
500
3500
4500
4500
4500
4500
500
3500
500
3500
2500
1500
2500
2500
3500
3500
1500
1500
500
1500
4500
3500
3500
500
500
1500
1500
500
1500
500
4500
500
1500
4500
4500
1500
1500
1500
4500
1500
1500
500
500
3500
1500
2500
4500
500
2500
1500
2500
1500
1500
1500
2500
2500
1500
4500
2500
500
3500
500
500
3500
1500
3500
500
500
2500
1500
500
2500
4500
4500
2500
500
3500
1500
500
500
4500
500
3500
1500
3500
3500
500
3500
500
2500
4500
1500
500
3500
4500
500
100
135
4979
4836
834
3660
4044
1763
527
2548
3854
1810
3288
934
306
1066
908
3571
2899
3840
1000
440
3884
4919
1820
4095
3111
1488
1529
2680
3060
768
2912
2750
4757
640
3985
2334
1573
1796
639
876
4107
1210
3985
3979
638
2944
4094
2113
3865
3598
3977
3682
906
924
3911
4130
4786
393
2451
3980
1870
751
1729
4976
989
845
884
4733
1205
1266
2727
1561
1457
576
4984
3000
1555
2171
3716
2772
233
4054
2765
4956
2260
62
4315
4708
2802
2319
1934
771
3527
971
4000
549
1171
3462
4089
100
3219
4923
1633
4459
854
1161
1838
928
2246
4750
2825
2978
958
2725
4547
4585
630
4632
2665
3144
3188
2860
4651
1641
601
2293
1988
968
4346
4997
751
1225
2990
1921
4107
2122
4556
4829
1522
3816
1575
2943
1000
779
2988
4
4562
2560
3311
3748
1738
1519
717
997
473
3896
1945
2846
1852
1805
3208
680
4719
5000
2495
4968
783
2521
5000
84
4717
547
4126
4611
274
4081
3615
2850
4699
1288
3889
4523
4997
603
1594
869
813
1944
3850
1628
4976
4642
1840
3618
3991
916
4091
2893
2009
6
100
792
2961
5000
717
789
3244
3765
5000
1392
3647
4522
4745
2428
4000
3168
3215
1802
3138
3918
1635
1650
1928
4902
1896
1839
2466
4746
2958
285
4408
1804
2857
803
3779
4877
1321
469
1758
524
4680
4723
2673
3313
954
4665
2232
1610
4299
2294
3279
3000
4203
1000
2605
2671
1112
2000
3608
1436
2000
3846
828
2097
712
2939
4000
1905
1506
4830
2691
851
756
1827
3710
3950
1426
3970
4987
4826
1456
3703
540
4471
806
1238
2679
266
3205
3820
3670
1610
506
3370
2575
4759
3824
3231
4531
718
1837
100
651
1869
985
4771
595
1700
2606
108
203
4983
2845
1232
2350
3790
679
978
896
3000
782
598
600
3463
186
1120
4951
1719
645
3854
2670
3669
2585
3195
1945
3218
1998
4597
1882
839
2865
1910
1870
4725
4000
4474
861
2990
203
626
4765
1717
4652
546
1446
4885
4185
2590
4035
3461
2256
3521
4539
2189
4101
4305
958
3866
659
4374
2397
2137
3798
3521
2886
91
1717
1840
874
3203
4604
4358
2644
1396
1910
3292
4089
1269
3821
2060
1606
762
801
1493
4047
4808
1274
4873
3977
1750
3815
4730
100
712
715
2275
1880
855
2890
3000
2944
3564
978
488
4891
2824
2590
3574
541
3950
4129
2131
951
1606
3345
727
4847
2078
1998
2955
2897
1776
2155
4495
3478
194
906
831
2859
1787
4546
2226
3938
2503
4487
4798
3977
2928
3458
3000
2955
1280
1763
3425
489
715
4635
1817
451
1672
2979
4991
3709
1230
1023
4912
1000
2696
685
1978
1376
4899
3665
1556
2788
1919
3574
2387
2882
208
1608
1986
3998
1341
578
361
2886
4865
3308
4669
1768
1961
2709
3633
797
1903
2041
1847
3575
4535
167
287
3646
4
800
700
1600
600
4
300
700
1600
600
4
300
700
1600
650
3
1000
2000
500
3
250
250
1000
4
1251
667
876
299
100
1
1
1
1
1
1
1
1
1
1
1
1
1
1
1
1
1
1
1
1
1
1
1
1
1
1
1
1
1
1
1
1
1
1
1
1
1
1
1
1
1
1
1
1
1
1
1
1
1
1
1
1
1
1
1
1
1
1
1
1
1
1
1
1
1
1
1
1
1
1
1
1
1
1
1
1
1
1
1
1
1
1
1
1
1
1
1
1
1
1
1
1
1
1
1
1
1
1
1
1
100
2543
870
4947
2781
2469
1000
1000
940
4561
603
2601
3997
1726
3797
3916
2219
4608
2722
1725
750
1423
3438
3945
2865
1185
408
1533
959
2300
333
591
1921
4765
4801
763
4809
414
2772
2526
4981
1971
213
2234
100
2850
382
4989
4663
946
4584
1714
975
876
4400
3003
716
409
2697
3608
2525
3035
1949
2659
2247
4915
4645
961
3770
680
1826
2966
5000
3792
2050
2276
1528
3454
4282
761
3279
1279
4543
2652
2649
2204
3000
1197
2694
353
3993
1736
2145
1844
1957
1286
1784
2744
3983
991
4682
100
999
999
999
999
999
999
999
999
999
999
999
999
999
999
999
999
999
999
999
999
999
999
999
999
999
999
999
999
999
999
999
999
999
999
999
999
999
999
999
999
999
999
999
999
999
999
999
999
999
999
999
999
999
999
999
999
999
999
999
999
999
999
999
999
999
999
999
999
999
999
999
999
999
999
999
999
999
999
999
999
999
999
999
999
999
999
999
999
999
999
999
999
999
999
999
999
999
999
999
999
100
3000
4000
3000
1000
1000
3000
2000
2000
1000
2000
3000
1000
3000
4000
1000
3000
4000
2000
1000
2000
3000
1000
4000
3000
3000
2000
3000
3000
1000
4000
2000
1000
4000
1000
2000
4000
4000
4000
1000
1000
3000
4000
4000
1000
4000
1000
1000
1000
1000
1000
2000
2000
1000
3000
2000
1000
1000
2000
2000
4000
3000
3000
1000
1000
3000
3000
3000
3000
3000
3000
1000
4000
2000
3000
4000
3000
4000
2000
2000
3000
3000
2000
3000
4000
1000
3000
1000
2000
1000
1000
1000
4000
1000
3000
4000
1000
1000
4000
1000
4000
100
1999
779
2268
4067
1530
4455
3357
981
2786
3000
3287
4479
4743
188
2234
2892
1387
1495
2175
1865
4370
938
4286
2965
4055
3438
1458
4951
227
652
2835
4923
4997
2657
3518
2808
1651
3907
3823
3878
4479
3808
3746
274
852
3484
4520
3723
3048
1571
425
2925
3632
3117
220
307
4366
1925
3867
4096
4961
2917
1427
2929
5000
2350
2275
1452
1922
4974
4032
1614
2774
3451
1851
613
1512
1632
4967
2705
3863
4511
3634
3328
814
3944
862
250
1660
469
4589
2699
2027
2798
2182
685
4390
2823
422
2958
100
1929
1129
214
1340
1107
2819
1726
1763
2492
2962
1370
4529
1449
2868
1292
4426
2502
554
4831
4962
753
4619
3855
4615
3578
486
2809
2697
4569
2544
4600
1475
2935
1978
4647
2470
2856
1327
707
1083
3493
3035
2311
4978
1630
569
4932
2855
1000
1838
196
1547
2049
1000
4769
589
4964
898
1749
4671
4452
4695
4662
637
2976
1464
415
1936
4828
1793
3797
4697
2457
676
2387
818
1227
1221
1952
4749
797
3983
3688
1866
2625
2921
916
2605
4306
1000
4052
2757
3000
4081
3977
1596
4170
2466
137
735
100
1375
2899
192
42
1274
1831
1102
1169
506
4143
3228
3422
1677
4617
3368
4793
601
4856
3222
1000
4965
3683
2750
423
452
3592
4181
3085
4761
229
201
183
1168
3120
1115
4117
4541
2121
2008
4453
3974
311
2196
4390
2440
305
507
2721
138
2206
1165
3000
4428
2665
1319
3
528
784
2505
4843
3372
2816
4572
1327
2298
3911
1858
2399
1471
1346
2646
1787
201
5000
4201
2176
3571
1994
1903
4662
31
3820
2275
839
3864
273
936
98
1697
1071
2765
1008
3457
2031
2813
1861
4427
4064
2741
1731
0
