000100000
001000000
010000000
100000000
000000000
000000000
000000000
000000000
000000000

000110000
001100000
111000000
110000000
000000000
000000000
000000000
000000000
000000000

000111000
101110000
111100000
111000000
000000000
000000000
000000000
000000000
000000000

000111000
101110000
112100000
111000000
000000000
000000000
000000000
000000000
000000000

000111000
102110000
112200000
111000000
000000000
000000000
000000000
000000000
000000000

000111000
102210000
112200000
111000000
000000000
000000000
000000000
000000000
000000000

000111000
102210001
112201010
111000100
000000000
000000000
000000000
000000000
000000000

000111000
102211001
112201111
111000110
000000000
000000000
000000000
000000000
000000000

000111000
102211101
112201111
111000111
000000000
000000000
000000000
000000000
000000000

000111000
102211101
112201111
121000111
000000000
000000000
000000000
000000000
000000000

000111000
102211101
112201111
121000111
010000000
000000000
000000000
000000000
000000000

000111000
102211101
112201111
131000111
010000000
000000000
000000000
000000000
000000000

000111000
102211101
112201111
131000111
010000000
000000000
000000000
000000000
000000000

000111000
102211101
112201211
131000111
010000000
000000000
000000000
000000000
000000000

000211000
102211102
112201221
131000211
010000000
000000000
000000000
000000000
000000000

000221000
102211102
112201222
131000221
010000000
000000000
000000000
000000000
000000000

000221000
102211102
112201222
131000221
010000010
000000000
000000000
000000000
000000000

000221000
102211102
112201322
131000231
010000010
000000000
000000000
000000000
000000000

000221000
102211102
112201322
132000231
020000010
000000000
000000000
000000000
000000000

000221000
102211102
112201322
132000231
020000010
000000000
000000000
000000000
000000000

000321000
102211102
112201322
132000231
030000010
000000000
000000000
000000000
000000000

000331000
102211102
112201322
132000231
030000010
000000000
000000000
000000000
000000000

000331000
102211102
112201322
132000231
030101010
000010000
000000000
000000000
000000000

000331000
102211102
112201322
132000231
030101010
000010000
000000000
000000000
000000000

000331000
102211102
112201322
132000231
030101010
000010000
000000000
000000000
000000000

000331000
102211102
112201322
132000231
030101010
000010000
000000000
000000000
000000000

000331000
102211102
112201322
132000331
030101010
000010000
000000000
000000000
000000000

000331000
102211102
112201322
132000331
030101010
000010000
000000000
000000000
000000000

000331000
102211102
112201322
132000331
030101010
000010000
000000000
000000000
000000000

000331000
102311102
112201322
132000331
030101010
000010000
000000000
000000000
000000000

000331000
102311102
112201322
132000331
030101010
001010000
000100000
000000000
000000000

000331000
102311102
112201322
132000331
031101110
001111000
000110000
000000000
000000000

000331000
102311102
112201322
132000331
031101110
001111100
000111000
000000000
000000000

000331000
102311102
112201322
132000331
031101110
001111100
000111000
000000000
000000000

000331000
102311102
112201322
132000331
031101110
001111100
000111000
000000000
000000000

000331000
102311102
112201322
132000331
031101210
001111100
000111000
000000000
000000000

000331000
102311102
112201322
132000331
031101210
001111100
010111000
100000000
000000000

000331000
102311102
112201322
132000331
031101210
001111100
010111000
100000000
000000000

000331000
102311102
122201322
232000331
031102210
001121100
020211000
100000000
000000000

000331000
102311102
122201322
232000331
031102210
001122100
020221000
100000000
000000000

000331000
102311102
122201322
232000331
031102210
001122100
020221000
100010000
000000000

000331000
102311102
122201322
232000331
031102210
001122100
020231000
100010000
000000000

000331000
102311102
122201332
232000331
031102210
001132100
020231000
100010000
000000000

000331000
102311102
122201332
232000331
031102210
001132100
020231000
100010000
000000000

000331000
102311102
122201332
232000331
031102210
001132100
020231010
100010001
000000000

000331000
102311102
122201332
232000331
031102210
001132100
021231010
110010001
100000000

000331000
102311102
122201332
232000331
031102210
001132100
021231010
111010001
110000000

000331000
102311102
122201332
232000331
031102210
001132100
021231010
121010001
110000000

000331000
102311102
122201332
232000331
031102210
001132200
021232010
122020001
110000000

000331000
102311102
122201332
232000331
031102210
001132200
021232010
122020001
110000000

000331000
102311102
122201332
232000331
031102210
001132200
021332010
122030001
110000000

000331000
102311102
122201332
232000331
031102210
001132200
021332010
122030001
110000000

000331000
102311102
122201332
232000331
031102210
001132200
021332010
122030101
110000010

000331000
102311102
122201332
232000331
031102210
001132200
021332110
122030111
110000011

000331000
102311102
122201332
232000331
031102210
001132200
021332110
122030111
110000011

000331000
102311102
122201332
232000331
031102210
001132200
021332110
122030111
110000011

000331000
102311102
122201332
232000331
031202210
001132200
021332110
222030111
120000011

000331000
102311102
122201332
232000331
031202210
001132200
021332110
222030111
120000011

000331000
102311102
122201332
232000331
031202210
001132200
021332110
222030111
120000011

000331000
102311102
122201332
232000331
031202310
001132200
021332110
222030111
120000011

000331000
102311102
122201332
232000331
031202320
001132200
021332110
222030112
120000021

000331000
102311102
122201332
232000331
031202320
001132200
021332110
222030112
120000022

000331000
102311102
122201332
232000331
031202320
001132200
021332110
222030112
120000022

000331000
102311102
122201332
232000331
031202320
001132200
021332110
222030112
120000022

000331000
102311102
122201332
232000331
031202320
001132200
021332110
222030112
120000022

000331000
102311102
122201332
232000331
031202320
001132200
021332110
222030112
120000022

000331000
102311102
122201332
232000331
031202320
001132200
021332110
222030112
120001022

000331000
102311102
122201332
232000331
031202320
001132200
021332110
222030112
120001022

000331000
102311102
122201332
232000331
031202320
001132200
021332110
222030112
120101022

000331000
102311102
122201332
232000331
031202320
001132200
021332110
222030112
120101022

000331000
102311102
122201332
232000331
031202320
001132200
021332110
222030112
120102022

000331000
102311102
122201332
232000331
031202320
001132200
021332110
222030112
120102022

000331000
102311102
122201332
232000331
031202320
001132200
021332110
222030112
120202022

000331000
102311102
122201332
232000331
031202320
001132200
021332110
222030112
120202022

000331000
102311102
122201332
232000331
031202320
001132200
021332110
222030112
120202022

000331000
102311102
122201332
232000331
031202320
001132200
021332110
232030112
120202022

000331000
102311102
122201332
232000331
031202320
001132200
021332110
232030112
120202022

000331000
102311102
122201332
232000331
031202320
001133200
021332110
232030112
120202023

000331000
102311102
122201332
232000331
031202320
001133200
021332110
232030112
120202023

000331000
102311102
122201332
232000331
031202320
001133200
021332110
232030112
120202023

000331000
102311102
122201332
232000331
031202320
001133200
021332110
232030112
120202023

000331000
102311102
122201332
232000331
031202320
001133200
021332110
232030112
120202023

RRRBBYRRR
YRGBYYYRG
YGGGRYBBG
GBGRRRBBY
RBYGRGBGR
RRYYBBGRR
RGYBBGYYR
GBGRBRYYG
YGRGRGRGB
