207581165
172146543
30
4725448
2753824
6019698
4199708
4070001
3589497 
5358499
3637585
5393667
2837466 
2747807  2918199  3638042  5199002  3072044  3858909  3762101  3657754  3218704  3888861 
3195689  4768935  3137633  4124272  4125056  6087486  3632970  3620489  2748765  5917493 
3958996  3335021  3517186  5543440  2951006  3403270  3299481  3093204  4092331


5702812  6805664  6823687  5337687  4286533  4999849  6567411  4563235  6618139  6260135 
6249469  3821449  5963157  6385012  4255959  5786920  6112817  4103918  6371537  4231698 
3409172  6806782  5623563  4511221  6407338  6491490  5209517  6076093  6530132  6111464 
5833839  6253088  5595160  6236805  5772388  5285713  5617002  4650978  5234740
