1000 500
847 927
841 904
983 984
17 46
830 935
849 855
18 40
882 895
856 921
826 928
9 91
35 45
885 899
849 909
831 890
834 878
896 920
17 87
831 858
892 910
41 46
843 907
14 60
29 66
20 37
852 880
838 855
23 28
876 883
837 859
21 80
822 827
27 43
21 49
831 871
853 887
872 907
845 847
829 849
826 845
18 79
833 865
854 929
954 957
34 70
36 77
827 840
13 85
62 72
2 76
933 937
838 862
844 855
982 984
862 933
862 889
850 885
59 69
904 921
824 864
902 915
5 85
911 917
10 23
23 59
821 823
860 910
951 991
10 63
37 55
819 875
22 79
869 873
17 81
14 59
971 991
59 74
834 883
9 52
847 893
834 897
965 976
34 71
29 71
959 961
962 999
923 929
843 881
43 48
875 895
14 17
22 36
880 916
969 987
31 68
970 982
816 884
930 932
905 911
821 854
21 79
50 67
837 919
912 918
817 841
848 865
898 911
856 912
33 60
919 921
69 82
864 891
894 924
833 845
951 955
876 933
827 875
886 924
819 870
864 889
845 853
824 933
905 924
822 863
822 867
14 50
818 839
879 934
977 998
47 78
37 79
20 30
838 869
877 919
5 33
967 971
822 889
903 913
849 889
847 892
875 883
983 992
816 911
848 880
831 927
56 67
822 917
5 62
21 52
891 902
868 928
864 902
59 78
849 856
32 53
864 901
860 922
840 874
835 839
857 898
895 907
875 889
883 925
822 823
840 911
890 911
817 867
7 28
860 904
11 15
849 890
830 877
8 58
9 89
25 33
835 919
70 73
841 898
839 871
824 891
822 927
70 92
36 82
865 918
984 995
819 931
829 872
859 932
980 991
12 57
821 909
893 937
891 932
40 85
48 64
823 837
17 61
852 866
824 843
881 882
857 936
20 25
63 85
866 884
24 75
825 934
57 89
827 917
14 21
906 920
968 979
830 840
38 64
29 80
44 55
37 60
840 895
867 925
959 980
839 858
881 897
705 706
821 915
849 938
844 884
857 931
18 42
857 923
816 914
835 854
831 833
18 52
851 924
890 920
892 912
882 917
63 82
24 79
57 79
817 901
11 21
44 83
914 915
46 62
823 839
26 49
828 893
6 11
951 961
823 855
841 922
862 907
877 933
7 61
819 834
821 879
862 875
828 927
21 47
20 33
11 86
848 885
35 50
860 897
827 842
12 14
833 913
877 929
34 80
894 921
33 58
40 54
19 43
17 66
831 842
834 859
40 86
4 50
840 843
29 77
823 861
29 54
934 938
41 48
33 62
58 75
852 898
952 957
879 886
878 894
12 36
895 903
823 895
42 81
841 842
954 969
57 67
20 88
861 864
830 895
970 987
955 963
867 905
14 67
4 80
47 50
844 921
42 88
48 55
32 80
823 905
860 937
89 91
76 77
976 977
834 860
849 859
849 900
828 835
824 846
824 865
831 888
64 79
911 933
869 894
914 917
885 904
14 82
5 88
835 917
841 854
977 986
828 860
70 80
12 78
829 883
843 888
852 911
869 885
910 917
895 924
30 54
845 883
35 58
832 869
842 850
869 904
30 79
45 57
39 78
847 877
856 888
869 928
964 1000
842 855
832 874
895 897
821 847
843 862
896 929
974 989
33 63
899 911
824 882
833 834
921 922
957 994
21 87
837 848
854 859
8 42
821 922
900 928
847 912
848 915
817 922
39 58
819 933
841 894
829 924
851 886
31 46
34 36
820 839
22 27
872 911
955 978
978 985
34 63
834 852
901 905
35 44
858 896
854 888
847 907
39 68
843 900
843 937
712 719
25 50
45 82
817 936
853 871
21 26
8 43
36 44
829 934
47 58
853 898
12 79
863 900
47 74
39 84
957 960
853 913
718 719
857 858
855 875
79 91
950 959
22 70
36 48
15 28
889 912
901 918
855 901
15 32
824 932
49 53
825 867
855 920
830 913
889 919
37 62
858 859
901 907
816 877
25 60
28 71
978 991
39 60
950 972
40 80
825 912
878 897
960 989
889 908
861 871
862 919
29 49
818 894
869 935
68 69
873 914
873 922
49 79
50 62
873 923
874 918
820 924
966 971
50 70
968 989
890 897
970 998
971 994
973 991
974 1000
988 996
1 64
3 25
3 44
3 86
12 92
50 86
820 893
9 27
13 38
16 37
818 916
52 70
56 58
19 37
19 50
19 57
56 68
66 86
67 89
69 70
76 89
78 87
80 91
82 85
87 88
702 709
702 712
703 714
704 718
735 739
816 876
