7 7
20 20
16 9 7
765 765
86 79 7
60 6 54
20 9 2 9
7823 7823
443 439 4
161 78 83
26 12 7 7
299 7 292
rejected
28 7 4 17
rejected
70825 70825
8872 8872 0
276 226 50
rejected
rejected
rejected
108 82 5 21
rejected
4887 3 4884
629 7 617 5
108 3 87 18
rejected
891 6 2 883
rejected
rejected
22 2 2 9 7 2
835097 835097
61170 61170 0
6946 6855 91
rejected
1132 972 160
181 138 37 6
234 204 7 23
rejected
7710 83 7627
548 21 520 7
rejected
rejected
445 20 2 423
85 42 5 34 4
85 28 9 9 39
rejected
98880 9 98871
9191 9 9175 7
259 6 229 24
rejected
319 8 94 217
103 4 23 70 6
rejected
39 3 14 5 9 8
rejected
960 5 5 947 3
100 6 6 49 39
rejected
899 6 5 5 883
97 7 8 8 68 6
44 9 4 4 6 21
31 8 6 3 4 6 4
error
44957 44957
615 9 31 575
error
error
55 9 7 4 5 30
95 33 54 8
rejected
rejected
94 3 6 58 27
rejected
rejected
