100
1000000 10000
1000000 10001
1000000 10002
1000000 10003
1000000 10000
1000000 10001
1000000 10002
1000000 10003
1000000 10000
1000000 10001
1000000 10002
1000000 10003
1000000 10000
1000000 10001
1000000 10002
1000000 10003
1000000 10000
1000000 10001
1000000 10002
1000000 10003
1000000 10000
1000000 10001
1000000 10002
1000000 10003
1000000 10000
1000000 10001
1000000 10002
1000000 10003
1000000 10000
1000000 10001
1000000 10002
1000000 10003
1000000 10000
1000000 10001
1000000 10002
1000000 10003
1000000 10000
1000000 10001
1000000 10002
1000000 10003
1000000 10000
1000000 10001
1000000 10002
1000000 10003
1000000 10000
1000000 10001
1000000 10002
1000000 10003
1000000 10000
1000000 10001
1000000 10002
1000000 10003
1000000 10000
1000000 10001
1000000 10002
1000000 10003
1000000 10000
1000000 10001
1000000 10002
1000000 10003
1000000 10000
1000000 10001
1000000 10002
1000000 10003
1000000 10000
1000000 10001
1000000 10002
1000000 10003
1000000 10000
1000000 10001
1000000 10002
1000000 10003
1000000 10000
1000000 10001
1000000 10002
1000000 10003
1000000 10000
1000000 10001
1000000 10002
1000000 10003
1000000 10000
1000000 10001
1000000 10002
1000000 10003
1000000 10000
1000000 10001
1000000 10002
1000000 10003
1000000 10000
1000000 10001
1000000 10002
1000000 10003
1000000 10000
1000000 10001
1000000 10002
1000000 10003
1000000 10000
1000000 10001
1000000 10002
1000000 10003
